   0.0000000e+00   4.0357159e-01   7.6870778e-02   9.1512831e-02   1.0894385e-01   1.2969506e-01   1.5439888e-01   1.8380819e-01   2.1881927e-01   2.6049913e-01
   1.6142863e-02   3.8742872e-01   7.6870778e-02   9.1512831e-02   1.0894385e-01   1.2969506e-01   1.5439888e-01   1.8380819e-01   2.1881927e-01   2.6049913e-01
   3.2285727e-02   3.7128586e-01   7.6870778e-02   9.1512831e-02   1.0894385e-01   1.2969506e-01   1.5439888e-01   1.8380819e-01   2.1881927e-01   2.6049913e-01
   4.8428590e-02   3.5514299e-01   7.6870778e-02   9.1512831e-02   1.0894385e-01   1.2969506e-01   1.5439888e-01   1.8380819e-01   2.1881927e-01   2.6049913e-01
   6.4571454e-02   3.3900013e-01   7.6870778e-02   9.1512831e-02   1.0894385e-01   1.2969506e-01   1.5439888e-01   1.8380819e-01   2.1881927e-01   2.6049913e-01
   8.0714317e-02   3.2285727e-01   7.6870778e-02   9.1512831e-02   1.0894385e-01   1.2969506e-01   1.5439888e-01   1.8380819e-01   2.1881927e-01   2.6049913e-01
   9.6857180e-02   3.0671440e-01   7.6870778e-02   9.1512831e-02   1.0894385e-01   1.2969506e-01   1.5439888e-01   1.8380819e-01   2.1881927e-01   2.6049913e-01
   1.1300004e-01   2.9057154e-01   7.6870778e-02   9.1512831e-02   1.0894385e-01   1.2969506e-01   1.5439888e-01   1.8380819e-01   2.1881927e-01   2.6049913e-01
   1.2914291e-01   2.7442868e-01   7.6870778e-02   9.1512831e-02   1.0894385e-01   1.2969506e-01   1.5439888e-01   1.8380819e-01   2.1881927e-01   2.6049913e-01
   1.4528577e-01   2.5828581e-01   7.6870778e-02   9.1512831e-02   1.0894385e-01   1.2969506e-01   1.5439888e-01   1.8380819e-01   2.1881927e-01   2.6049913e-01
   1.6142863e-01   2.4214295e-01   7.6870778e-02   9.1512831e-02   1.0894385e-01   1.2969506e-01   1.5439888e-01   1.8380819e-01   2.1881927e-01   2.6049913e-01
   1.7757150e-01   2.2600009e-01   7.6870778e-02   9.1512831e-02   1.0894385e-01   1.2969506e-01   1.5439888e-01   1.8380819e-01   2.1881927e-01   2.6049913e-01
   1.9371436e-01   2.0985722e-01   7.6870778e-02   9.1512831e-02   1.0894385e-01   1.2969506e-01   1.5439888e-01   1.8380819e-01   2.1881927e-01   2.6049913e-01
   2.0985722e-01   1.9371436e-01   7.6870778e-02   9.1512831e-02   1.0894385e-01   1.2969506e-01   1.5439888e-01   1.8380819e-01   2.1881927e-01   2.6049913e-01
   2.2600009e-01   1.7757150e-01   7.6870778e-02   9.1512831e-02   1.0894385e-01   1.2969506e-01   1.5439888e-01   1.8380819e-01   2.1881927e-01   2.6049913e-01
   2.4214295e-01   1.6142863e-01   7.6870778e-02   9.1512831e-02   1.0894385e-01   1.2969506e-01   1.5439888e-01   1.8380819e-01   2.1881927e-01   2.6049913e-01
   2.5828581e-01   1.4528577e-01   7.6870778e-02   9.1512831e-02   1.0894385e-01   1.2969506e-01   1.5439888e-01   1.8380819e-01   2.1881927e-01   2.6049913e-01
   2.7442868e-01   1.2914291e-01   7.6870778e-02   9.1512831e-02   1.0894385e-01   1.2969506e-01   1.5439888e-01   1.8380819e-01   2.1881927e-01   2.6049913e-01
   2.9057154e-01   1.1300004e-01   7.6870778e-02   9.1512831e-02   1.0894385e-01   1.2969506e-01   1.5439888e-01   1.8380819e-01   2.1881927e-01   2.6049913e-01
   3.0671440e-01   9.6857180e-02   7.6870778e-02   9.1512831e-02   1.0894385e-01   1.2969506e-01   1.5439888e-01   1.8380819e-01   2.1881927e-01   2.6049913e-01
   3.2285727e-01   8.0714317e-02   7.6870778e-02   9.1512831e-02   1.0894385e-01   1.2969506e-01   1.5439888e-01   1.8380819e-01   2.1881927e-01   2.6049913e-01
   3.3900013e-01   6.4571454e-02   7.6870778e-02   9.1512831e-02   1.0894385e-01   1.2969506e-01   1.5439888e-01   1.8380819e-01   2.1881927e-01   2.6049913e-01
   3.5514299e-01   4.8428590e-02   7.6870778e-02   9.1512831e-02   1.0894385e-01   1.2969506e-01   1.5439888e-01   1.8380819e-01   2.1881927e-01   2.6049913e-01
   3.7128586e-01   3.2285727e-02   7.6870778e-02   9.1512831e-02   1.0894385e-01   1.2969506e-01   1.5439888e-01   1.8380819e-01   2.1881927e-01   2.6049913e-01
   3.8742872e-01   1.6142863e-02   7.6870778e-02   9.1512831e-02   1.0894385e-01   1.2969506e-01   1.5439888e-01   1.8380819e-01   2.1881927e-01   2.6049913e-01
   4.0357159e-01   0.0000000e+00   7.6870778e-02   9.1512831e-02   1.0894385e-01   1.2969506e-01   1.5439888e-01   1.8380819e-01   2.1881927e-01   2.6049913e-01
