   0.0000000e+00   1.2948202e-01   1.4027218e-01   2.9223372e-01   6.0882024e-01
   5.1792806e-03   1.2430274e-01   1.4027218e-01   2.9223372e-01   6.0882024e-01
   1.0358561e-02   1.1912345e-01   1.4027218e-01   2.9223372e-01   6.0882024e-01
   1.5537842e-02   1.1394417e-01   1.4027218e-01   2.9223372e-01   6.0882024e-01
   2.0717123e-02   1.0876489e-01   1.4027218e-01   2.9223372e-01   6.0882024e-01
   2.5896403e-02   1.0358561e-01   1.4027218e-01   2.9223372e-01   6.0882024e-01
   3.1075684e-02   9.8406332e-02   1.4027218e-01   2.9223372e-01   6.0882024e-01
   3.6254964e-02   9.3227052e-02   1.4027218e-01   2.9223372e-01   6.0882024e-01
   4.1434245e-02   8.8047771e-02   1.4027218e-01   2.9223372e-01   6.0882024e-01
   4.6613526e-02   8.2868490e-02   1.4027218e-01   2.9223372e-01   6.0882024e-01
   5.1792806e-02   7.7689210e-02   1.4027218e-01   2.9223372e-01   6.0882024e-01
   5.6972087e-02   7.2509929e-02   1.4027218e-01   2.9223372e-01   6.0882024e-01
   6.2151368e-02   6.7330648e-02   1.4027218e-01   2.9223372e-01   6.0882024e-01
   6.7330648e-02   6.2151368e-02   1.4027218e-01   2.9223372e-01   6.0882024e-01
   7.2509929e-02   5.6972087e-02   1.4027218e-01   2.9223372e-01   6.0882024e-01
   7.7689210e-02   5.1792806e-02   1.4027218e-01   2.9223372e-01   6.0882024e-01
   8.2868490e-02   4.6613526e-02   1.4027218e-01   2.9223372e-01   6.0882024e-01
   8.8047771e-02   4.1434245e-02   1.4027218e-01   2.9223372e-01   6.0882024e-01
   9.3227052e-02   3.6254964e-02   1.4027218e-01   2.9223372e-01   6.0882024e-01
   9.8406332e-02   3.1075684e-02   1.4027218e-01   2.9223372e-01   6.0882024e-01
   1.0358561e-01   2.5896403e-02   1.4027218e-01   2.9223372e-01   6.0882024e-01
   1.0876489e-01   2.0717123e-02   1.4027218e-01   2.9223372e-01   6.0882024e-01
   1.1394417e-01   1.5537842e-02   1.4027218e-01   2.9223372e-01   6.0882024e-01
   1.1912345e-01   1.0358561e-02   1.4027218e-01   2.9223372e-01   6.0882024e-01
   1.2430274e-01   5.1792806e-03   1.4027218e-01   2.9223372e-01   6.0882024e-01
   1.2948202e-01   0.0000000e+00   1.4027218e-01   2.9223372e-01   6.0882024e-01
