   0.0000000e+00   1.4319675e-02   1.5512981e-02   3.2318711e-02   6.7330648e-02   1.4027218e-01   2.9223372e-01   6.0882024e-01
   5.7278700e-04   1.3746888e-02   1.5512981e-02   3.2318711e-02   6.7330648e-02   1.4027218e-01   2.9223372e-01   6.0882024e-01
   1.1455740e-03   1.3174101e-02   1.5512981e-02   3.2318711e-02   6.7330648e-02   1.4027218e-01   2.9223372e-01   6.0882024e-01
   1.7183610e-03   1.2601314e-02   1.5512981e-02   3.2318711e-02   6.7330648e-02   1.4027218e-01   2.9223372e-01   6.0882024e-01
   2.2911480e-03   1.2028527e-02   1.5512981e-02   3.2318711e-02   6.7330648e-02   1.4027218e-01   2.9223372e-01   6.0882024e-01
   2.8639350e-03   1.1455740e-02   1.5512981e-02   3.2318711e-02   6.7330648e-02   1.4027218e-01   2.9223372e-01   6.0882024e-01
   3.4367220e-03   1.0882953e-02   1.5512981e-02   3.2318711e-02   6.7330648e-02   1.4027218e-01   2.9223372e-01   6.0882024e-01
   4.0095090e-03   1.0310166e-02   1.5512981e-02   3.2318711e-02   6.7330648e-02   1.4027218e-01   2.9223372e-01   6.0882024e-01
   4.5822960e-03   9.7373791e-03   1.5512981e-02   3.2318711e-02   6.7330648e-02   1.4027218e-01   2.9223372e-01   6.0882024e-01
   5.1550830e-03   9.1645921e-03   1.5512981e-02   3.2318711e-02   6.7330648e-02   1.4027218e-01   2.9223372e-01   6.0882024e-01
   5.7278700e-03   8.5918051e-03   1.5512981e-02   3.2318711e-02   6.7330648e-02   1.4027218e-01   2.9223372e-01   6.0882024e-01
   6.3006571e-03   8.0190181e-03   1.5512981e-02   3.2318711e-02   6.7330648e-02   1.4027218e-01   2.9223372e-01   6.0882024e-01
   6.8734441e-03   7.4462311e-03   1.5512981e-02   3.2318711e-02   6.7330648e-02   1.4027218e-01   2.9223372e-01   6.0882024e-01
   7.4462311e-03   6.8734441e-03   1.5512981e-02   3.2318711e-02   6.7330648e-02   1.4027218e-01   2.9223372e-01   6.0882024e-01
   8.0190181e-03   6.3006571e-03   1.5512981e-02   3.2318711e-02   6.7330648e-02   1.4027218e-01   2.9223372e-01   6.0882024e-01
   8.5918051e-03   5.7278700e-03   1.5512981e-02   3.2318711e-02   6.7330648e-02   1.4027218e-01   2.9223372e-01   6.0882024e-01
   9.1645921e-03   5.1550830e-03   1.5512981e-02   3.2318711e-02   6.7330648e-02   1.4027218e-01   2.9223372e-01   6.0882024e-01
   9.7373791e-03   4.5822960e-03   1.5512981e-02   3.2318711e-02   6.7330648e-02   1.4027218e-01   2.9223372e-01   6.0882024e-01
   1.0310166e-02   4.0095090e-03   1.5512981e-02   3.2318711e-02   6.7330648e-02   1.4027218e-01   2.9223372e-01   6.0882024e-01
   1.0882953e-02   3.4367220e-03   1.5512981e-02   3.2318711e-02   6.7330648e-02   1.4027218e-01   2.9223372e-01   6.0882024e-01
   1.1455740e-02   2.8639350e-03   1.5512981e-02   3.2318711e-02   6.7330648e-02   1.4027218e-01   2.9223372e-01   6.0882024e-01
   1.2028527e-02   2.2911480e-03   1.5512981e-02   3.2318711e-02   6.7330648e-02   1.4027218e-01   2.9223372e-01   6.0882024e-01
   1.2601314e-02   1.7183610e-03   1.5512981e-02   3.2318711e-02   6.7330648e-02   1.4027218e-01   2.9223372e-01   6.0882024e-01
   1.3174101e-02   1.1455740e-03   1.5512981e-02   3.2318711e-02   6.7330648e-02   1.4027218e-01   2.9223372e-01   6.0882024e-01
   1.3746888e-02   5.7278700e-04   1.5512981e-02   3.2318711e-02   6.7330648e-02   1.4027218e-01   2.9223372e-01   6.0882024e-01
   1.4319675e-02   0.0000000e+00   1.5512981e-02   3.2318711e-02   6.7330648e-02   1.4027218e-01   2.9223372e-01   6.0882024e-01
