   0.0000000e+00   1.3676204e+00   2.6049913e-01
   5.4704817e-02   1.3129156e+00   2.6049913e-01
   1.0940963e-01   1.2582108e+00   2.6049913e-01
   1.6411445e-01   1.2035060e+00   2.6049913e-01
   2.1881927e-01   1.1488012e+00   2.6049913e-01
   2.7352408e-01   1.0940963e+00   2.6049913e-01
   3.2822890e-01   1.0393915e+00   2.6049913e-01
   3.8293372e-01   9.8468671e-01   2.6049913e-01
   4.3763854e-01   9.2998189e-01   2.6049913e-01
   4.9234335e-01   8.7527707e-01   2.6049913e-01
   5.4704817e-01   8.2057225e-01   2.6049913e-01
   6.0175299e-01   7.6586744e-01   2.6049913e-01
   6.5645780e-01   7.1116262e-01   2.6049913e-01
   7.1116262e-01   6.5645780e-01   2.6049913e-01
   7.6586744e-01   6.0175299e-01   2.6049913e-01
   8.2057225e-01   5.4704817e-01   2.6049913e-01
   8.7527707e-01   4.9234335e-01   2.6049913e-01
   9.2998189e-01   4.3763854e-01   2.6049913e-01
   9.8468671e-01   3.8293372e-01   2.6049913e-01
   1.0393915e+00   3.2822890e-01   2.6049913e-01
   1.0940963e+00   2.7352408e-01   2.6049913e-01
   1.1488012e+00   2.1881927e-01   2.6049913e-01
   1.2035060e+00   1.6411445e-01   2.6049913e-01
   1.2582108e+00   1.0940963e-01   2.6049913e-01
   1.3129156e+00   5.4704817e-02   2.6049913e-01
   1.3676204e+00   0.0000000e+00   2.6049913e-01
