   0.0000000e+00   5.6198792e-01   6.0882024e-01
   2.2479517e-02   5.3950840e-01   6.0882024e-01
   4.4959033e-02   5.1702888e-01   6.0882024e-01
   6.7438550e-02   4.9454937e-01   6.0882024e-01
   8.9918067e-02   4.7206985e-01   6.0882024e-01
   1.1239758e-01   4.4959033e-01   6.0882024e-01
   1.3487710e-01   4.2711082e-01   6.0882024e-01
   1.5735662e-01   4.0463130e-01   6.0882024e-01
   1.7983613e-01   3.8215178e-01   6.0882024e-01
   2.0231565e-01   3.5967227e-01   6.0882024e-01
   2.2479517e-01   3.3719275e-01   6.0882024e-01
   2.4727468e-01   3.1471323e-01   6.0882024e-01
   2.6975420e-01   2.9223372e-01   6.0882024e-01
   2.9223372e-01   2.6975420e-01   6.0882024e-01
   3.1471323e-01   2.4727468e-01   6.0882024e-01
   3.3719275e-01   2.2479517e-01   6.0882024e-01
   3.5967227e-01   2.0231565e-01   6.0882024e-01
   3.8215178e-01   1.7983613e-01   6.0882024e-01
   4.0463130e-01   1.5735662e-01   6.0882024e-01
   4.2711082e-01   1.3487710e-01   6.0882024e-01
   4.4959033e-01   1.1239758e-01   6.0882024e-01
   4.7206985e-01   8.9918067e-02   6.0882024e-01
   4.9454937e-01   6.7438550e-02   6.0882024e-01
   5.1702888e-01   4.4959033e-02   6.0882024e-01
   5.3950840e-01   2.2479517e-02   6.0882024e-01
   5.6198792e-01   0.0000000e+00   6.0882024e-01
