   0.0000000e+00   5.7195519e-01   1.0894385e-01   1.2969506e-01   1.5439888e-01   1.8380819e-01   2.1881927e-01   2.6049913e-01
   2.2878208e-02   5.4907699e-01   1.0894385e-01   1.2969506e-01   1.5439888e-01   1.8380819e-01   2.1881927e-01   2.6049913e-01
   4.5756416e-02   5.2619878e-01   1.0894385e-01   1.2969506e-01   1.5439888e-01   1.8380819e-01   2.1881927e-01   2.6049913e-01
   6.8634623e-02   5.0332057e-01   1.0894385e-01   1.2969506e-01   1.5439888e-01   1.8380819e-01   2.1881927e-01   2.6049913e-01
   9.1512831e-02   4.8044236e-01   1.0894385e-01   1.2969506e-01   1.5439888e-01   1.8380819e-01   2.1881927e-01   2.6049913e-01
   1.1439104e-01   4.5756416e-01   1.0894385e-01   1.2969506e-01   1.5439888e-01   1.8380819e-01   2.1881927e-01   2.6049913e-01
   1.3726925e-01   4.3468595e-01   1.0894385e-01   1.2969506e-01   1.5439888e-01   1.8380819e-01   2.1881927e-01   2.6049913e-01
   1.6014745e-01   4.1180774e-01   1.0894385e-01   1.2969506e-01   1.5439888e-01   1.8380819e-01   2.1881927e-01   2.6049913e-01
   1.8302566e-01   3.8892953e-01   1.0894385e-01   1.2969506e-01   1.5439888e-01   1.8380819e-01   2.1881927e-01   2.6049913e-01
   2.0590387e-01   3.6605132e-01   1.0894385e-01   1.2969506e-01   1.5439888e-01   1.8380819e-01   2.1881927e-01   2.6049913e-01
   2.2878208e-01   3.4317312e-01   1.0894385e-01   1.2969506e-01   1.5439888e-01   1.8380819e-01   2.1881927e-01   2.6049913e-01
   2.5166029e-01   3.2029491e-01   1.0894385e-01   1.2969506e-01   1.5439888e-01   1.8380819e-01   2.1881927e-01   2.6049913e-01
   2.7453849e-01   2.9741670e-01   1.0894385e-01   1.2969506e-01   1.5439888e-01   1.8380819e-01   2.1881927e-01   2.6049913e-01
   2.9741670e-01   2.7453849e-01   1.0894385e-01   1.2969506e-01   1.5439888e-01   1.8380819e-01   2.1881927e-01   2.6049913e-01
   3.2029491e-01   2.5166029e-01   1.0894385e-01   1.2969506e-01   1.5439888e-01   1.8380819e-01   2.1881927e-01   2.6049913e-01
   3.4317312e-01   2.2878208e-01   1.0894385e-01   1.2969506e-01   1.5439888e-01   1.8380819e-01   2.1881927e-01   2.6049913e-01
   3.6605132e-01   2.0590387e-01   1.0894385e-01   1.2969506e-01   1.5439888e-01   1.8380819e-01   2.1881927e-01   2.6049913e-01
   3.8892953e-01   1.8302566e-01   1.0894385e-01   1.2969506e-01   1.5439888e-01   1.8380819e-01   2.1881927e-01   2.6049913e-01
   4.1180774e-01   1.6014745e-01   1.0894385e-01   1.2969506e-01   1.5439888e-01   1.8380819e-01   2.1881927e-01   2.6049913e-01
   4.3468595e-01   1.3726925e-01   1.0894385e-01   1.2969506e-01   1.5439888e-01   1.8380819e-01   2.1881927e-01   2.6049913e-01
   4.5756416e-01   1.1439104e-01   1.0894385e-01   1.2969506e-01   1.5439888e-01   1.8380819e-01   2.1881927e-01   2.6049913e-01
   4.8044236e-01   9.1512831e-02   1.0894385e-01   1.2969506e-01   1.5439888e-01   1.8380819e-01   2.1881927e-01   2.6049913e-01
   5.0332057e-01   6.8634623e-02   1.0894385e-01   1.2969506e-01   1.5439888e-01   1.8380819e-01   2.1881927e-01   2.6049913e-01
   5.2619878e-01   4.5756416e-02   1.0894385e-01   1.2969506e-01   1.5439888e-01   1.8380819e-01   2.1881927e-01   2.6049913e-01
   5.4907699e-01   2.2878208e-02   1.0894385e-01   1.2969506e-01   1.5439888e-01   1.8380819e-01   2.1881927e-01   2.6049913e-01
   5.7195519e-01   0.0000000e+00   1.0894385e-01   1.2969506e-01   1.5439888e-01   1.8380819e-01   2.1881927e-01   2.6049913e-01
