   0.0000000e+00   9.6499297e-01   1.8380819e-01   2.1881927e-01   2.6049913e-01
   3.8599719e-02   9.2639325e-01   1.8380819e-01   2.1881927e-01   2.6049913e-01
   7.7199438e-02   8.8779353e-01   1.8380819e-01   2.1881927e-01   2.6049913e-01
   1.1579916e-01   8.4919382e-01   1.8380819e-01   2.1881927e-01   2.6049913e-01
   1.5439888e-01   8.1059410e-01   1.8380819e-01   2.1881927e-01   2.6049913e-01
   1.9299859e-01   7.7199438e-01   1.8380819e-01   2.1881927e-01   2.6049913e-01
   2.3159831e-01   7.3339466e-01   1.8380819e-01   2.1881927e-01   2.6049913e-01
   2.7019803e-01   6.9479494e-01   1.8380819e-01   2.1881927e-01   2.6049913e-01
   3.0879775e-01   6.5619522e-01   1.8380819e-01   2.1881927e-01   2.6049913e-01
   3.4739747e-01   6.1759550e-01   1.8380819e-01   2.1881927e-01   2.6049913e-01
   3.8599719e-01   5.7899578e-01   1.8380819e-01   2.1881927e-01   2.6049913e-01
   4.2459691e-01   5.4039606e-01   1.8380819e-01   2.1881927e-01   2.6049913e-01
   4.6319663e-01   5.0179635e-01   1.8380819e-01   2.1881927e-01   2.6049913e-01
   5.0179635e-01   4.6319663e-01   1.8380819e-01   2.1881927e-01   2.6049913e-01
   5.4039606e-01   4.2459691e-01   1.8380819e-01   2.1881927e-01   2.6049913e-01
   5.7899578e-01   3.8599719e-01   1.8380819e-01   2.1881927e-01   2.6049913e-01
   6.1759550e-01   3.4739747e-01   1.8380819e-01   2.1881927e-01   2.6049913e-01
   6.5619522e-01   3.0879775e-01   1.8380819e-01   2.1881927e-01   2.6049913e-01
   6.9479494e-01   2.7019803e-01   1.8380819e-01   2.1881927e-01   2.6049913e-01
   7.3339466e-01   2.3159831e-01   1.8380819e-01   2.1881927e-01   2.6049913e-01
   7.7199438e-01   1.9299859e-01   1.8380819e-01   2.1881927e-01   2.6049913e-01
   8.1059410e-01   1.5439888e-01   1.8380819e-01   2.1881927e-01   2.6049913e-01
   8.4919382e-01   1.1579916e-01   1.8380819e-01   2.1881927e-01   2.6049913e-01
   8.8779353e-01   7.7199438e-02   1.8380819e-01   2.1881927e-01   2.6049913e-01
   9.2639325e-01   3.8599719e-02   1.8380819e-01   2.1881927e-01   2.6049913e-01
   9.6499297e-01   0.0000000e+00   1.8380819e-01   2.1881927e-01   2.6049913e-01
