   0.0000000e+00   3.2992531e-03   3.5741909e-03   7.4462311e-03   1.5512981e-02   3.2318711e-02   6.7330648e-02   1.4027218e-01   2.9223372e-01   6.0882024e-01
   1.3197013e-04   3.1672830e-03   3.5741909e-03   7.4462311e-03   1.5512981e-02   3.2318711e-02   6.7330648e-02   1.4027218e-01   2.9223372e-01   6.0882024e-01
   2.6394025e-04   3.0353129e-03   3.5741909e-03   7.4462311e-03   1.5512981e-02   3.2318711e-02   6.7330648e-02   1.4027218e-01   2.9223372e-01   6.0882024e-01
   3.9591038e-04   2.9033428e-03   3.5741909e-03   7.4462311e-03   1.5512981e-02   3.2318711e-02   6.7330648e-02   1.4027218e-01   2.9223372e-01   6.0882024e-01
   5.2788050e-04   2.7713726e-03   3.5741909e-03   7.4462311e-03   1.5512981e-02   3.2318711e-02   6.7330648e-02   1.4027218e-01   2.9223372e-01   6.0882024e-01
   6.5985063e-04   2.6394025e-03   3.5741909e-03   7.4462311e-03   1.5512981e-02   3.2318711e-02   6.7330648e-02   1.4027218e-01   2.9223372e-01   6.0882024e-01
   7.9182076e-04   2.5074324e-03   3.5741909e-03   7.4462311e-03   1.5512981e-02   3.2318711e-02   6.7330648e-02   1.4027218e-01   2.9223372e-01   6.0882024e-01
   9.2379088e-04   2.3754623e-03   3.5741909e-03   7.4462311e-03   1.5512981e-02   3.2318711e-02   6.7330648e-02   1.4027218e-01   2.9223372e-01   6.0882024e-01
   1.0557610e-03   2.2434921e-03   3.5741909e-03   7.4462311e-03   1.5512981e-02   3.2318711e-02   6.7330648e-02   1.4027218e-01   2.9223372e-01   6.0882024e-01
   1.1877311e-03   2.1115220e-03   3.5741909e-03   7.4462311e-03   1.5512981e-02   3.2318711e-02   6.7330648e-02   1.4027218e-01   2.9223372e-01   6.0882024e-01
   1.3197013e-03   1.9795519e-03   3.5741909e-03   7.4462311e-03   1.5512981e-02   3.2318711e-02   6.7330648e-02   1.4027218e-01   2.9223372e-01   6.0882024e-01
   1.4516714e-03   1.8475818e-03   3.5741909e-03   7.4462311e-03   1.5512981e-02   3.2318711e-02   6.7330648e-02   1.4027218e-01   2.9223372e-01   6.0882024e-01
   1.5836415e-03   1.7156116e-03   3.5741909e-03   7.4462311e-03   1.5512981e-02   3.2318711e-02   6.7330648e-02   1.4027218e-01   2.9223372e-01   6.0882024e-01
   1.7156116e-03   1.5836415e-03   3.5741909e-03   7.4462311e-03   1.5512981e-02   3.2318711e-02   6.7330648e-02   1.4027218e-01   2.9223372e-01   6.0882024e-01
   1.8475818e-03   1.4516714e-03   3.5741909e-03   7.4462311e-03   1.5512981e-02   3.2318711e-02   6.7330648e-02   1.4027218e-01   2.9223372e-01   6.0882024e-01
   1.9795519e-03   1.3197013e-03   3.5741909e-03   7.4462311e-03   1.5512981e-02   3.2318711e-02   6.7330648e-02   1.4027218e-01   2.9223372e-01   6.0882024e-01
   2.1115220e-03   1.1877311e-03   3.5741909e-03   7.4462311e-03   1.5512981e-02   3.2318711e-02   6.7330648e-02   1.4027218e-01   2.9223372e-01   6.0882024e-01
   2.2434921e-03   1.0557610e-03   3.5741909e-03   7.4462311e-03   1.5512981e-02   3.2318711e-02   6.7330648e-02   1.4027218e-01   2.9223372e-01   6.0882024e-01
   2.3754623e-03   9.2379088e-04   3.5741909e-03   7.4462311e-03   1.5512981e-02   3.2318711e-02   6.7330648e-02   1.4027218e-01   2.9223372e-01   6.0882024e-01
   2.5074324e-03   7.9182076e-04   3.5741909e-03   7.4462311e-03   1.5512981e-02   3.2318711e-02   6.7330648e-02   1.4027218e-01   2.9223372e-01   6.0882024e-01
   2.6394025e-03   6.5985063e-04   3.5741909e-03   7.4462311e-03   1.5512981e-02   3.2318711e-02   6.7330648e-02   1.4027218e-01   2.9223372e-01   6.0882024e-01
   2.7713726e-03   5.2788050e-04   3.5741909e-03   7.4462311e-03   1.5512981e-02   3.2318711e-02   6.7330648e-02   1.4027218e-01   2.9223372e-01   6.0882024e-01
   2.9033428e-03   3.9591038e-04   3.5741909e-03   7.4462311e-03   1.5512981e-02   3.2318711e-02   6.7330648e-02   1.4027218e-01   2.9223372e-01   6.0882024e-01
   3.0353129e-03   2.6394025e-04   3.5741909e-03   7.4462311e-03   1.5512981e-02   3.2318711e-02   6.7330648e-02   1.4027218e-01   2.9223372e-01   6.0882024e-01
   3.1672830e-03   1.3197013e-04   3.5741909e-03   7.4462311e-03   1.5512981e-02   3.2318711e-02   6.7330648e-02   1.4027218e-01   2.9223372e-01   6.0882024e-01
   3.2992531e-03   0.0000000e+00   3.5741909e-03   7.4462311e-03   1.5512981e-02   3.2318711e-02   6.7330648e-02   1.4027218e-01   2.9223372e-01   6.0882024e-01
