   4.8458580e-04   5.6400848e-04   2.0809712e-03   7.6779716e-03   2.8328719e-02
   4.8458580e-04   5.6400848e-04   2.0809712e-03   7.6779716e-03   2.8328719e-02
   4.8458580e-04   5.6400848e-04   2.0809712e-03   7.6779716e-03   2.8328719e-02
   4.8458580e-04   5.6400848e-04   2.0809712e-03   7.6779716e-03   2.8328719e-02
   4.8458580e-04   5.6400848e-04   2.0809712e-03   7.6779716e-03   2.8328719e-02
   4.8458580e-04   5.6400848e-04   2.0809712e-03   7.6779716e-03   2.8328719e-02
   4.8458580e-04   5.6400848e-04   2.0809712e-03   7.6779716e-03   2.8328719e-02
   4.8458580e-04   5.6400848e-04   2.0809712e-03   7.6779716e-03   2.8328719e-02
   4.8458580e-04   5.6400848e-04   2.0809712e-03   7.6779716e-03   2.8328719e-02
   4.8458580e-04   5.6400848e-04   2.0809712e-03   7.6779716e-03   2.8328719e-02
   4.8458580e-04   5.6400848e-04   2.0809712e-03   7.6779716e-03   2.8328719e-02
   4.8458580e-04   5.6400848e-04   2.0809712e-03   7.6779716e-03   2.8328719e-02
   4.8458580e-04   5.6400848e-04   2.0809712e-03   7.6779716e-03   2.8328719e-02
   4.8458580e-04   5.6400848e-04   2.0809712e-03   7.6779716e-03   2.8328719e-02
   4.8458580e-04   5.6400848e-04   2.0809712e-03   7.6779716e-03   2.8328719e-02
   4.8458580e-04   5.6400848e-04   2.0809712e-03   7.6779716e-03   2.8328719e-02
