   2.5500364e-01   3.5098240e-01   5.9712692e-01   1.0158930e+00   1.7283404e+00
   2.5500364e-01   3.5098240e-01   5.9712692e-01   1.0158930e+00   1.7283404e+00
   2.5500364e-01   3.5098240e-01   5.9712692e-01   1.0158930e+00   1.7283404e+00
   2.5500364e-01   3.5098240e-01   5.9712692e-01   1.0158930e+00   1.7283404e+00
   2.5500364e-01   3.5098240e-01   5.9712692e-01   1.0158930e+00   1.7283404e+00
   2.5500364e-01   3.5098240e-01   5.9712692e-01   1.0158930e+00   1.7283404e+00
   2.5500364e-01   3.5098240e-01   5.9712692e-01   1.0158930e+00   1.7283404e+00
   2.5500364e-01   3.5098240e-01   5.9712692e-01   1.0158930e+00   1.7283404e+00
   2.5500364e-01   3.5098240e-01   5.9712692e-01   1.0158930e+00   1.7283404e+00
   2.5500364e-01   3.5098240e-01   5.9712692e-01   1.0158930e+00   1.7283404e+00
   2.5500364e-01   3.5098240e-01   5.9712692e-01   1.0158930e+00   1.7283404e+00
   2.5500364e-01   3.5098240e-01   5.9712692e-01   1.0158930e+00   1.7283404e+00
   2.5500364e-01   3.5098240e-01   5.9712692e-01   1.0158930e+00   1.7283404e+00
   2.5500364e-01   3.5098240e-01   5.9712692e-01   1.0158930e+00   1.7283404e+00
   2.5500364e-01   3.5098240e-01   5.9712692e-01   1.0158930e+00   1.7283404e+00
   2.5500364e-01   3.5098240e-01   5.9712692e-01   1.0158930e+00   1.7283404e+00
