   1.5869629e-03   1.3634895e-03   4.3223238e-03   1.3701963e-02   4.3435844e-02
   1.5869629e-03   1.3634895e-03   4.3223238e-03   1.3701963e-02   4.3435844e-02
   1.5869629e-03   1.3634895e-03   4.3223238e-03   1.3701963e-02   4.3435844e-02
   1.5869629e-03   1.3634895e-03   4.3223238e-03   1.3701963e-02   4.3435844e-02
   1.5869629e-03   1.3634895e-03   4.3223238e-03   1.3701963e-02   4.3435844e-02
   1.5869629e-03   1.3634895e-03   4.3223238e-03   1.3701963e-02   4.3435844e-02
   1.5869629e-03   1.3634895e-03   4.3223238e-03   1.3701963e-02   4.3435844e-02
   1.5869629e-03   1.3634895e-03   4.3223238e-03   1.3701963e-02   4.3435844e-02
   1.5869629e-03   1.3634895e-03   4.3223238e-03   1.3701963e-02   4.3435844e-02
   1.5869629e-03   1.3634895e-03   4.3223238e-03   1.3701963e-02   4.3435844e-02
   1.5869629e-03   1.3634895e-03   4.3223238e-03   1.3701963e-02   4.3435844e-02
   1.5869629e-03   1.3634895e-03   4.3223238e-03   1.3701963e-02   4.3435844e-02
   1.5869629e-03   1.3634895e-03   4.3223238e-03   1.3701963e-02   4.3435844e-02
   1.5869629e-03   1.3634895e-03   4.3223238e-03   1.3701963e-02   4.3435844e-02
   1.5869629e-03   1.3634895e-03   4.3223238e-03   1.3701963e-02   4.3435844e-02
   1.5869629e-03   1.3634895e-03   4.3223238e-03   1.3701963e-02   4.3435844e-02
