   2.2399710e-03   5.6575210e-03   1.5368497e-02   4.1748090e-02   1.1340751e-01
   2.2399710e-03   5.6575210e-03   1.5368497e-02   4.1748090e-02   1.1340751e-01
   2.2399710e-03   5.6575210e-03   1.5368497e-02   4.1748090e-02   1.1340751e-01
   2.2399710e-03   5.6575210e-03   1.5368497e-02   4.1748090e-02   1.1340751e-01
   2.2399710e-03   5.6575210e-03   1.5368497e-02   4.1748090e-02   1.1340751e-01
   2.2399710e-03   5.6575210e-03   1.5368497e-02   4.1748090e-02   1.1340751e-01
   2.2399710e-03   5.6575210e-03   1.5368497e-02   4.1748090e-02   1.1340751e-01
   2.2399710e-03   5.6575210e-03   1.5368497e-02   4.1748090e-02   1.1340751e-01
   2.2399710e-03   5.6575210e-03   1.5368497e-02   4.1748090e-02   1.1340751e-01
   2.2399710e-03   5.6575210e-03   1.5368497e-02   4.1748090e-02   1.1340751e-01
   2.2399710e-03   5.6575210e-03   1.5368497e-02   4.1748090e-02   1.1340751e-01
   2.2399710e-03   5.6575210e-03   1.5368497e-02   4.1748090e-02   1.1340751e-01
   2.2399710e-03   5.6575210e-03   1.5368497e-02   4.1748090e-02   1.1340751e-01
   2.2399710e-03   5.6575210e-03   1.5368497e-02   4.1748090e-02   1.1340751e-01
   2.2399710e-03   5.6575210e-03   1.5368497e-02   4.1748090e-02   1.1340751e-01
   2.2399710e-03   5.6575210e-03   1.5368497e-02   4.1748090e-02   1.1340751e-01
