   1.3816436e-02   1.6080924e-02   5.9332333e-02   2.1891315e-01   8.0770411e-01
   1.3816436e-02   1.6080924e-02   5.9332333e-02   2.1891315e-01   8.0770411e-01
   1.3816436e-02   1.6080924e-02   5.9332333e-02   2.1891315e-01   8.0770411e-01
   1.3816436e-02   1.6080924e-02   5.9332333e-02   2.1891315e-01   8.0770411e-01
   1.3816436e-02   1.6080924e-02   5.9332333e-02   2.1891315e-01   8.0770411e-01
   1.3816436e-02   1.6080924e-02   5.9332333e-02   2.1891315e-01   8.0770411e-01
   1.3816436e-02   1.6080924e-02   5.9332333e-02   2.1891315e-01   8.0770411e-01
   1.3816436e-02   1.6080924e-02   5.9332333e-02   2.1891315e-01   8.0770411e-01
   1.3816436e-02   1.6080924e-02   5.9332333e-02   2.1891315e-01   8.0770411e-01
   1.3816436e-02   1.6080924e-02   5.9332333e-02   2.1891315e-01   8.0770411e-01
   1.3816436e-02   1.6080924e-02   5.9332333e-02   2.1891315e-01   8.0770411e-01
   1.3816436e-02   1.6080924e-02   5.9332333e-02   2.1891315e-01   8.0770411e-01
   1.3816436e-02   1.6080924e-02   5.9332333e-02   2.1891315e-01   8.0770411e-01
   1.3816436e-02   1.6080924e-02   5.9332333e-02   2.1891315e-01   8.0770411e-01
   1.3816436e-02   1.6080924e-02   5.9332333e-02   2.1891315e-01   8.0770411e-01
   1.3816436e-02   1.6080924e-02   5.9332333e-02   2.1891315e-01   8.0770411e-01
