   1.6108012e-01   1.7450346e-01   3.6354888e-01   7.5739351e-01   1.5779031e+00
   1.6108012e-01   1.7450346e-01   3.6354888e-01   7.5739351e-01   1.5779031e+00
   1.6108012e-01   1.7450346e-01   3.6354888e-01   7.5739351e-01   1.5779031e+00
   1.6108012e-01   1.7450346e-01   3.6354888e-01   7.5739351e-01   1.5779031e+00
   1.6108012e-01   1.7450346e-01   3.6354888e-01   7.5739351e-01   1.5779031e+00
   1.6108012e-01   1.7450346e-01   3.6354888e-01   7.5739351e-01   1.5779031e+00
   1.6108012e-01   1.7450346e-01   3.6354888e-01   7.5739351e-01   1.5779031e+00
   1.6108012e-01   1.7450346e-01   3.6354888e-01   7.5739351e-01   1.5779031e+00
   1.6108012e-01   1.7450346e-01   3.6354888e-01   7.5739351e-01   1.5779031e+00
   1.6108012e-01   1.7450346e-01   3.6354888e-01   7.5739351e-01   1.5779031e+00
   1.6108012e-01   1.7450346e-01   3.6354888e-01   7.5739351e-01   1.5779031e+00
   1.6108012e-01   1.7450346e-01   3.6354888e-01   7.5739351e-01   1.5779031e+00
   1.6108012e-01   1.7450346e-01   3.6354888e-01   7.5739351e-01   1.5779031e+00
   1.6108012e-01   1.7450346e-01   3.6354888e-01   7.5739351e-01   1.5779031e+00
   1.6108012e-01   1.7450346e-01   3.6354888e-01   7.5739351e-01   1.5779031e+00
   1.6108012e-01   1.7450346e-01   3.6354888e-01   7.5739351e-01   1.5779031e+00
