   2.1185126e-02   1.8201874e-02   5.7700767e-02   1.8291405e-01   5.7984585e-01
   2.1185126e-02   1.8201874e-02   5.7700767e-02   1.8291405e-01   5.7984585e-01
   2.1185126e-02   1.8201874e-02   5.7700767e-02   1.8291405e-01   5.7984585e-01
   2.1185126e-02   1.8201874e-02   5.7700767e-02   1.8291405e-01   5.7984585e-01
   2.1185126e-02   1.8201874e-02   5.7700767e-02   1.8291405e-01   5.7984585e-01
   2.1185126e-02   1.8201874e-02   5.7700767e-02   1.8291405e-01   5.7984585e-01
   2.1185126e-02   1.8201874e-02   5.7700767e-02   1.8291405e-01   5.7984585e-01
   2.1185126e-02   1.8201874e-02   5.7700767e-02   1.8291405e-01   5.7984585e-01
   2.1185126e-02   1.8201874e-02   5.7700767e-02   1.8291405e-01   5.7984585e-01
   2.1185126e-02   1.8201874e-02   5.7700767e-02   1.8291405e-01   5.7984585e-01
   2.1185126e-02   1.8201874e-02   5.7700767e-02   1.8291405e-01   5.7984585e-01
   2.1185126e-02   1.8201874e-02   5.7700767e-02   1.8291405e-01   5.7984585e-01
   2.1185126e-02   1.8201874e-02   5.7700767e-02   1.8291405e-01   5.7984585e-01
   2.1185126e-02   1.8201874e-02   5.7700767e-02   1.8291405e-01   5.7984585e-01
   2.1185126e-02   1.8201874e-02   5.7700767e-02   1.8291405e-01   5.7984585e-01
   2.1185126e-02   1.8201874e-02   5.7700767e-02   1.8291405e-01   5.7984585e-01
