   9.1120214e-02   9.8713565e-02   2.0565326e-01   4.2844429e-01   8.9259227e-01
   9.1120214e-02   9.8713565e-02   2.0565326e-01   4.2844429e-01   8.9259227e-01
   9.1120214e-02   9.8713565e-02   2.0565326e-01   4.2844429e-01   8.9259227e-01
   9.1120214e-02   9.8713565e-02   2.0565326e-01   4.2844429e-01   8.9259227e-01
   9.1120214e-02   9.8713565e-02   2.0565326e-01   4.2844429e-01   8.9259227e-01
   9.1120214e-02   9.8713565e-02   2.0565326e-01   4.2844429e-01   8.9259227e-01
   9.1120214e-02   9.8713565e-02   2.0565326e-01   4.2844429e-01   8.9259227e-01
   9.1120214e-02   9.8713565e-02   2.0565326e-01   4.2844429e-01   8.9259227e-01
   9.1120214e-02   9.8713565e-02   2.0565326e-01   4.2844429e-01   8.9259227e-01
   9.1120214e-02   9.8713565e-02   2.0565326e-01   4.2844429e-01   8.9259227e-01
   9.1120214e-02   9.8713565e-02   2.0565326e-01   4.2844429e-01   8.9259227e-01
   9.1120214e-02   9.8713565e-02   2.0565326e-01   4.2844429e-01   8.9259227e-01
   9.1120214e-02   9.8713565e-02   2.0565326e-01   4.2844429e-01   8.9259227e-01
   9.1120214e-02   9.8713565e-02   2.0565326e-01   4.2844429e-01   8.9259227e-01
   9.1120214e-02   9.8713565e-02   2.0565326e-01   4.2844429e-01   8.9259227e-01
   9.1120214e-02   9.8713565e-02   2.0565326e-01   4.2844429e-01   8.9259227e-01
