   4.4570759e-01   1.7646812e-01   1.8979628e-01   2.0413108e-01   2.1954855e-01
   4.4570759e-01   1.7646812e-01   1.8979628e-01   2.0413108e-01   2.1954855e-01
   4.4570759e-01   1.7646812e-01   1.8979628e-01   2.0413108e-01   2.1954855e-01
   4.4570759e-01   1.7646812e-01   1.8979628e-01   2.0413108e-01   2.1954855e-01
   4.4570759e-01   1.7646812e-01   1.8979628e-01   2.0413108e-01   2.1954855e-01
   4.4570759e-01   1.7646812e-01   1.8979628e-01   2.0413108e-01   2.1954855e-01
   4.4570759e-01   1.7646812e-01   1.8979628e-01   2.0413108e-01   2.1954855e-01
   4.4570759e-01   1.7646812e-01   1.8979628e-01   2.0413108e-01   2.1954855e-01
   4.4570759e-01   1.7646812e-01   1.8979628e-01   2.0413108e-01   2.1954855e-01
   4.4570759e-01   1.7646812e-01   1.8979628e-01   2.0413108e-01   2.1954855e-01
   4.4570759e-01   1.7646812e-01   1.8979628e-01   2.0413108e-01   2.1954855e-01
   4.4570759e-01   1.7646812e-01   1.8979628e-01   2.0413108e-01   2.1954855e-01
   4.4570759e-01   1.7646812e-01   1.8979628e-01   2.0413108e-01   2.1954855e-01
   4.4570759e-01   1.7646812e-01   1.8979628e-01   2.0413108e-01   2.1954855e-01
   4.4570759e-01   1.7646812e-01   1.8979628e-01   2.0413108e-01   2.1954855e-01
   4.4570759e-01   1.7646812e-01   1.8979628e-01   2.0413108e-01   2.1954855e-01
