   0.0000000e+00   4.3013108e-03   7.6467747e-03   2.1241041e-02   5.9002891e-02   1.6389692e-01   4.5526922e-01   1.2646367e+00
   1.7205243e-04   4.1292583e-03   7.6467747e-03   2.1241041e-02   5.9002891e-02   1.6389692e-01   4.5526922e-01   1.2646367e+00
   3.4410486e-04   3.9572059e-03   7.6467747e-03   2.1241041e-02   5.9002891e-02   1.6389692e-01   4.5526922e-01   1.2646367e+00
   5.1615729e-04   3.7851535e-03   7.6467747e-03   2.1241041e-02   5.9002891e-02   1.6389692e-01   4.5526922e-01   1.2646367e+00
   6.8820972e-04   3.6131010e-03   7.6467747e-03   2.1241041e-02   5.9002891e-02   1.6389692e-01   4.5526922e-01   1.2646367e+00
   8.6026215e-04   3.4410486e-03   7.6467747e-03   2.1241041e-02   5.9002891e-02   1.6389692e-01   4.5526922e-01   1.2646367e+00
   1.0323146e-03   3.2689962e-03   7.6467747e-03   2.1241041e-02   5.9002891e-02   1.6389692e-01   4.5526922e-01   1.2646367e+00
   1.2043670e-03   3.0969437e-03   7.6467747e-03   2.1241041e-02   5.9002891e-02   1.6389692e-01   4.5526922e-01   1.2646367e+00
   1.3764194e-03   2.9248913e-03   7.6467747e-03   2.1241041e-02   5.9002891e-02   1.6389692e-01   4.5526922e-01   1.2646367e+00
   1.5484719e-03   2.7528389e-03   7.6467747e-03   2.1241041e-02   5.9002891e-02   1.6389692e-01   4.5526922e-01   1.2646367e+00
   1.7205243e-03   2.5807865e-03   7.6467747e-03   2.1241041e-02   5.9002891e-02   1.6389692e-01   4.5526922e-01   1.2646367e+00
   1.8925767e-03   2.4087340e-03   7.6467747e-03   2.1241041e-02   5.9002891e-02   1.6389692e-01   4.5526922e-01   1.2646367e+00
   2.0646292e-03   2.2366816e-03   7.6467747e-03   2.1241041e-02   5.9002891e-02   1.6389692e-01   4.5526922e-01   1.2646367e+00
   2.2366816e-03   2.0646292e-03   7.6467747e-03   2.1241041e-02   5.9002891e-02   1.6389692e-01   4.5526922e-01   1.2646367e+00
   2.4087340e-03   1.8925767e-03   7.6467747e-03   2.1241041e-02   5.9002891e-02   1.6389692e-01   4.5526922e-01   1.2646367e+00
   2.5807865e-03   1.7205243e-03   7.6467747e-03   2.1241041e-02   5.9002891e-02   1.6389692e-01   4.5526922e-01   1.2646367e+00
   2.7528389e-03   1.5484719e-03   7.6467747e-03   2.1241041e-02   5.9002891e-02   1.6389692e-01   4.5526922e-01   1.2646367e+00
   2.9248913e-03   1.3764194e-03   7.6467747e-03   2.1241041e-02   5.9002891e-02   1.6389692e-01   4.5526922e-01   1.2646367e+00
   3.0969437e-03   1.2043670e-03   7.6467747e-03   2.1241041e-02   5.9002891e-02   1.6389692e-01   4.5526922e-01   1.2646367e+00
   3.2689962e-03   1.0323146e-03   7.6467747e-03   2.1241041e-02   5.9002891e-02   1.6389692e-01   4.5526922e-01   1.2646367e+00
   3.4410486e-03   8.6026215e-04   7.6467747e-03   2.1241041e-02   5.9002891e-02   1.6389692e-01   4.5526922e-01   1.2646367e+00
   3.6131010e-03   6.8820972e-04   7.6467747e-03   2.1241041e-02   5.9002891e-02   1.6389692e-01   4.5526922e-01   1.2646367e+00
   3.7851535e-03   5.1615729e-04   7.6467747e-03   2.1241041e-02   5.9002891e-02   1.6389692e-01   4.5526922e-01   1.2646367e+00
   3.9572059e-03   3.4410486e-04   7.6467747e-03   2.1241041e-02   5.9002891e-02   1.6389692e-01   4.5526922e-01   1.2646367e+00
   4.1292583e-03   1.7205243e-04   7.6467747e-03   2.1241041e-02   5.9002891e-02   1.6389692e-01   4.5526922e-01   1.2646367e+00
   4.3013108e-03   0.0000000e+00   7.6467747e-03   2.1241041e-02   5.9002891e-02   1.6389692e-01   4.5526922e-01   1.2646367e+00
   0.0000000e+00   1.4592940e+00   1.2689513e-01   1.3792949e-01   1.4992336e-01   1.6296018e-01   1.7713063e-01   1.9253329e-01
   5.8371762e-02   1.4009223e+00   1.2689513e-01   1.3792949e-01   1.4992336e-01   1.6296018e-01   1.7713063e-01   1.9253329e-01
   1.1674352e-01   1.3425505e+00   1.2689513e-01   1.3792949e-01   1.4992336e-01   1.6296018e-01   1.7713063e-01   1.9253329e-01
   1.7511528e-01   1.2841788e+00   1.2689513e-01   1.3792949e-01   1.4992336e-01   1.6296018e-01   1.7713063e-01   1.9253329e-01
   2.3348705e-01   1.2258070e+00   1.2689513e-01   1.3792949e-01   1.4992336e-01   1.6296018e-01   1.7713063e-01   1.9253329e-01
   2.9185881e-01   1.1674352e+00   1.2689513e-01   1.3792949e-01   1.4992336e-01   1.6296018e-01   1.7713063e-01   1.9253329e-01
   3.5023057e-01   1.1090635e+00   1.2689513e-01   1.3792949e-01   1.4992336e-01   1.6296018e-01   1.7713063e-01   1.9253329e-01
   4.0860233e-01   1.0506917e+00   1.2689513e-01   1.3792949e-01   1.4992336e-01   1.6296018e-01   1.7713063e-01   1.9253329e-01
   4.6697409e-01   9.9231995e-01   1.2689513e-01   1.3792949e-01   1.4992336e-01   1.6296018e-01   1.7713063e-01   1.9253329e-01
   5.2534585e-01   9.3394819e-01   1.2689513e-01   1.3792949e-01   1.4992336e-01   1.6296018e-01   1.7713063e-01   1.9253329e-01
   5.8371762e-01   8.7557642e-01   1.2689513e-01   1.3792949e-01   1.4992336e-01   1.6296018e-01   1.7713063e-01   1.9253329e-01
   6.4208938e-01   8.1720466e-01   1.2689513e-01   1.3792949e-01   1.4992336e-01   1.6296018e-01   1.7713063e-01   1.9253329e-01
   7.0046114e-01   7.5883290e-01   1.2689513e-01   1.3792949e-01   1.4992336e-01   1.6296018e-01   1.7713063e-01   1.9253329e-01
   7.5883290e-01   7.0046114e-01   1.2689513e-01   1.3792949e-01   1.4992336e-01   1.6296018e-01   1.7713063e-01   1.9253329e-01
   8.1720466e-01   6.4208938e-01   1.2689513e-01   1.3792949e-01   1.4992336e-01   1.6296018e-01   1.7713063e-01   1.9253329e-01
   8.7557642e-01   5.8371762e-01   1.2689513e-01   1.3792949e-01   1.4992336e-01   1.6296018e-01   1.7713063e-01   1.9253329e-01
   9.3394819e-01   5.2534585e-01   1.2689513e-01   1.3792949e-01   1.4992336e-01   1.6296018e-01   1.7713063e-01   1.9253329e-01
   9.9231995e-01   4.6697409e-01   1.2689513e-01   1.3792949e-01   1.4992336e-01   1.6296018e-01   1.7713063e-01   1.9253329e-01
   1.0506917e+00   4.0860233e-01   1.2689513e-01   1.3792949e-01   1.4992336e-01   1.6296018e-01   1.7713063e-01   1.9253329e-01
   1.1090635e+00   3.5023057e-01   1.2689513e-01   1.3792949e-01   1.4992336e-01   1.6296018e-01   1.7713063e-01   1.9253329e-01
   1.1674352e+00   2.9185881e-01   1.2689513e-01   1.3792949e-01   1.4992336e-01   1.6296018e-01   1.7713063e-01   1.9253329e-01
   1.2258070e+00   2.3348705e-01   1.2689513e-01   1.3792949e-01   1.4992336e-01   1.6296018e-01   1.7713063e-01   1.9253329e-01
   1.2841788e+00   1.7511528e-01   1.2689513e-01   1.3792949e-01   1.4992336e-01   1.6296018e-01   1.7713063e-01   1.9253329e-01
   1.3425505e+00   1.1674352e-01   1.2689513e-01   1.3792949e-01   1.4992336e-01   1.6296018e-01   1.7713063e-01   1.9253329e-01
   1.4009223e+00   5.8371762e-02   1.2689513e-01   1.3792949e-01   1.4992336e-01   1.6296018e-01   1.7713063e-01   1.9253329e-01
   1.4592940e+00   0.0000000e+00   1.2689513e-01   1.3792949e-01   1.4992336e-01   1.6296018e-01   1.7713063e-01   1.9253329e-01

