   0.0000000e+00   1.1984547e-05   3.7951067e-05   1.5812945e-04   6.5887269e-04   2.7453029e-03   1.1438762e-02   4.7661508e-02   1.9858962e-01   8.2745674e-01
   4.7938190e-07   1.1505166e-05   3.7951067e-05   1.5812945e-04   6.5887269e-04   2.7453029e-03   1.1438762e-02   4.7661508e-02   1.9858962e-01   8.2745674e-01
   9.5876380e-07   1.1025784e-05   3.7951067e-05   1.5812945e-04   6.5887269e-04   2.7453029e-03   1.1438762e-02   4.7661508e-02   1.9858962e-01   8.2745674e-01
   1.4381457e-06   1.0546402e-05   3.7951067e-05   1.5812945e-04   6.5887269e-04   2.7453029e-03   1.1438762e-02   4.7661508e-02   1.9858962e-01   8.2745674e-01
   1.9175276e-06   1.0067020e-05   3.7951067e-05   1.5812945e-04   6.5887269e-04   2.7453029e-03   1.1438762e-02   4.7661508e-02   1.9858962e-01   8.2745674e-01
   2.3969095e-06   9.5876380e-06   3.7951067e-05   1.5812945e-04   6.5887269e-04   2.7453029e-03   1.1438762e-02   4.7661508e-02   1.9858962e-01   8.2745674e-01
   2.8762914e-06   9.1082561e-06   3.7951067e-05   1.5812945e-04   6.5887269e-04   2.7453029e-03   1.1438762e-02   4.7661508e-02   1.9858962e-01   8.2745674e-01
   3.3556733e-06   8.6288742e-06   3.7951067e-05   1.5812945e-04   6.5887269e-04   2.7453029e-03   1.1438762e-02   4.7661508e-02   1.9858962e-01   8.2745674e-01
   3.8350552e-06   8.1494923e-06   3.7951067e-05   1.5812945e-04   6.5887269e-04   2.7453029e-03   1.1438762e-02   4.7661508e-02   1.9858962e-01   8.2745674e-01
   4.3144371e-06   7.6701104e-06   3.7951067e-05   1.5812945e-04   6.5887269e-04   2.7453029e-03   1.1438762e-02   4.7661508e-02   1.9858962e-01   8.2745674e-01
   4.7938190e-06   7.1907285e-06   3.7951067e-05   1.5812945e-04   6.5887269e-04   2.7453029e-03   1.1438762e-02   4.7661508e-02   1.9858962e-01   8.2745674e-01
   5.2732009e-06   6.7113466e-06   3.7951067e-05   1.5812945e-04   6.5887269e-04   2.7453029e-03   1.1438762e-02   4.7661508e-02   1.9858962e-01   8.2745674e-01
   5.7525828e-06   6.2319647e-06   3.7951067e-05   1.5812945e-04   6.5887269e-04   2.7453029e-03   1.1438762e-02   4.7661508e-02   1.9858962e-01   8.2745674e-01
   6.2319647e-06   5.7525828e-06   3.7951067e-05   1.5812945e-04   6.5887269e-04   2.7453029e-03   1.1438762e-02   4.7661508e-02   1.9858962e-01   8.2745674e-01
   6.7113466e-06   5.2732009e-06   3.7951067e-05   1.5812945e-04   6.5887269e-04   2.7453029e-03   1.1438762e-02   4.7661508e-02   1.9858962e-01   8.2745674e-01
   7.1907285e-06   4.7938190e-06   3.7951067e-05   1.5812945e-04   6.5887269e-04   2.7453029e-03   1.1438762e-02   4.7661508e-02   1.9858962e-01   8.2745674e-01
   7.6701104e-06   4.3144371e-06   3.7951067e-05   1.5812945e-04   6.5887269e-04   2.7453029e-03   1.1438762e-02   4.7661508e-02   1.9858962e-01   8.2745674e-01
   8.1494923e-06   3.8350552e-06   3.7951067e-05   1.5812945e-04   6.5887269e-04   2.7453029e-03   1.1438762e-02   4.7661508e-02   1.9858962e-01   8.2745674e-01
   8.6288742e-06   3.3556733e-06   3.7951067e-05   1.5812945e-04   6.5887269e-04   2.7453029e-03   1.1438762e-02   4.7661508e-02   1.9858962e-01   8.2745674e-01
   9.1082561e-06   2.8762914e-06   3.7951067e-05   1.5812945e-04   6.5887269e-04   2.7453029e-03   1.1438762e-02   4.7661508e-02   1.9858962e-01   8.2745674e-01
   9.5876380e-06   2.3969095e-06   3.7951067e-05   1.5812945e-04   6.5887269e-04   2.7453029e-03   1.1438762e-02   4.7661508e-02   1.9858962e-01   8.2745674e-01
   1.0067020e-05   1.9175276e-06   3.7951067e-05   1.5812945e-04   6.5887269e-04   2.7453029e-03   1.1438762e-02   4.7661508e-02   1.9858962e-01   8.2745674e-01
   1.0546402e-05   1.4381457e-06   3.7951067e-05   1.5812945e-04   6.5887269e-04   2.7453029e-03   1.1438762e-02   4.7661508e-02   1.9858962e-01   8.2745674e-01
   1.1025784e-05   9.5876380e-07   3.7951067e-05   1.5812945e-04   6.5887269e-04   2.7453029e-03   1.1438762e-02   4.7661508e-02   1.9858962e-01   8.2745674e-01
   1.1505166e-05   4.7938190e-07   3.7951067e-05   1.5812945e-04   6.5887269e-04   2.7453029e-03   1.1438762e-02   4.7661508e-02   1.9858962e-01   8.2745674e-01
   1.1984547e-05   0.0000000e+00   3.7951067e-05   1.5812945e-04   6.5887269e-04   2.7453029e-03   1.1438762e-02   4.7661508e-02   1.9858962e-01   8.2745674e-01
   0.0000000e+00   1.2118265e-01   3.8268205e-02   5.0352901e-02   6.6253818e-02   8.7176076e-02   1.1470536e-01   1.5092811e-01   1.9858962e-01   2.6130213e-01
   4.8473060e-03   1.1633534e-01   3.8268205e-02   5.0352901e-02   6.6253818e-02   8.7176076e-02   1.1470536e-01   1.5092811e-01   1.9858962e-01   2.6130213e-01
   9.6946120e-03   1.1148804e-01   3.8268205e-02   5.0352901e-02   6.6253818e-02   8.7176076e-02   1.1470536e-01   1.5092811e-01   1.9858962e-01   2.6130213e-01
   1.4541918e-02   1.0664073e-01   3.8268205e-02   5.0352901e-02   6.6253818e-02   8.7176076e-02   1.1470536e-01   1.5092811e-01   1.9858962e-01   2.6130213e-01
   1.9389224e-02   1.0179343e-01   3.8268205e-02   5.0352901e-02   6.6253818e-02   8.7176076e-02   1.1470536e-01   1.5092811e-01   1.9858962e-01   2.6130213e-01
   2.4236530e-02   9.6946120e-02   3.8268205e-02   5.0352901e-02   6.6253818e-02   8.7176076e-02   1.1470536e-01   1.5092811e-01   1.9858962e-01   2.6130213e-01
   2.9083836e-02   9.2098814e-02   3.8268205e-02   5.0352901e-02   6.6253818e-02   8.7176076e-02   1.1470536e-01   1.5092811e-01   1.9858962e-01   2.6130213e-01
   3.3931142e-02   8.7251508e-02   3.8268205e-02   5.0352901e-02   6.6253818e-02   8.7176076e-02   1.1470536e-01   1.5092811e-01   1.9858962e-01   2.6130213e-01
   3.8778448e-02   8.2404202e-02   3.8268205e-02   5.0352901e-02   6.6253818e-02   8.7176076e-02   1.1470536e-01   1.5092811e-01   1.9858962e-01   2.6130213e-01
   4.3625754e-02   7.7556896e-02   3.8268205e-02   5.0352901e-02   6.6253818e-02   8.7176076e-02   1.1470536e-01   1.5092811e-01   1.9858962e-01   2.6130213e-01
   4.8473060e-02   7.2709590e-02   3.8268205e-02   5.0352901e-02   6.6253818e-02   8.7176076e-02   1.1470536e-01   1.5092811e-01   1.9858962e-01   2.6130213e-01
   5.3320366e-02   6.7862284e-02   3.8268205e-02   5.0352901e-02   6.6253818e-02   8.7176076e-02   1.1470536e-01   1.5092811e-01   1.9858962e-01   2.6130213e-01
   5.8167672e-02   6.3014978e-02   3.8268205e-02   5.0352901e-02   6.6253818e-02   8.7176076e-02   1.1470536e-01   1.5092811e-01   1.9858962e-01   2.6130213e-01
   6.3014978e-02   5.8167672e-02   3.8268205e-02   5.0352901e-02   6.6253818e-02   8.7176076e-02   1.1470536e-01   1.5092811e-01   1.9858962e-01   2.6130213e-01
   6.7862284e-02   5.3320366e-02   3.8268205e-02   5.0352901e-02   6.6253818e-02   8.7176076e-02   1.1470536e-01   1.5092811e-01   1.9858962e-01   2.6130213e-01
   7.2709590e-02   4.8473060e-02   3.8268205e-02   5.0352901e-02   6.6253818e-02   8.7176076e-02   1.1470536e-01   1.5092811e-01   1.9858962e-01   2.6130213e-01
   7.7556896e-02   4.3625754e-02   3.8268205e-02   5.0352901e-02   6.6253818e-02   8.7176076e-02   1.1470536e-01   1.5092811e-01   1.9858962e-01   2.6130213e-01
   8.2404202e-02   3.8778448e-02   3.8268205e-02   5.0352901e-02   6.6253818e-02   8.7176076e-02   1.1470536e-01   1.5092811e-01   1.9858962e-01   2.6130213e-01
   8.7251508e-02   3.3931142e-02   3.8268205e-02   5.0352901e-02   6.6253818e-02   8.7176076e-02   1.1470536e-01   1.5092811e-01   1.9858962e-01   2.6130213e-01
   9.2098814e-02   2.9083836e-02   3.8268205e-02   5.0352901e-02   6.6253818e-02   8.7176076e-02   1.1470536e-01   1.5092811e-01   1.9858962e-01   2.6130213e-01
   9.6946120e-02   2.4236530e-02   3.8268205e-02   5.0352901e-02   6.6253818e-02   8.7176076e-02   1.1470536e-01   1.5092811e-01   1.9858962e-01   2.6130213e-01
   1.0179343e-01   1.9389224e-02   3.8268205e-02   5.0352901e-02   6.6253818e-02   8.7176076e-02   1.1470536e-01   1.5092811e-01   1.9858962e-01   2.6130213e-01
   1.0664073e-01   1.4541918e-02   3.8268205e-02   5.0352901e-02   6.6253818e-02   8.7176076e-02   1.1470536e-01   1.5092811e-01   1.9858962e-01   2.6130213e-01
   1.1148804e-01   9.6946120e-03   3.8268205e-02   5.0352901e-02   6.6253818e-02   8.7176076e-02   1.1470536e-01   1.5092811e-01   1.9858962e-01   2.6130213e-01
   1.1633534e-01   4.8473060e-03   3.8268205e-02   5.0352901e-02   6.6253818e-02   8.7176076e-02   1.1470536e-01   1.5092811e-01   1.9858962e-01   2.6130213e-01
   1.2118265e-01   0.0000000e+00   3.8268205e-02   5.0352901e-02   6.6253818e-02   8.7176076e-02   1.1470536e-01   1.5092811e-01   1.9858962e-01   2.6130213e-01

