   0.0000000e+00   2.0806506e-04   6.5887269e-04   2.7453029e-03   1.1438762e-02   4.7661508e-02   1.9858962e-01   8.2745674e-01
   8.3226024e-06   1.9974246e-04   6.5887269e-04   2.7453029e-03   1.1438762e-02   4.7661508e-02   1.9858962e-01   8.2745674e-01
   1.6645205e-05   1.9141986e-04   6.5887269e-04   2.7453029e-03   1.1438762e-02   4.7661508e-02   1.9858962e-01   8.2745674e-01
   2.4967807e-05   1.8309725e-04   6.5887269e-04   2.7453029e-03   1.1438762e-02   4.7661508e-02   1.9858962e-01   8.2745674e-01
   3.3290410e-05   1.7477465e-04   6.5887269e-04   2.7453029e-03   1.1438762e-02   4.7661508e-02   1.9858962e-01   8.2745674e-01
   4.1613012e-05   1.6645205e-04   6.5887269e-04   2.7453029e-03   1.1438762e-02   4.7661508e-02   1.9858962e-01   8.2745674e-01
   4.9935614e-05   1.5812945e-04   6.5887269e-04   2.7453029e-03   1.1438762e-02   4.7661508e-02   1.9858962e-01   8.2745674e-01
   5.8258217e-05   1.4980684e-04   6.5887269e-04   2.7453029e-03   1.1438762e-02   4.7661508e-02   1.9858962e-01   8.2745674e-01
   6.6580819e-05   1.4148424e-04   6.5887269e-04   2.7453029e-03   1.1438762e-02   4.7661508e-02   1.9858962e-01   8.2745674e-01
   7.4903422e-05   1.3316164e-04   6.5887269e-04   2.7453029e-03   1.1438762e-02   4.7661508e-02   1.9858962e-01   8.2745674e-01
   8.3226024e-05   1.2483904e-04   6.5887269e-04   2.7453029e-03   1.1438762e-02   4.7661508e-02   1.9858962e-01   8.2745674e-01
   9.1548626e-05   1.1651643e-04   6.5887269e-04   2.7453029e-03   1.1438762e-02   4.7661508e-02   1.9858962e-01   8.2745674e-01
   9.9871229e-05   1.0819383e-04   6.5887269e-04   2.7453029e-03   1.1438762e-02   4.7661508e-02   1.9858962e-01   8.2745674e-01
   1.0819383e-04   9.9871229e-05   6.5887269e-04   2.7453029e-03   1.1438762e-02   4.7661508e-02   1.9858962e-01   8.2745674e-01
   1.1651643e-04   9.1548626e-05   6.5887269e-04   2.7453029e-03   1.1438762e-02   4.7661508e-02   1.9858962e-01   8.2745674e-01
   1.2483904e-04   8.3226024e-05   6.5887269e-04   2.7453029e-03   1.1438762e-02   4.7661508e-02   1.9858962e-01   8.2745674e-01
   1.3316164e-04   7.4903422e-05   6.5887269e-04   2.7453029e-03   1.1438762e-02   4.7661508e-02   1.9858962e-01   8.2745674e-01
   1.4148424e-04   6.6580819e-05   6.5887269e-04   2.7453029e-03   1.1438762e-02   4.7661508e-02   1.9858962e-01   8.2745674e-01
   1.4980684e-04   5.8258217e-05   6.5887269e-04   2.7453029e-03   1.1438762e-02   4.7661508e-02   1.9858962e-01   8.2745674e-01
   1.5812945e-04   4.9935614e-05   6.5887269e-04   2.7453029e-03   1.1438762e-02   4.7661508e-02   1.9858962e-01   8.2745674e-01
   1.6645205e-04   4.1613012e-05   6.5887269e-04   2.7453029e-03   1.1438762e-02   4.7661508e-02   1.9858962e-01   8.2745674e-01
   1.7477465e-04   3.3290410e-05   6.5887269e-04   2.7453029e-03   1.1438762e-02   4.7661508e-02   1.9858962e-01   8.2745674e-01
   1.8309725e-04   2.4967807e-05   6.5887269e-04   2.7453029e-03   1.1438762e-02   4.7661508e-02   1.9858962e-01   8.2745674e-01
   1.9141986e-04   1.6645205e-05   6.5887269e-04   2.7453029e-03   1.1438762e-02   4.7661508e-02   1.9858962e-01   8.2745674e-01
   1.9974246e-04   8.3226024e-06   6.5887269e-04   2.7453029e-03   1.1438762e-02   4.7661508e-02   1.9858962e-01   8.2745674e-01
   2.0806506e-04   0.0000000e+00   6.5887269e-04   2.7453029e-03   1.1438762e-02   4.7661508e-02   1.9858962e-01   8.2745674e-01
   0.0000000e+00   2.0980376e-01   6.6253818e-02   8.7176076e-02   1.1470536e-01   1.5092811e-01   1.9858962e-01   2.6130213e-01
   8.3921502e-03   2.0141161e-01   6.6253818e-02   8.7176076e-02   1.1470536e-01   1.5092811e-01   1.9858962e-01   2.6130213e-01
   1.6784300e-02   1.9301946e-01   6.6253818e-02   8.7176076e-02   1.1470536e-01   1.5092811e-01   1.9858962e-01   2.6130213e-01
   2.5176451e-02   1.8462731e-01   6.6253818e-02   8.7176076e-02   1.1470536e-01   1.5092811e-01   1.9858962e-01   2.6130213e-01
   3.3568601e-02   1.7623516e-01   6.6253818e-02   8.7176076e-02   1.1470536e-01   1.5092811e-01   1.9858962e-01   2.6130213e-01
   4.1960751e-02   1.6784300e-01   6.6253818e-02   8.7176076e-02   1.1470536e-01   1.5092811e-01   1.9858962e-01   2.6130213e-01
   5.0352901e-02   1.5945085e-01   6.6253818e-02   8.7176076e-02   1.1470536e-01   1.5092811e-01   1.9858962e-01   2.6130213e-01
   5.8745052e-02   1.5105870e-01   6.6253818e-02   8.7176076e-02   1.1470536e-01   1.5092811e-01   1.9858962e-01   2.6130213e-01
   6.7137202e-02   1.4266655e-01   6.6253818e-02   8.7176076e-02   1.1470536e-01   1.5092811e-01   1.9858962e-01   2.6130213e-01
   7.5529352e-02   1.3427440e-01   6.6253818e-02   8.7176076e-02   1.1470536e-01   1.5092811e-01   1.9858962e-01   2.6130213e-01
   8.3921502e-02   1.2588225e-01   6.6253818e-02   8.7176076e-02   1.1470536e-01   1.5092811e-01   1.9858962e-01   2.6130213e-01
   9.2313653e-02   1.1749010e-01   6.6253818e-02   8.7176076e-02   1.1470536e-01   1.5092811e-01   1.9858962e-01   2.6130213e-01
   1.0070580e-01   1.0909795e-01   6.6253818e-02   8.7176076e-02   1.1470536e-01   1.5092811e-01   1.9858962e-01   2.6130213e-01
   1.0909795e-01   1.0070580e-01   6.6253818e-02   8.7176076e-02   1.1470536e-01   1.5092811e-01   1.9858962e-01   2.6130213e-01
   1.1749010e-01   9.2313653e-02   6.6253818e-02   8.7176076e-02   1.1470536e-01   1.5092811e-01   1.9858962e-01   2.6130213e-01
   1.2588225e-01   8.3921502e-02   6.6253818e-02   8.7176076e-02   1.1470536e-01   1.5092811e-01   1.9858962e-01   2.6130213e-01
   1.3427440e-01   7.5529352e-02   6.6253818e-02   8.7176076e-02   1.1470536e-01   1.5092811e-01   1.9858962e-01   2.6130213e-01
   1.4266655e-01   6.7137202e-02   6.6253818e-02   8.7176076e-02   1.1470536e-01   1.5092811e-01   1.9858962e-01   2.6130213e-01
   1.5105870e-01   5.8745052e-02   6.6253818e-02   8.7176076e-02   1.1470536e-01   1.5092811e-01   1.9858962e-01   2.6130213e-01
   1.5945085e-01   5.0352901e-02   6.6253818e-02   8.7176076e-02   1.1470536e-01   1.5092811e-01   1.9858962e-01   2.6130213e-01
   1.6784300e-01   4.1960751e-02   6.6253818e-02   8.7176076e-02   1.1470536e-01   1.5092811e-01   1.9858962e-01   2.6130213e-01
   1.7623516e-01   3.3568601e-02   6.6253818e-02   8.7176076e-02   1.1470536e-01   1.5092811e-01   1.9858962e-01   2.6130213e-01
   1.8462731e-01   2.5176451e-02   6.6253818e-02   8.7176076e-02   1.1470536e-01   1.5092811e-01   1.9858962e-01   2.6130213e-01
   1.9301946e-01   1.6784300e-02   6.6253818e-02   8.7176076e-02   1.1470536e-01   1.5092811e-01   1.9858962e-01   2.6130213e-01
   2.0141161e-01   8.3921502e-03   6.6253818e-02   8.7176076e-02   1.1470536e-01   1.5092811e-01   1.9858962e-01   2.6130213e-01
   2.0980376e-01   0.0000000e+00   6.6253818e-02   8.7176076e-02   1.1470536e-01   1.5092811e-01   1.9858962e-01   2.6130213e-01

