   0.0000000e+00   9.2192017e-02   1.6389692e-01   4.5526922e-01   1.2646367e+00
   3.6876807e-03   8.8504337e-02   1.6389692e-01   4.5526922e-01   1.2646367e+00
   7.3753614e-03   8.4816656e-02   1.6389692e-01   4.5526922e-01   1.2646367e+00
   1.1063042e-02   8.1128975e-02   1.6389692e-01   4.5526922e-01   1.2646367e+00
   1.4750723e-02   7.7441295e-02   1.6389692e-01   4.5526922e-01   1.2646367e+00
   1.8438403e-02   7.3753614e-02   1.6389692e-01   4.5526922e-01   1.2646367e+00
   2.2126084e-02   7.0065933e-02   1.6389692e-01   4.5526922e-01   1.2646367e+00
   2.5813765e-02   6.6378252e-02   1.6389692e-01   4.5526922e-01   1.2646367e+00
   2.9501446e-02   6.2690572e-02   1.6389692e-01   4.5526922e-01   1.2646367e+00
   3.3189126e-02   5.9002891e-02   1.6389692e-01   4.5526922e-01   1.2646367e+00
   3.6876807e-02   5.5315210e-02   1.6389692e-01   4.5526922e-01   1.2646367e+00
   4.0564488e-02   5.1627530e-02   1.6389692e-01   4.5526922e-01   1.2646367e+00
   4.4252168e-02   4.7939849e-02   1.6389692e-01   4.5526922e-01   1.2646367e+00
   4.7939849e-02   4.4252168e-02   1.6389692e-01   4.5526922e-01   1.2646367e+00
   5.1627530e-02   4.0564488e-02   1.6389692e-01   4.5526922e-01   1.2646367e+00
   5.5315210e-02   3.6876807e-02   1.6389692e-01   4.5526922e-01   1.2646367e+00
   5.9002891e-02   3.3189126e-02   1.6389692e-01   4.5526922e-01   1.2646367e+00
   6.2690572e-02   2.9501446e-02   1.6389692e-01   4.5526922e-01   1.2646367e+00
   6.6378252e-02   2.5813765e-02   1.6389692e-01   4.5526922e-01   1.2646367e+00
   7.0065933e-02   2.2126084e-02   1.6389692e-01   4.5526922e-01   1.2646367e+00
   7.3753614e-02   1.8438403e-02   1.6389692e-01   4.5526922e-01   1.2646367e+00
   7.7441295e-02   1.4750723e-02   1.6389692e-01   4.5526922e-01   1.2646367e+00
   8.1128975e-02   1.1063042e-02   1.6389692e-01   4.5526922e-01   1.2646367e+00
   8.4816656e-02   7.3753614e-03   1.6389692e-01   4.5526922e-01   1.2646367e+00
   8.8504337e-02   3.6876807e-03   1.6389692e-01   4.5526922e-01   1.2646367e+00
   9.2192017e-02   0.0000000e+00   1.6389692e-01   4.5526922e-01   1.2646367e+00
   0.0000000e+00   1.8740420e+00   1.6296018e-01   1.7713063e-01   1.9253329e-01
   7.4961681e-02   1.7990803e+00   1.6296018e-01   1.7713063e-01   1.9253329e-01
   1.4992336e-01   1.7241187e+00   1.6296018e-01   1.7713063e-01   1.9253329e-01
   2.2488504e-01   1.6491570e+00   1.6296018e-01   1.7713063e-01   1.9253329e-01
   2.9984672e-01   1.5741953e+00   1.6296018e-01   1.7713063e-01   1.9253329e-01
   3.7480841e-01   1.4992336e+00   1.6296018e-01   1.7713063e-01   1.9253329e-01
   4.4977009e-01   1.4242719e+00   1.6296018e-01   1.7713063e-01   1.9253329e-01
   5.2473177e-01   1.3493103e+00   1.6296018e-01   1.7713063e-01   1.9253329e-01
   5.9969345e-01   1.2743486e+00   1.6296018e-01   1.7713063e-01   1.9253329e-01
   6.7465513e-01   1.1993869e+00   1.6296018e-01   1.7713063e-01   1.9253329e-01
   7.4961681e-01   1.1244252e+00   1.6296018e-01   1.7713063e-01   1.9253329e-01
   8.2457849e-01   1.0494635e+00   1.6296018e-01   1.7713063e-01   1.9253329e-01
   8.9954017e-01   9.7450186e-01   1.6296018e-01   1.7713063e-01   1.9253329e-01
   9.7450186e-01   8.9954017e-01   1.6296018e-01   1.7713063e-01   1.9253329e-01
   1.0494635e+00   8.2457849e-01   1.6296018e-01   1.7713063e-01   1.9253329e-01
   1.1244252e+00   7.4961681e-01   1.6296018e-01   1.7713063e-01   1.9253329e-01
   1.1993869e+00   6.7465513e-01   1.6296018e-01   1.7713063e-01   1.9253329e-01
   1.2743486e+00   5.9969345e-01   1.6296018e-01   1.7713063e-01   1.9253329e-01
   1.3493103e+00   5.2473177e-01   1.6296018e-01   1.7713063e-01   1.9253329e-01
   1.4242719e+00   4.4977009e-01   1.6296018e-01   1.7713063e-01   1.9253329e-01
   1.4992336e+00   3.7480841e-01   1.6296018e-01   1.7713063e-01   1.9253329e-01
   1.5741953e+00   2.9984672e-01   1.6296018e-01   1.7713063e-01   1.9253329e-01
   1.6491570e+00   2.2488504e-01   1.6296018e-01   1.7713063e-01   1.9253329e-01
   1.7241187e+00   1.4992336e-01   1.6296018e-01   1.7713063e-01   1.9253329e-01
   1.7990803e+00   7.4961681e-02   1.6296018e-01   1.7713063e-01   1.9253329e-01
   1.8740420e+00   0.0000000e+00   1.6296018e-01   1.7713063e-01   1.9253329e-01

