   0.0000000e+00   1.5051003e-02   4.7661508e-02   1.9858962e-01   8.2745674e-01
   6.0204010e-04   1.4448962e-02   4.7661508e-02   1.9858962e-01   8.2745674e-01
   1.2040802e-03   1.3846922e-02   4.7661508e-02   1.9858962e-01   8.2745674e-01
   1.8061203e-03   1.3244882e-02   4.7661508e-02   1.9858962e-01   8.2745674e-01
   2.4081604e-03   1.2642842e-02   4.7661508e-02   1.9858962e-01   8.2745674e-01
   3.0102005e-03   1.2040802e-02   4.7661508e-02   1.9858962e-01   8.2745674e-01
   3.6122406e-03   1.1438762e-02   4.7661508e-02   1.9858962e-01   8.2745674e-01
   4.2142807e-03   1.0836722e-02   4.7661508e-02   1.9858962e-01   8.2745674e-01
   4.8163208e-03   1.0234682e-02   4.7661508e-02   1.9858962e-01   8.2745674e-01
   5.4183609e-03   9.6326417e-03   4.7661508e-02   1.9858962e-01   8.2745674e-01
   6.0204010e-03   9.0306016e-03   4.7661508e-02   1.9858962e-01   8.2745674e-01
   6.6224411e-03   8.4285615e-03   4.7661508e-02   1.9858962e-01   8.2745674e-01
   7.2244812e-03   7.8265214e-03   4.7661508e-02   1.9858962e-01   8.2745674e-01
   7.8265214e-03   7.2244812e-03   4.7661508e-02   1.9858962e-01   8.2745674e-01
   8.4285615e-03   6.6224411e-03   4.7661508e-02   1.9858962e-01   8.2745674e-01
   9.0306016e-03   6.0204010e-03   4.7661508e-02   1.9858962e-01   8.2745674e-01
   9.6326417e-03   5.4183609e-03   4.7661508e-02   1.9858962e-01   8.2745674e-01
   1.0234682e-02   4.8163208e-03   4.7661508e-02   1.9858962e-01   8.2745674e-01
   1.0836722e-02   4.2142807e-03   4.7661508e-02   1.9858962e-01   8.2745674e-01
   1.1438762e-02   3.6122406e-03   4.7661508e-02   1.9858962e-01   8.2745674e-01
   1.2040802e-02   3.0102005e-03   4.7661508e-02   1.9858962e-01   8.2745674e-01
   1.2642842e-02   2.4081604e-03   4.7661508e-02   1.9858962e-01   8.2745674e-01
   1.3244882e-02   1.8061203e-03   4.7661508e-02   1.9858962e-01   8.2745674e-01
   1.3846922e-02   1.2040802e-03   4.7661508e-02   1.9858962e-01   8.2745674e-01
   1.4448962e-02   6.0204010e-04   4.7661508e-02   1.9858962e-01   8.2745674e-01
   1.5051003e-02   0.0000000e+00   4.7661508e-02   1.9858962e-01   8.2745674e-01
   0.0000000e+00   4.7793901e-01   1.5092811e-01   1.9858962e-01   2.6130213e-01
   1.9117561e-02   4.5882145e-01   1.5092811e-01   1.9858962e-01   2.6130213e-01
   3.8235121e-02   4.3970389e-01   1.5092811e-01   1.9858962e-01   2.6130213e-01
   5.7352682e-02   4.2058633e-01   1.5092811e-01   1.9858962e-01   2.6130213e-01
   7.6470242e-02   4.0146877e-01   1.5092811e-01   1.9858962e-01   2.6130213e-01
   9.5587803e-02   3.8235121e-01   1.5092811e-01   1.9858962e-01   2.6130213e-01
   1.1470536e-01   3.6323365e-01   1.5092811e-01   1.9858962e-01   2.6130213e-01
   1.3382292e-01   3.4411609e-01   1.5092811e-01   1.9858962e-01   2.6130213e-01
   1.5294048e-01   3.2499853e-01   1.5092811e-01   1.9858962e-01   2.6130213e-01
   1.7205804e-01   3.0588097e-01   1.5092811e-01   1.9858962e-01   2.6130213e-01
   1.9117561e-01   2.8676341e-01   1.5092811e-01   1.9858962e-01   2.6130213e-01
   2.1029317e-01   2.6764585e-01   1.5092811e-01   1.9858962e-01   2.6130213e-01
   2.2941073e-01   2.4852829e-01   1.5092811e-01   1.9858962e-01   2.6130213e-01
   2.4852829e-01   2.2941073e-01   1.5092811e-01   1.9858962e-01   2.6130213e-01
   2.6764585e-01   2.1029317e-01   1.5092811e-01   1.9858962e-01   2.6130213e-01
   2.8676341e-01   1.9117561e-01   1.5092811e-01   1.9858962e-01   2.6130213e-01
   3.0588097e-01   1.7205804e-01   1.5092811e-01   1.9858962e-01   2.6130213e-01
   3.2499853e-01   1.5294048e-01   1.5092811e-01   1.9858962e-01   2.6130213e-01
   3.4411609e-01   1.3382292e-01   1.5092811e-01   1.9858962e-01   2.6130213e-01
   3.6323365e-01   1.1470536e-01   1.5092811e-01   1.9858962e-01   2.6130213e-01
   3.8235121e-01   9.5587803e-02   1.5092811e-01   1.9858962e-01   2.6130213e-01
   4.0146877e-01   7.6470242e-02   1.5092811e-01   1.9858962e-01   2.6130213e-01
   4.2058633e-01   5.7352682e-02   1.5092811e-01   1.9858962e-01   2.6130213e-01
   4.3970389e-01   3.8235121e-02   1.5092811e-01   1.9858962e-01   2.6130213e-01
   4.5882145e-01   1.9117561e-02   1.5092811e-01   1.9858962e-01   2.6130213e-01
   4.7793901e-01   0.0000000e+00   1.5092811e-01   1.9858962e-01   2.6130213e-01

