   0.0000000e+00   2.6130213e-01   8.2745674e-01
   1.0452085e-02   2.5085004e-01   8.2745674e-01
   2.0904170e-02   2.4039796e-01   8.2745674e-01
   3.1356255e-02   2.2994587e-01   8.2745674e-01
   4.1808341e-02   2.1949379e-01   8.2745674e-01
   5.2260426e-02   2.0904170e-01   8.2745674e-01
   6.2712511e-02   1.9858962e-01   8.2745674e-01
   7.3164596e-02   1.8813753e-01   8.2745674e-01
   8.3616681e-02   1.7768545e-01   8.2745674e-01
   9.4068766e-02   1.6723336e-01   8.2745674e-01
   1.0452085e-01   1.5678128e-01   8.2745674e-01
   1.1497294e-01   1.4632919e-01   8.2745674e-01
   1.2542502e-01   1.3587711e-01   8.2745674e-01
   1.3587711e-01   1.2542502e-01   8.2745674e-01
   1.4632919e-01   1.1497294e-01   8.2745674e-01
   1.5678128e-01   1.0452085e-01   8.2745674e-01
   1.6723336e-01   9.4068766e-02   8.2745674e-01
   1.7768545e-01   8.3616681e-02   8.2745674e-01
   1.8813753e-01   7.3164596e-02   8.2745674e-01
   1.9858962e-01   6.2712511e-02   8.2745674e-01
   2.0904170e-01   5.2260426e-02   8.2745674e-01
   2.1949379e-01   4.1808341e-02   8.2745674e-01
   2.2994587e-01   3.1356255e-02   8.2745674e-01
   2.4039796e-01   2.0904170e-02   8.2745674e-01
   2.5085004e-01   1.0452085e-02   8.2745674e-01
   2.6130213e-01   0.0000000e+00   8.2745674e-01
   0.0000000e+00   8.2745674e-01   2.6130213e-01
   3.3098270e-02   7.9435847e-01   2.6130213e-01
   6.6196539e-02   7.6126020e-01   2.6130213e-01
   9.9294809e-02   7.2816193e-01   2.6130213e-01
   1.3239308e-01   6.9506366e-01   2.6130213e-01
   1.6549135e-01   6.6196539e-01   2.6130213e-01
   1.9858962e-01   6.2886712e-01   2.6130213e-01
   2.3168789e-01   5.9576885e-01   2.6130213e-01
   2.6478616e-01   5.6267058e-01   2.6130213e-01
   2.9788443e-01   5.2957231e-01   2.6130213e-01
   3.3098270e-01   4.9647404e-01   2.6130213e-01
   3.6408097e-01   4.6337577e-01   2.6130213e-01
   3.9717924e-01   4.3027750e-01   2.6130213e-01
   4.3027750e-01   3.9717924e-01   2.6130213e-01
   4.6337577e-01   3.6408097e-01   2.6130213e-01
   4.9647404e-01   3.3098270e-01   2.6130213e-01
   5.2957231e-01   2.9788443e-01   2.6130213e-01
   5.6267058e-01   2.6478616e-01   2.6130213e-01
   5.9576885e-01   2.3168789e-01   2.6130213e-01
   6.2886712e-01   1.9858962e-01   2.6130213e-01
   6.6196539e-01   1.6549135e-01   2.6130213e-01
   6.9506366e-01   1.3239308e-01   2.6130213e-01
   7.2816193e-01   9.9294809e-02   2.6130213e-01
   7.6126020e-01   6.6196539e-02   2.6130213e-01
   7.9435847e-01   3.3098270e-02   2.6130213e-01
   8.2745674e-01   0.0000000e+00   2.6130213e-01

