   0.0000000e+00   7.1135816e-01   1.2646367e+00
   2.8454326e-02   6.8290383e-01   1.2646367e+00
   5.6908653e-02   6.5444951e-01   1.2646367e+00
   8.5362979e-02   6.2599518e-01   1.2646367e+00
   1.1381731e-01   5.9754085e-01   1.2646367e+00
   1.4227163e-01   5.6908653e-01   1.2646367e+00
   1.7072596e-01   5.4063220e-01   1.2646367e+00
   1.9918028e-01   5.1217787e-01   1.2646367e+00
   2.2763461e-01   4.8372355e-01   1.2646367e+00
   2.5608894e-01   4.5526922e-01   1.2646367e+00
   2.8454326e-01   4.2681490e-01   1.2646367e+00
   3.1299759e-01   3.9836057e-01   1.2646367e+00
   3.4145192e-01   3.6990624e-01   1.2646367e+00
   3.6990624e-01   3.4145192e-01   1.2646367e+00
   3.9836057e-01   3.1299759e-01   1.2646367e+00
   4.2681490e-01   2.8454326e-01   1.2646367e+00
   4.5526922e-01   2.5608894e-01   1.2646367e+00
   4.8372355e-01   2.2763461e-01   1.2646367e+00
   5.1217787e-01   1.9918028e-01   1.2646367e+00
   5.4063220e-01   1.7072596e-01   1.2646367e+00
   5.6908653e-01   1.4227163e-01   1.2646367e+00
   5.9754085e-01   1.1381731e-01   1.2646367e+00
   6.2599518e-01   8.5362979e-02   1.2646367e+00
   6.5444951e-01   5.6908653e-02   1.2646367e+00
   6.8290383e-01   2.8454326e-02   1.2646367e+00
   7.1135816e-01   0.0000000e+00   1.2646367e+00
   0.0000000e+00   2.2141328e+00   1.9253329e-01
   8.8565313e-02   2.1255675e+00   1.9253329e-01
   1.7713063e-01   2.0370022e+00   1.9253329e-01
   2.6569594e-01   1.9484369e+00   1.9253329e-01
   3.5426125e-01   1.8598716e+00   1.9253329e-01
   4.4282657e-01   1.7713063e+00   1.9253329e-01
   5.3139188e-01   1.6827410e+00   1.9253329e-01
   6.1995719e-01   1.5941756e+00   1.9253329e-01
   7.0852251e-01   1.5056103e+00   1.9253329e-01
   7.9708782e-01   1.4170450e+00   1.9253329e-01
   8.8565313e-01   1.3284797e+00   1.9253329e-01
   9.7421845e-01   1.2399144e+00   1.9253329e-01
   1.0627838e+00   1.1513491e+00   1.9253329e-01
   1.1513491e+00   1.0627838e+00   1.9253329e-01
   1.2399144e+00   9.7421845e-01   1.9253329e-01
   1.3284797e+00   8.8565313e-01   1.9253329e-01
   1.4170450e+00   7.9708782e-01   1.9253329e-01
   1.5056103e+00   7.0852251e-01   1.9253329e-01
   1.5941756e+00   6.1995719e-01   1.9253329e-01
   1.6827410e+00   5.3139188e-01   1.9253329e-01
   1.7713063e+00   4.4282657e-01   1.9253329e-01
   1.8598716e+00   3.5426125e-01   1.9253329e-01
   1.9484369e+00   2.6569594e-01   1.9253329e-01
   2.0370022e+00   1.7713063e-01   1.9253329e-01
   2.1255675e+00   8.8565313e-02   1.9253329e-01
   2.2141328e+00   0.0000000e+00   1.9253329e-01
