   0.0000000e+00   5.5744987e-04   9.9102200e-04   2.7528389e-03   7.6467747e-03   2.1241041e-02   5.9002891e-02   1.6389692e-01   4.5526922e-01   1.2646367e+00
   2.2297995e-05   5.3515188e-04   9.9102200e-04   2.7528389e-03   7.6467747e-03   2.1241041e-02   5.9002891e-02   1.6389692e-01   4.5526922e-01   1.2646367e+00
   4.4595990e-05   5.1285388e-04   9.9102200e-04   2.7528389e-03   7.6467747e-03   2.1241041e-02   5.9002891e-02   1.6389692e-01   4.5526922e-01   1.2646367e+00
   6.6893985e-05   4.9055589e-04   9.9102200e-04   2.7528389e-03   7.6467747e-03   2.1241041e-02   5.9002891e-02   1.6389692e-01   4.5526922e-01   1.2646367e+00
   8.9191980e-05   4.6825789e-04   9.9102200e-04   2.7528389e-03   7.6467747e-03   2.1241041e-02   5.9002891e-02   1.6389692e-01   4.5526922e-01   1.2646367e+00
   1.1148997e-04   4.4595990e-04   9.9102200e-04   2.7528389e-03   7.6467747e-03   2.1241041e-02   5.9002891e-02   1.6389692e-01   4.5526922e-01   1.2646367e+00
   1.3378797e-04   4.2366190e-04   9.9102200e-04   2.7528389e-03   7.6467747e-03   2.1241041e-02   5.9002891e-02   1.6389692e-01   4.5526922e-01   1.2646367e+00
   1.5608596e-04   4.0136391e-04   9.9102200e-04   2.7528389e-03   7.6467747e-03   2.1241041e-02   5.9002891e-02   1.6389692e-01   4.5526922e-01   1.2646367e+00
   1.7838396e-04   3.7906591e-04   9.9102200e-04   2.7528389e-03   7.6467747e-03   2.1241041e-02   5.9002891e-02   1.6389692e-01   4.5526922e-01   1.2646367e+00
   2.0068195e-04   3.5676792e-04   9.9102200e-04   2.7528389e-03   7.6467747e-03   2.1241041e-02   5.9002891e-02   1.6389692e-01   4.5526922e-01   1.2646367e+00
   2.2297995e-04   3.3446992e-04   9.9102200e-04   2.7528389e-03   7.6467747e-03   2.1241041e-02   5.9002891e-02   1.6389692e-01   4.5526922e-01   1.2646367e+00
   2.4527794e-04   3.1217193e-04   9.9102200e-04   2.7528389e-03   7.6467747e-03   2.1241041e-02   5.9002891e-02   1.6389692e-01   4.5526922e-01   1.2646367e+00
   2.6757594e-04   2.8987393e-04   9.9102200e-04   2.7528389e-03   7.6467747e-03   2.1241041e-02   5.9002891e-02   1.6389692e-01   4.5526922e-01   1.2646367e+00
   2.8987393e-04   2.6757594e-04   9.9102200e-04   2.7528389e-03   7.6467747e-03   2.1241041e-02   5.9002891e-02   1.6389692e-01   4.5526922e-01   1.2646367e+00
   3.1217193e-04   2.4527794e-04   9.9102200e-04   2.7528389e-03   7.6467747e-03   2.1241041e-02   5.9002891e-02   1.6389692e-01   4.5526922e-01   1.2646367e+00
   3.3446992e-04   2.2297995e-04   9.9102200e-04   2.7528389e-03   7.6467747e-03   2.1241041e-02   5.9002891e-02   1.6389692e-01   4.5526922e-01   1.2646367e+00
   3.5676792e-04   2.0068195e-04   9.9102200e-04   2.7528389e-03   7.6467747e-03   2.1241041e-02   5.9002891e-02   1.6389692e-01   4.5526922e-01   1.2646367e+00
   3.7906591e-04   1.7838396e-04   9.9102200e-04   2.7528389e-03   7.6467747e-03   2.1241041e-02   5.9002891e-02   1.6389692e-01   4.5526922e-01   1.2646367e+00
   4.0136391e-04   1.5608596e-04   9.9102200e-04   2.7528389e-03   7.6467747e-03   2.1241041e-02   5.9002891e-02   1.6389692e-01   4.5526922e-01   1.2646367e+00
   4.2366190e-04   1.3378797e-04   9.9102200e-04   2.7528389e-03   7.6467747e-03   2.1241041e-02   5.9002891e-02   1.6389692e-01   4.5526922e-01   1.2646367e+00
   4.4595990e-04   1.1148997e-04   9.9102200e-04   2.7528389e-03   7.6467747e-03   2.1241041e-02   5.9002891e-02   1.6389692e-01   4.5526922e-01   1.2646367e+00
   4.6825789e-04   8.9191980e-05   9.9102200e-04   2.7528389e-03   7.6467747e-03   2.1241041e-02   5.9002891e-02   1.6389692e-01   4.5526922e-01   1.2646367e+00
   4.9055589e-04   6.6893985e-05   9.9102200e-04   2.7528389e-03   7.6467747e-03   2.1241041e-02   5.9002891e-02   1.6389692e-01   4.5526922e-01   1.2646367e+00
   5.1285388e-04   4.4595990e-05   9.9102200e-04   2.7528389e-03   7.6467747e-03   2.1241041e-02   5.9002891e-02   1.6389692e-01   4.5526922e-01   1.2646367e+00
   5.3515188e-04   2.2297995e-05   9.9102200e-04   2.7528389e-03   7.6467747e-03   2.1241041e-02   5.9002891e-02   1.6389692e-01   4.5526922e-01   1.2646367e+00
   5.5744987e-04   0.0000000e+00   9.9102200e-04   2.7528389e-03   7.6467747e-03   2.1241041e-02   5.9002891e-02   1.6389692e-01   4.5526922e-01   1.2646367e+00
   0.0000000e+00   1.2351465e+00   1.0740404e-01   1.1674352e-01   1.2689513e-01   1.3792949e-01   1.4992336e-01   1.6296018e-01   1.7713063e-01   1.9253329e-01
   4.9405859e-02   1.1857406e+00   1.0740404e-01   1.1674352e-01   1.2689513e-01   1.3792949e-01   1.4992336e-01   1.6296018e-01   1.7713063e-01   1.9253329e-01
   9.8811718e-02   1.1363348e+00   1.0740404e-01   1.1674352e-01   1.2689513e-01   1.3792949e-01   1.4992336e-01   1.6296018e-01   1.7713063e-01   1.9253329e-01
   1.4821758e-01   1.0869289e+00   1.0740404e-01   1.1674352e-01   1.2689513e-01   1.3792949e-01   1.4992336e-01   1.6296018e-01   1.7713063e-01   1.9253329e-01
   1.9762344e-01   1.0375230e+00   1.0740404e-01   1.1674352e-01   1.2689513e-01   1.3792949e-01   1.4992336e-01   1.6296018e-01   1.7713063e-01   1.9253329e-01
   2.4702930e-01   9.8811718e-01   1.0740404e-01   1.1674352e-01   1.2689513e-01   1.3792949e-01   1.4992336e-01   1.6296018e-01   1.7713063e-01   1.9253329e-01
   2.9643515e-01   9.3871132e-01   1.0740404e-01   1.1674352e-01   1.2689513e-01   1.3792949e-01   1.4992336e-01   1.6296018e-01   1.7713063e-01   1.9253329e-01
   3.4584101e-01   8.8930546e-01   1.0740404e-01   1.1674352e-01   1.2689513e-01   1.3792949e-01   1.4992336e-01   1.6296018e-01   1.7713063e-01   1.9253329e-01
   3.9524687e-01   8.3989960e-01   1.0740404e-01   1.1674352e-01   1.2689513e-01   1.3792949e-01   1.4992336e-01   1.6296018e-01   1.7713063e-01   1.9253329e-01
   4.4465273e-01   7.9049374e-01   1.0740404e-01   1.1674352e-01   1.2689513e-01   1.3792949e-01   1.4992336e-01   1.6296018e-01   1.7713063e-01   1.9253329e-01
   4.9405859e-01   7.4108789e-01   1.0740404e-01   1.1674352e-01   1.2689513e-01   1.3792949e-01   1.4992336e-01   1.6296018e-01   1.7713063e-01   1.9253329e-01
   5.4346445e-01   6.9168203e-01   1.0740404e-01   1.1674352e-01   1.2689513e-01   1.3792949e-01   1.4992336e-01   1.6296018e-01   1.7713063e-01   1.9253329e-01
   5.9287031e-01   6.4227617e-01   1.0740404e-01   1.1674352e-01   1.2689513e-01   1.3792949e-01   1.4992336e-01   1.6296018e-01   1.7713063e-01   1.9253329e-01
   6.4227617e-01   5.9287031e-01   1.0740404e-01   1.1674352e-01   1.2689513e-01   1.3792949e-01   1.4992336e-01   1.6296018e-01   1.7713063e-01   1.9253329e-01
   6.9168203e-01   5.4346445e-01   1.0740404e-01   1.1674352e-01   1.2689513e-01   1.3792949e-01   1.4992336e-01   1.6296018e-01   1.7713063e-01   1.9253329e-01
   7.4108789e-01   4.9405859e-01   1.0740404e-01   1.1674352e-01   1.2689513e-01   1.3792949e-01   1.4992336e-01   1.6296018e-01   1.7713063e-01   1.9253329e-01
   7.9049374e-01   4.4465273e-01   1.0740404e-01   1.1674352e-01   1.2689513e-01   1.3792949e-01   1.4992336e-01   1.6296018e-01   1.7713063e-01   1.9253329e-01
   8.3989960e-01   3.9524687e-01   1.0740404e-01   1.1674352e-01   1.2689513e-01   1.3792949e-01   1.4992336e-01   1.6296018e-01   1.7713063e-01   1.9253329e-01
   8.8930546e-01   3.4584101e-01   1.0740404e-01   1.1674352e-01   1.2689513e-01   1.3792949e-01   1.4992336e-01   1.6296018e-01   1.7713063e-01   1.9253329e-01
   9.3871132e-01   2.9643515e-01   1.0740404e-01   1.1674352e-01   1.2689513e-01   1.3792949e-01   1.4992336e-01   1.6296018e-01   1.7713063e-01   1.9253329e-01
   9.8811718e-01   2.4702930e-01   1.0740404e-01   1.1674352e-01   1.2689513e-01   1.3792949e-01   1.4992336e-01   1.6296018e-01   1.7713063e-01   1.9253329e-01
   1.0375230e+00   1.9762344e-01   1.0740404e-01   1.1674352e-01   1.2689513e-01   1.3792949e-01   1.4992336e-01   1.6296018e-01   1.7713063e-01   1.9253329e-01
   1.0869289e+00   1.4821758e-01   1.0740404e-01   1.1674352e-01   1.2689513e-01   1.3792949e-01   1.4992336e-01   1.6296018e-01   1.7713063e-01   1.9253329e-01
   1.1363348e+00   9.8811718e-02   1.0740404e-01   1.1674352e-01   1.2689513e-01   1.3792949e-01   1.4992336e-01   1.6296018e-01   1.7713063e-01   1.9253329e-01
   1.1857406e+00   4.9405859e-02   1.0740404e-01   1.1674352e-01   1.2689513e-01   1.3792949e-01   1.4992336e-01   1.6296018e-01   1.7713063e-01   1.9253329e-01
   1.2351465e+00   0.0000000e+00   1.0740404e-01   1.1674352e-01   1.2689513e-01   1.3792949e-01   1.4992336e-01   1.6296018e-01   1.7713063e-01   1.9253329e-01

