   5.6254168e-03   8.8642386e-03   1.6543104e-02   3.0873977e-02   5.7619323e-02   1.0753349e-01   2.0068703e-01   3.7453712e-01
   1.0309014e-02   1.9665495e-03   1.6537328e-02   3.0863196e-02   5.7599203e-02   1.0749594e-01   2.0061695e-01   3.7440634e-01
   1.0309014e-02   1.6244406e-02   3.6701216e-03   3.0863196e-02   5.7599203e-02   1.0749594e-01   2.0061695e-01   3.7440634e-01
   1.8892068e-02   3.6038548e-03   3.6688400e-03   3.0852419e-02   5.7579090e-02   1.0745840e-01   2.0054689e-01   3.7427560e-01
   1.0309014e-02   1.6244406e-02   3.0316524e-02   6.8494552e-03   5.7599203e-02   1.0749594e-01   2.0061695e-01   3.7440634e-01
   1.8892068e-02   3.6038548e-03   3.0305938e-02   6.8470634e-03   5.7579090e-02   1.0745840e-01   2.0054689e-01   3.7427560e-01
   1.8892068e-02   2.9769136e-02   6.7257831e-03   6.8470634e-03   5.7579090e-02   1.0745840e-01   2.0054689e-01   3.7427560e-01
   3.4621184e-02   6.6043440e-03   6.7234345e-03   6.8446725e-03   5.7558984e-02   1.0742088e-01   2.0047686e-01   3.7414490e-01
   1.0309014e-02   1.6244406e-02   3.0316524e-02   5.6578963e-02   1.2782965e-02   1.0749594e-01   2.0061695e-01   3.7440634e-01
   1.8892068e-02   3.6038548e-03   3.0305938e-02   5.6559206e-02   1.2778501e-02   1.0745840e-01   2.0054689e-01   3.7427560e-01
   1.8892068e-02   2.9769136e-02   6.7257831e-03   5.6559206e-02   1.2778501e-02   1.0745840e-01   2.0054689e-01   3.7427560e-01
   3.4621184e-02   6.6043440e-03   6.7234345e-03   5.6539456e-02   1.2774039e-02   1.0742088e-01   2.0047686e-01   3.7414490e-01
   1.8892068e-02   2.9769136e-02   5.5557387e-02   1.2552159e-02   1.2778501e-02   1.0745840e-01   2.0054689e-01   3.7427560e-01
   3.4621184e-02   6.6043440e-03   5.5537987e-02   1.2547776e-02   1.2774039e-02   1.0742088e-01   2.0047686e-01   3.7414490e-01
   3.4621184e-02   5.4554256e-02   1.2325520e-02   1.2547776e-02   1.2774039e-02   1.0742088e-01   2.0047686e-01   3.7414490e-01
   6.3446010e-02   1.2102974e-02   1.2321216e-02   1.2543394e-02   1.2769579e-02   1.0738337e-01   2.0040686e-01   3.7401426e-01
   1.0309014e-02   1.6244406e-02   3.0316524e-02   5.6578963e-02   1.0559189e-01   2.3856524e-02   2.0061695e-01   3.7440634e-01
   1.8892068e-02   3.6038548e-03   3.0305938e-02   5.6559206e-02   1.0555502e-01   2.3848194e-02   2.0054689e-01   3.7427560e-01
   1.8892068e-02   2.9769136e-02   6.7257831e-03   5.6559206e-02   1.0555502e-01   2.3848194e-02   2.0054689e-01   3.7427560e-01
   3.4621184e-02   6.6043440e-03   6.7234345e-03   5.6539456e-02   1.0551816e-01   2.3839866e-02   2.0047686e-01   3.7414490e-01
   1.8892068e-02   2.9769136e-02   5.5557387e-02   1.2552159e-02   1.0555502e-01   2.3848194e-02   2.0054689e-01   3.7427560e-01
   3.4621184e-02   6.6043440e-03   5.5537987e-02   1.2547776e-02   1.0551816e-01   2.3839866e-02   2.0047686e-01   3.7414490e-01
   3.4621184e-02   5.4554256e-02   1.2325520e-02   1.2547776e-02   1.0551816e-01   2.3839866e-02   2.0047686e-01   3.7414490e-01
   6.3446010e-02   1.2102974e-02   1.2321216e-02   1.2543394e-02   1.0548131e-01   2.3831542e-02   2.0040686e-01   3.7401426e-01
   1.8892068e-02   2.9769136e-02   5.5557387e-02   1.0368535e-01   2.3425777e-02   2.3848194e-02   2.0054689e-01   3.7427560e-01
   3.4621184e-02   6.6043440e-03   5.5537987e-02   1.0364914e-01   2.3417597e-02   2.3839866e-02   2.0047686e-01   3.7414490e-01
   3.4621184e-02   5.4554256e-02   1.2325520e-02   1.0364914e-01   2.3417597e-02   2.3839866e-02   2.0047686e-01   3.7414490e-01
   6.3446010e-02   1.2102974e-02   1.2321216e-02   1.0361295e-01   2.3409420e-02   2.3831542e-02   2.0040686e-01   3.7401426e-01
   3.4621184e-02   5.4554256e-02   1.0181323e-01   2.3002807e-02   2.3417597e-02   2.3839866e-02   2.0047686e-01   3.7414490e-01
   6.3446010e-02   1.2102974e-02   1.0177768e-01   2.2994774e-02   2.3409420e-02   2.3831542e-02   2.0040686e-01   3.7401426e-01
   6.3446010e-02   9.9974914e-02   2.2587474e-02   2.2994774e-02   2.3409420e-02   2.3831542e-02   2.0040686e-01   3.7401426e-01
   1.1626974e-01   2.2179640e-02   2.2579586e-02   2.2986745e-02   2.3401245e-02   2.3823220e-02   2.0033688e-01   3.7388365e-01
   1.0309014e-02   1.6244406e-02   3.0316524e-02   5.6578963e-02   1.0559189e-01   1.9706347e-01   4.4522828e-02   3.7440634e-01
   1.8892068e-02   3.6038548e-03   3.0305938e-02   5.6559206e-02   1.0555502e-01   1.9699466e-01   4.4507281e-02   3.7427560e-01
   1.8892068e-02   2.9769136e-02   6.7257831e-03   5.6559206e-02   1.0555502e-01   1.9699466e-01   4.4507281e-02   3.7427560e-01
   3.4621184e-02   6.6043440e-03   6.7234345e-03   5.6539456e-02   1.0551816e-01   1.9692587e-01   4.4491740e-02   3.7414490e-01
   1.8892068e-02   2.9769136e-02   5.5557387e-02   1.2552159e-02   1.0555502e-01   1.9699466e-01   4.4507281e-02   3.7427560e-01
   3.4621184e-02   6.6043440e-03   5.5537987e-02   1.2547776e-02   1.0551816e-01   1.9692587e-01   4.4491740e-02   3.7414490e-01
   3.4621184e-02   5.4554256e-02   1.2325520e-02   1.2547776e-02   1.0551816e-01   1.9692587e-01   4.4491740e-02   3.7414490e-01
   6.3446010e-02   1.2102974e-02   1.2321216e-02   1.2543394e-02   1.0548131e-01   1.9685710e-01   4.4476204e-02   3.7401426e-01
   1.8892068e-02   2.9769136e-02   5.5557387e-02   1.0368535e-01   2.3425777e-02   1.9699466e-01   4.4507281e-02   3.7427560e-01
   3.4621184e-02   6.6043440e-03   5.5537987e-02   1.0364914e-01   2.3417597e-02   1.9692587e-01   4.4491740e-02   3.7414490e-01
   3.4621184e-02   5.4554256e-02   1.2325520e-02   1.0364914e-01   2.3417597e-02   1.9692587e-01   4.4491740e-02   3.7414490e-01
   6.3446010e-02   1.2102974e-02   1.2321216e-02   1.0361295e-01   2.3409420e-02   1.9685710e-01   4.4476204e-02   3.7401426e-01
   3.4621184e-02   5.4554256e-02   1.0181323e-01   2.3002807e-02   2.3417597e-02   1.9692587e-01   4.4491740e-02   3.7414490e-01
   6.3446010e-02   1.2102974e-02   1.0177768e-01   2.2994774e-02   2.3409420e-02   1.9685710e-01   4.4476204e-02   3.7401426e-01
   6.3446010e-02   9.9974914e-02   2.2587474e-02   2.2994774e-02   2.3409420e-02   1.9685710e-01   4.4476204e-02   3.7401426e-01
   1.1626974e-01   2.2179640e-02   2.2579586e-02   2.2986745e-02   2.3401245e-02   1.9678836e-01   4.4460673e-02   3.7388365e-01
   1.8892068e-02   2.9769136e-02   5.5557387e-02   1.0368535e-01   1.9350534e-01   4.3718935e-02   4.4507281e-02   3.7427560e-01
   3.4621184e-02   6.6043440e-03   5.5537987e-02   1.0364914e-01   1.9343777e-01   4.3703669e-02   4.4491740e-02   3.7414490e-01
   3.4621184e-02   5.4554256e-02   1.2325520e-02   1.0364914e-01   1.9343777e-01   4.3703669e-02   4.4491740e-02   3.7414490e-01
   6.3446010e-02   1.2102974e-02   1.2321216e-02   1.0361295e-01   1.9337022e-01   4.3688408e-02   4.4476204e-02   3.7401426e-01
   3.4621184e-02   5.4554256e-02   1.0181323e-01   2.3002807e-02   1.9343777e-01   4.3703669e-02   4.4491740e-02   3.7414490e-01
   6.3446010e-02   1.2102974e-02   1.0177768e-01   2.2994774e-02   1.9337022e-01   4.3688408e-02   4.4476204e-02   3.7401426e-01
   6.3446010e-02   9.9974914e-02   2.2587474e-02   2.2994774e-02   1.9337022e-01   4.3688408e-02   4.4476204e-02   3.7401426e-01
   1.1626974e-01   2.2179640e-02   2.2579586e-02   2.2986745e-02   1.9330270e-01   4.3673152e-02   4.4460673e-02   3.7388365e-01
   3.4621184e-02   5.4554256e-02   1.0181323e-01   1.9001145e-01   4.2929557e-02   4.3703669e-02   4.4491740e-02   3.7414490e-01
   6.3446010e-02   1.2102974e-02   1.0177768e-01   1.8994510e-01   4.2914566e-02   4.3688408e-02   4.4476204e-02   3.7401426e-01
   6.3446010e-02   9.9974914e-02   2.2587474e-02   1.8994510e-01   4.2914566e-02   4.3688408e-02   4.4476204e-02   3.7401426e-01
   1.1626974e-01   2.2179640e-02   2.2579586e-02   1.8987878e-01   4.2899581e-02   4.3673152e-02   4.4460673e-02   3.7388365e-01
   6.3446010e-02   9.9974914e-02   1.8658065e-01   4.2154431e-02   4.2914566e-02   4.3688408e-02   4.4476204e-02   3.7401426e-01
   1.1626974e-01   2.2179640e-02   1.8651550e-01   4.2139711e-02   4.2899581e-02   4.3673152e-02   4.4460673e-02   3.7388365e-01
   1.1626974e-01   1.8321180e-01   4.1393301e-02   4.2139711e-02   4.2899581e-02   4.3673152e-02   4.4460673e-02   3.7388365e-01
   2.1307334e-01   4.0645914e-02   4.1378847e-02   4.2124996e-02   4.2884600e-02   4.3657902e-02   4.4445148e-02   3.7375310e-01
   1.0309014e-02   1.6244406e-02   3.0316524e-02   5.6578963e-02   1.0559189e-01   1.9706347e-01   3.6777457e-01   8.3091829e-02
   1.8892068e-02   3.6038548e-03   3.0305938e-02   5.6559206e-02   1.0555502e-01   1.9699466e-01   3.6764615e-01   8.3062814e-02
   1.8892068e-02   2.9769136e-02   6.7257831e-03   5.6559206e-02   1.0555502e-01   1.9699466e-01   3.6764615e-01   8.3062814e-02
   3.4621184e-02   6.6043440e-03   6.7234345e-03   5.6539456e-02   1.0551816e-01   1.9692587e-01   3.6751777e-01   8.3033809e-02
   1.8892068e-02   2.9769136e-02   5.5557387e-02   1.2552159e-02   1.0555502e-01   1.9699466e-01   3.6764615e-01   8.3062814e-02
   3.4621184e-02   6.6043440e-03   5.5537987e-02   1.2547776e-02   1.0551816e-01   1.9692587e-01   3.6751777e-01   8.3033809e-02
   3.4621184e-02   5.4554256e-02   1.2325520e-02   1.2547776e-02   1.0551816e-01   1.9692587e-01   3.6751777e-01   8.3033809e-02
   6.3446010e-02   1.2102974e-02   1.2321216e-02   1.2543394e-02   1.0548131e-01   1.9685710e-01   3.6738943e-01   8.3004815e-02
   1.8892068e-02   2.9769136e-02   5.5557387e-02   1.0368535e-01   2.3425777e-02   1.9699466e-01   3.6764615e-01   8.3062814e-02
   3.4621184e-02   6.6043440e-03   5.5537987e-02   1.0364914e-01   2.3417597e-02   1.9692587e-01   3.6751777e-01   8.3033809e-02
   3.4621184e-02   5.4554256e-02   1.2325520e-02   1.0364914e-01   2.3417597e-02   1.9692587e-01   3.6751777e-01   8.3033809e-02
   6.3446010e-02   1.2102974e-02   1.2321216e-02   1.0361295e-01   2.3409420e-02   1.9685710e-01   3.6738943e-01   8.3004815e-02
   3.4621184e-02   5.4554256e-02   1.0181323e-01   2.3002807e-02   2.3417597e-02   1.9692587e-01   3.6751777e-01   8.3033809e-02
   6.3446010e-02   1.2102974e-02   1.0177768e-01   2.2994774e-02   2.3409420e-02   1.9685710e-01   3.6738943e-01   8.3004815e-02
   6.3446010e-02   9.9974914e-02   2.2587474e-02   2.2994774e-02   2.3409420e-02   1.9685710e-01   3.6738943e-01   8.3004815e-02
   1.1626974e-01   2.2179640e-02   2.2579586e-02   2.2986745e-02   2.3401245e-02   1.9678836e-01   3.6726115e-01   8.2975830e-02
   1.8892068e-02   2.9769136e-02   5.5557387e-02   1.0368535e-01   1.9350534e-01   4.3718935e-02   3.6764615e-01   8.3062814e-02
   3.4621184e-02   6.6043440e-03   5.5537987e-02   1.0364914e-01   1.9343777e-01   4.3703669e-02   3.6751777e-01   8.3033809e-02
   3.4621184e-02   5.4554256e-02   1.2325520e-02   1.0364914e-01   1.9343777e-01   4.3703669e-02   3.6751777e-01   8.3033809e-02
   6.3446010e-02   1.2102974e-02   1.2321216e-02   1.0361295e-01   1.9337022e-01   4.3688408e-02   3.6738943e-01   8.3004815e-02
   3.4621184e-02   5.4554256e-02   1.0181323e-01   2.3002807e-02   1.9343777e-01   4.3703669e-02   3.6751777e-01   8.3033809e-02
   6.3446010e-02   1.2102974e-02   1.0177768e-01   2.2994774e-02   1.9337022e-01   4.3688408e-02   3.6738943e-01   8.3004815e-02
   6.3446010e-02   9.9974914e-02   2.2587474e-02   2.2994774e-02   1.9337022e-01   4.3688408e-02   3.6738943e-01   8.3004815e-02
   1.1626974e-01   2.2179640e-02   2.2579586e-02   2.2986745e-02   1.9330270e-01   4.3673152e-02   3.6726115e-01   8.2975830e-02
   3.4621184e-02   5.4554256e-02   1.0181323e-01   1.9001145e-01   4.2929557e-02   4.3703669e-02   3.6751777e-01   8.3033809e-02
   6.3446010e-02   1.2102974e-02   1.0177768e-01   1.8994510e-01   4.2914566e-02   4.3688408e-02   3.6738943e-01   8.3004815e-02
   6.3446010e-02   9.9974914e-02   2.2587474e-02   1.8994510e-01   4.2914566e-02   4.3688408e-02   3.6738943e-01   8.3004815e-02
   1.1626974e-01   2.2179640e-02   2.2579586e-02   1.8987878e-01   4.2899581e-02   4.3673152e-02   3.6726115e-01   8.2975830e-02
   6.3446010e-02   9.9974914e-02   1.8658065e-01   4.2154431e-02   4.2914566e-02   4.3688408e-02   3.6738943e-01   8.3004815e-02
   1.1626974e-01   2.2179640e-02   1.8651550e-01   4.2139711e-02   4.2899581e-02   4.3673152e-02   3.6726115e-01   8.2975830e-02
   1.1626974e-01   1.8321180e-01   4.1393301e-02   4.2139711e-02   4.2899581e-02   4.3673152e-02   3.6726115e-01   8.2975830e-02
   2.1307334e-01   4.0645914e-02   4.1378847e-02   4.2124996e-02   4.2884600e-02   4.3657902e-02   3.6713290e-01   8.2946855e-02
   1.8892068e-02   2.9769136e-02   5.5557387e-02   1.0368535e-01   1.9350534e-01   3.6113412e-01   8.1591543e-02   8.3062814e-02
   3.4621184e-02   6.6043440e-03   5.5537987e-02   1.0364914e-01   1.9343777e-01   3.6100802e-01   8.1563052e-02   8.3033809e-02
   3.4621184e-02   5.4554256e-02   1.2325520e-02   1.0364914e-01   1.9343777e-01   3.6100802e-01   8.1563052e-02   8.3033809e-02
   6.3446010e-02   1.2102974e-02   1.2321216e-02   1.0361295e-01   1.9337022e-01   3.6088196e-01   8.1534571e-02   8.3004815e-02
   3.4621184e-02   5.4554256e-02   1.0181323e-01   2.3002807e-02   1.9343777e-01   3.6100802e-01   8.1563052e-02   8.3033809e-02
   6.3446010e-02   1.2102974e-02   1.0177768e-01   2.2994774e-02   1.9337022e-01   3.6088196e-01   8.1534571e-02   8.3004815e-02
   6.3446010e-02   9.9974914e-02   2.2587474e-02   2.2994774e-02   1.9337022e-01   3.6088196e-01   8.1534571e-02   8.3004815e-02
   1.1626974e-01   2.2179640e-02   2.2579586e-02   2.2986745e-02   1.9330270e-01   3.6075594e-01   8.1506100e-02   8.2975830e-02
   3.4621184e-02   5.4554256e-02   1.0181323e-01   1.9001145e-01   4.2929557e-02   3.6100802e-01   8.1563052e-02   8.3033809e-02
   6.3446010e-02   1.2102974e-02   1.0177768e-01   1.8994510e-01   4.2914566e-02   3.6088196e-01   8.1534571e-02   8.3004815e-02
   6.3446010e-02   9.9974914e-02   2.2587474e-02   1.8994510e-01   4.2914566e-02   3.6088196e-01   8.1534571e-02   8.3004815e-02
   1.1626974e-01   2.2179640e-02   2.2579586e-02   1.8987878e-01   4.2899581e-02   3.6075594e-01   8.1506100e-02   8.2975830e-02
   6.3446010e-02   9.9974914e-02   1.8658065e-01   4.2154431e-02   4.2914566e-02   3.6088196e-01   8.1534571e-02   8.3004815e-02
   1.1626974e-01   2.2179640e-02   1.8651550e-01   4.2139711e-02   4.2899581e-02   3.6075594e-01   8.1506100e-02   8.2975830e-02
   1.1626974e-01   1.8321180e-01   4.1393301e-02   4.2139711e-02   4.2899581e-02   3.6075594e-01   8.1506100e-02   8.2975830e-02
   2.1307334e-01   4.0645914e-02   4.1378847e-02   4.2124996e-02   4.2884600e-02   3.6062997e-01   8.1477639e-02   8.2946855e-02
   3.4621184e-02   5.4554256e-02   1.0181323e-01   1.9001145e-01   3.5461357e-01   8.0118346e-02   8.1563052e-02   8.3033809e-02
   6.3446010e-02   1.2102974e-02   1.0177768e-01   1.8994510e-01   3.5448975e-01   8.0090370e-02   8.1534571e-02   8.3004815e-02
   6.3446010e-02   9.9974914e-02   2.2587474e-02   1.8994510e-01   3.5448975e-01   8.0090370e-02   8.1534571e-02   8.3004815e-02
   1.1626974e-01   2.2179640e-02   2.2579586e-02   1.8987878e-01   3.5436596e-01   8.0062403e-02   8.1506100e-02   8.2975830e-02
   6.3446010e-02   9.9974914e-02   1.8658065e-01   4.2154431e-02   3.5448975e-01   8.0090370e-02   8.1534571e-02   8.3004815e-02
   1.1626974e-01   2.2179640e-02   1.8651550e-01   4.2139711e-02   3.5436596e-01   8.0062403e-02   8.1506100e-02   8.2975830e-02
   1.1626974e-01   1.8321180e-01   4.1393301e-02   4.2139711e-02   3.5436596e-01   8.0062403e-02   8.1506100e-02   8.2975830e-02
   2.1307334e-01   4.0645914e-02   4.1378847e-02   4.2124996e-02   3.5424222e-01   8.0034446e-02   8.1477639e-02   8.2946855e-02
   6.3446010e-02   9.9974914e-02   1.8658065e-01   3.4821076e-01   7.8671749e-02   8.0090370e-02   8.1534571e-02   8.3004815e-02
   1.1626974e-01   2.2179640e-02   1.8651550e-01   3.4808917e-01   7.8644277e-02   8.0062403e-02   8.1506100e-02   8.2975830e-02
   1.1626974e-01   1.8321180e-01   4.1393301e-02   3.4808917e-01   7.8644277e-02   8.0062403e-02   8.1506100e-02   8.2975830e-02
   2.1307334e-01   4.0645914e-02   4.1378847e-02   3.4796762e-01   7.8616815e-02   8.0034446e-02   8.1477639e-02   8.2946855e-02
   1.1626974e-01   1.8321180e-01   3.4192355e-01   7.7251271e-02   7.8644277e-02   8.0062403e-02   8.1506100e-02   8.2975830e-02
   2.1307334e-01   4.0645914e-02   3.4180415e-01   7.7224296e-02   7.8616815e-02   8.0034446e-02   8.1477639e-02   8.2946855e-02
   2.1307334e-01   3.3574986e-01   7.5856441e-02   7.7224296e-02   7.8616815e-02   8.0034446e-02   8.1477639e-02   8.2946855e-02
   3.9047346e-01   7.4486796e-02   7.5829952e-02   7.7197329e-02   7.8589363e-02   8.0006498e-02   8.1449187e-02   8.2917891e-02
