   5.4023545e+00   0.0000000e+00   0.0000000e+00   0.0000000e+00   0.0000000e+00   0.0000000e+00   0.0000000e+00   0.0000000e+00   2.2634613e+01   1.8298977e+02
   7.1062293e-01   2.9773453e+00   0.0000000e+00   0.0000000e+00   0.0000000e+00   0.0000000e+00   0.0000000e+00   0.0000000e+00   2.4070381e+01   1.9459726e+02
   7.1062293e-01   0.0000000e+00   2.9773453e+00   0.0000000e+00   0.0000000e+00   0.0000000e+00   0.0000000e+00   0.0000000e+00   2.4070381e+01   1.9459726e+02
   9.3535261e-02   3.9189105e-01   3.1682475e+00   0.0000000e+00   0.0000000e+00   0.0000000e+00   0.0000000e+00   0.0000000e+00   2.5613732e+01   2.0707449e+02
   7.1062293e-01   0.0000000e+00   0.0000000e+00   2.9773453e+00   0.0000000e+00   0.0000000e+00   0.0000000e+00   0.0000000e+00   2.4070381e+01   1.9459726e+02
   9.3535261e-02   3.9189105e-01   0.0000000e+00   3.1682475e+00   0.0000000e+00   0.0000000e+00   0.0000000e+00   0.0000000e+00   2.5613732e+01   2.0707449e+02
   9.3535261e-02   0.0000000e+00   3.9189105e-01   3.1682475e+00   0.0000000e+00   0.0000000e+00   0.0000000e+00   0.0000000e+00   2.5613732e+01   2.0707449e+02
   1.2319539e-02   5.1616010e-02   4.1729020e-01   3.3735872e+00   0.0000000e+00   0.0000000e+00   0.0000000e+00   0.0000000e+00   2.7273803e+01   2.2049536e+02
   7.1062293e-01   0.0000000e+00   0.0000000e+00   0.0000000e+00   2.9773453e+00   0.0000000e+00   0.0000000e+00   0.0000000e+00   2.4070381e+01   1.9459726e+02
   9.3535261e-02   3.9189105e-01   0.0000000e+00   0.0000000e+00   3.1682475e+00   0.0000000e+00   0.0000000e+00   0.0000000e+00   2.5613732e+01   2.0707449e+02
   9.3535261e-02   0.0000000e+00   3.9189105e-01   0.0000000e+00   3.1682475e+00   0.0000000e+00   0.0000000e+00   0.0000000e+00   2.5613732e+01   2.0707449e+02
   1.2319539e-02   5.1616010e-02   4.1729020e-01   0.0000000e+00   3.3735872e+00   0.0000000e+00   0.0000000e+00   0.0000000e+00   2.7273803e+01   2.2049536e+02
   9.3535261e-02   0.0000000e+00   0.0000000e+00   3.9189105e-01   3.1682475e+00   0.0000000e+00   0.0000000e+00   0.0000000e+00   2.5613732e+01   2.0707449e+02
   1.2319539e-02   5.1616010e-02   0.0000000e+00   4.1729020e-01   3.3735872e+00   0.0000000e+00   0.0000000e+00   0.0000000e+00   2.7273803e+01   2.2049536e+02
   1.2319539e-02   0.0000000e+00   5.1616010e-02   4.1729020e-01   3.3735872e+00   0.0000000e+00   0.0000000e+00   0.0000000e+00   2.7273803e+01   2.2049536e+02
   1.6236762e-03   6.8028269e-03   5.4997528e-02   4.4462812e-01   3.5946009e+00   0.0000000e+00   0.0000000e+00   0.0000000e+00   2.9060590e+01   2.3494066e+02
   7.1062293e-01   0.0000000e+00   0.0000000e+00   0.0000000e+00   0.0000000e+00   2.9773453e+00   0.0000000e+00   0.0000000e+00   2.4070381e+01   1.9459726e+02
   9.3535261e-02   3.9189105e-01   0.0000000e+00   0.0000000e+00   0.0000000e+00   3.1682475e+00   0.0000000e+00   0.0000000e+00   2.5613732e+01   2.0707449e+02
   9.3535261e-02   0.0000000e+00   3.9189105e-01   0.0000000e+00   0.0000000e+00   3.1682475e+00   0.0000000e+00   0.0000000e+00   2.5613732e+01   2.0707449e+02
   1.2319539e-02   5.1616010e-02   4.1729020e-01   0.0000000e+00   0.0000000e+00   3.3735872e+00   0.0000000e+00   0.0000000e+00   2.7273803e+01   2.2049536e+02
   9.3535261e-02   0.0000000e+00   0.0000000e+00   3.9189105e-01   0.0000000e+00   3.1682475e+00   0.0000000e+00   0.0000000e+00   2.5613732e+01   2.0707449e+02
   1.2319539e-02   5.1616010e-02   0.0000000e+00   4.1729020e-01   0.0000000e+00   3.3735872e+00   0.0000000e+00   0.0000000e+00   2.7273803e+01   2.2049536e+02
   1.2319539e-02   0.0000000e+00   5.1616010e-02   4.1729020e-01   0.0000000e+00   3.3735872e+00   0.0000000e+00   0.0000000e+00   2.7273803e+01   2.2049536e+02
   1.6236762e-03   6.8028269e-03   5.4997528e-02   4.4462812e-01   0.0000000e+00   3.5946009e+00   0.0000000e+00   0.0000000e+00   2.9060590e+01   2.3494066e+02
   9.3535261e-02   0.0000000e+00   0.0000000e+00   0.0000000e+00   3.9189105e-01   3.1682475e+00   0.0000000e+00   0.0000000e+00   2.5613732e+01   2.0707449e+02
   1.2319539e-02   5.1616010e-02   0.0000000e+00   0.0000000e+00   4.1729020e-01   3.3735872e+00   0.0000000e+00   0.0000000e+00   2.7273803e+01   2.2049536e+02
   1.2319539e-02   0.0000000e+00   5.1616010e-02   0.0000000e+00   4.1729020e-01   3.3735872e+00   0.0000000e+00   0.0000000e+00   2.7273803e+01   2.2049536e+02
   1.6236762e-03   6.8028269e-03   5.4997528e-02   0.0000000e+00   4.4462812e-01   3.5946009e+00   0.0000000e+00   0.0000000e+00   2.9060590e+01   2.3494066e+02
   1.2319539e-02   0.0000000e+00   0.0000000e+00   5.1616010e-02   4.1729020e-01   3.3735872e+00   0.0000000e+00   0.0000000e+00   2.7273803e+01   2.2049536e+02
   1.6236762e-03   6.8028269e-03   0.0000000e+00   5.4997528e-02   4.4462812e-01   3.5946009e+00   0.0000000e+00   0.0000000e+00   2.9060590e+01   2.3494066e+02
   1.6236762e-03   0.0000000e+00   6.8028269e-03   5.4997528e-02   4.4462812e-01   3.5946009e+00   0.0000000e+00   0.0000000e+00   2.9060590e+01   2.3494066e+02
   2.1413779e-04   8.9718769e-04   7.2533237e-03   5.8639575e-02   4.7407229e-01   3.8326426e+00   0.0000000e+00   0.0000000e+00   3.0985041e+01   2.5049890e+02
   7.1062293e-01   0.0000000e+00   0.0000000e+00   0.0000000e+00   0.0000000e+00   0.0000000e+00   2.9773453e+00   0.0000000e+00   2.4070381e+01   1.9459726e+02
   9.3535261e-02   3.9189105e-01   0.0000000e+00   0.0000000e+00   0.0000000e+00   0.0000000e+00   3.1682475e+00   0.0000000e+00   2.5613732e+01   2.0707449e+02
   9.3535261e-02   0.0000000e+00   3.9189105e-01   0.0000000e+00   0.0000000e+00   0.0000000e+00   3.1682475e+00   0.0000000e+00   2.5613732e+01   2.0707449e+02
   1.2319539e-02   5.1616010e-02   4.1729020e-01   0.0000000e+00   0.0000000e+00   0.0000000e+00   3.3735872e+00   0.0000000e+00   2.7273803e+01   2.2049536e+02
   9.3535261e-02   0.0000000e+00   0.0000000e+00   3.9189105e-01   0.0000000e+00   0.0000000e+00   3.1682475e+00   0.0000000e+00   2.5613732e+01   2.0707449e+02
   1.2319539e-02   5.1616010e-02   0.0000000e+00   4.1729020e-01   0.0000000e+00   0.0000000e+00   3.3735872e+00   0.0000000e+00   2.7273803e+01   2.2049536e+02
   1.2319539e-02   0.0000000e+00   5.1616010e-02   4.1729020e-01   0.0000000e+00   0.0000000e+00   3.3735872e+00   0.0000000e+00   2.7273803e+01   2.2049536e+02
   1.6236762e-03   6.8028269e-03   5.4997528e-02   4.4462812e-01   0.0000000e+00   0.0000000e+00   3.5946009e+00   0.0000000e+00   2.9060590e+01   2.3494066e+02
   9.3535261e-02   0.0000000e+00   0.0000000e+00   0.0000000e+00   3.9189105e-01   0.0000000e+00   3.1682475e+00   0.0000000e+00   2.5613732e+01   2.0707449e+02
   1.2319539e-02   5.1616010e-02   0.0000000e+00   0.0000000e+00   4.1729020e-01   0.0000000e+00   3.3735872e+00   0.0000000e+00   2.7273803e+01   2.2049536e+02
   1.2319539e-02   0.0000000e+00   5.1616010e-02   0.0000000e+00   4.1729020e-01   0.0000000e+00   3.3735872e+00   0.0000000e+00   2.7273803e+01   2.2049536e+02
   1.6236762e-03   6.8028269e-03   5.4997528e-02   0.0000000e+00   4.4462812e-01   0.0000000e+00   3.5946009e+00   0.0000000e+00   2.9060590e+01   2.3494066e+02
   1.2319539e-02   0.0000000e+00   0.0000000e+00   5.1616010e-02   4.1729020e-01   0.0000000e+00   3.3735872e+00   0.0000000e+00   2.7273803e+01   2.2049536e+02
   1.6236762e-03   6.8028269e-03   0.0000000e+00   5.4997528e-02   4.4462812e-01   0.0000000e+00   3.5946009e+00   0.0000000e+00   2.9060590e+01   2.3494066e+02
   1.6236762e-03   0.0000000e+00   6.8028269e-03   5.4997528e-02   4.4462812e-01   0.0000000e+00   3.5946009e+00   0.0000000e+00   2.9060590e+01   2.3494066e+02
   2.1413779e-04   8.9718769e-04   7.2533237e-03   5.8639575e-02   4.7407229e-01   0.0000000e+00   3.8326426e+00   0.0000000e+00   3.0985041e+01   2.5049890e+02
   9.3535261e-02   0.0000000e+00   0.0000000e+00   0.0000000e+00   0.0000000e+00   3.9189105e-01   3.1682475e+00   0.0000000e+00   2.5613732e+01   2.0707449e+02
   1.2319539e-02   5.1616010e-02   0.0000000e+00   0.0000000e+00   0.0000000e+00   4.1729020e-01   3.3735872e+00   0.0000000e+00   2.7273803e+01   2.2049536e+02
   1.2319539e-02   0.0000000e+00   5.1616010e-02   0.0000000e+00   0.0000000e+00   4.1729020e-01   3.3735872e+00   0.0000000e+00   2.7273803e+01   2.2049536e+02
   1.6236762e-03   6.8028269e-03   5.4997528e-02   0.0000000e+00   0.0000000e+00   4.4462812e-01   3.5946009e+00   0.0000000e+00   2.9060590e+01   2.3494066e+02
   1.2319539e-02   0.0000000e+00   0.0000000e+00   5.1616010e-02   0.0000000e+00   4.1729020e-01   3.3735872e+00   0.0000000e+00   2.7273803e+01   2.2049536e+02
   1.6236762e-03   6.8028269e-03   0.0000000e+00   5.4997528e-02   0.0000000e+00   4.4462812e-01   3.5946009e+00   0.0000000e+00   2.9060590e+01   2.3494066e+02
   1.6236762e-03   0.0000000e+00   6.8028269e-03   5.4997528e-02   0.0000000e+00   4.4462812e-01   3.5946009e+00   0.0000000e+00   2.9060590e+01   2.3494066e+02
   2.1413779e-04   8.9718769e-04   7.2533237e-03   5.8639575e-02   0.0000000e+00   4.7407229e-01   3.8326426e+00   0.0000000e+00   3.0985041e+01   2.5049890e+02
   1.2319539e-02   0.0000000e+00   0.0000000e+00   0.0000000e+00   5.1616010e-02   4.1729020e-01   3.3735872e+00   0.0000000e+00   2.7273803e+01   2.2049536e+02
   1.6236762e-03   6.8028269e-03   0.0000000e+00   0.0000000e+00   5.4997528e-02   4.4462812e-01   3.5946009e+00   0.0000000e+00   2.9060590e+01   2.3494066e+02
   1.6236762e-03   0.0000000e+00   6.8028269e-03   0.0000000e+00   5.4997528e-02   4.4462812e-01   3.5946009e+00   0.0000000e+00   2.9060590e+01   2.3494066e+02
   2.1413779e-04   8.9718769e-04   7.2533237e-03   0.0000000e+00   5.8639575e-02   4.7407229e-01   3.8326426e+00   0.0000000e+00   3.0985041e+01   2.5049890e+02
   1.6236762e-03   0.0000000e+00   0.0000000e+00   6.8028269e-03   5.4997528e-02   4.4462812e-01   3.5946009e+00   0.0000000e+00   2.9060590e+01   2.3494066e+02
   2.1413779e-04   8.9718769e-04   0.0000000e+00   7.2533237e-03   5.8639575e-02   4.7407229e-01   3.8326426e+00   0.0000000e+00   3.0985041e+01   2.5049890e+02
   2.1413779e-04   0.0000000e+00   8.9718769e-04   7.2533237e-03   5.8639575e-02   4.7407229e-01   3.8326426e+00   0.0000000e+00   3.0985041e+01   2.5049890e+02
   2.8260454e-05   1.1840475e-04   9.5724450e-04   7.7388537e-03   6.2564847e-02   5.0580619e-01   4.0891957e+00   0.0000000e+00   3.3059147e+01   2.6726704e+02
   7.1062293e-01   0.0000000e+00   0.0000000e+00   0.0000000e+00   0.0000000e+00   0.0000000e+00   0.0000000e+00   2.9773453e+00   2.4070381e+01   1.9459726e+02
   9.3535261e-02   3.9189105e-01   0.0000000e+00   0.0000000e+00   0.0000000e+00   0.0000000e+00   0.0000000e+00   3.1682475e+00   2.5613732e+01   2.0707449e+02
   9.3535261e-02   0.0000000e+00   3.9189105e-01   0.0000000e+00   0.0000000e+00   0.0000000e+00   0.0000000e+00   3.1682475e+00   2.5613732e+01   2.0707449e+02
   1.2319539e-02   5.1616010e-02   4.1729020e-01   0.0000000e+00   0.0000000e+00   0.0000000e+00   0.0000000e+00   3.3735872e+00   2.7273803e+01   2.2049536e+02
   9.3535261e-02   0.0000000e+00   0.0000000e+00   3.9189105e-01   0.0000000e+00   0.0000000e+00   0.0000000e+00   3.1682475e+00   2.5613732e+01   2.0707449e+02
   1.2319539e-02   5.1616010e-02   0.0000000e+00   4.1729020e-01   0.0000000e+00   0.0000000e+00   0.0000000e+00   3.3735872e+00   2.7273803e+01   2.2049536e+02
   1.2319539e-02   0.0000000e+00   5.1616010e-02   4.1729020e-01   0.0000000e+00   0.0000000e+00   0.0000000e+00   3.3735872e+00   2.7273803e+01   2.2049536e+02
   1.6236762e-03   6.8028269e-03   5.4997528e-02   4.4462812e-01   0.0000000e+00   0.0000000e+00   0.0000000e+00   3.5946009e+00   2.9060590e+01   2.3494066e+02
   9.3535261e-02   0.0000000e+00   0.0000000e+00   0.0000000e+00   3.9189105e-01   0.0000000e+00   0.0000000e+00   3.1682475e+00   2.5613732e+01   2.0707449e+02
   1.2319539e-02   5.1616010e-02   0.0000000e+00   0.0000000e+00   4.1729020e-01   0.0000000e+00   0.0000000e+00   3.3735872e+00   2.7273803e+01   2.2049536e+02
   1.2319539e-02   0.0000000e+00   5.1616010e-02   0.0000000e+00   4.1729020e-01   0.0000000e+00   0.0000000e+00   3.3735872e+00   2.7273803e+01   2.2049536e+02
   1.6236762e-03   6.8028269e-03   5.4997528e-02   0.0000000e+00   4.4462812e-01   0.0000000e+00   0.0000000e+00   3.5946009e+00   2.9060590e+01   2.3494066e+02
   1.2319539e-02   0.0000000e+00   0.0000000e+00   5.1616010e-02   4.1729020e-01   0.0000000e+00   0.0000000e+00   3.3735872e+00   2.7273803e+01   2.2049536e+02
   1.6236762e-03   6.8028269e-03   0.0000000e+00   5.4997528e-02   4.4462812e-01   0.0000000e+00   0.0000000e+00   3.5946009e+00   2.9060590e+01   2.3494066e+02
   1.6236762e-03   0.0000000e+00   6.8028269e-03   5.4997528e-02   4.4462812e-01   0.0000000e+00   0.0000000e+00   3.5946009e+00   2.9060590e+01   2.3494066e+02
   2.1413779e-04   8.9718769e-04   7.2533237e-03   5.8639575e-02   4.7407229e-01   0.0000000e+00   0.0000000e+00   3.8326426e+00   3.0985041e+01   2.5049890e+02
   9.3535261e-02   0.0000000e+00   0.0000000e+00   0.0000000e+00   0.0000000e+00   3.9189105e-01   0.0000000e+00   3.1682475e+00   2.5613732e+01   2.0707449e+02
   1.2319539e-02   5.1616010e-02   0.0000000e+00   0.0000000e+00   0.0000000e+00   4.1729020e-01   0.0000000e+00   3.3735872e+00   2.7273803e+01   2.2049536e+02
   1.2319539e-02   0.0000000e+00   5.1616010e-02   0.0000000e+00   0.0000000e+00   4.1729020e-01   0.0000000e+00   3.3735872e+00   2.7273803e+01   2.2049536e+02
   1.6236762e-03   6.8028269e-03   5.4997528e-02   0.0000000e+00   0.0000000e+00   4.4462812e-01   0.0000000e+00   3.5946009e+00   2.9060590e+01   2.3494066e+02
   1.2319539e-02   0.0000000e+00   0.0000000e+00   5.1616010e-02   0.0000000e+00   4.1729020e-01   0.0000000e+00   3.3735872e+00   2.7273803e+01   2.2049536e+02
   1.6236762e-03   6.8028269e-03   0.0000000e+00   5.4997528e-02   0.0000000e+00   4.4462812e-01   0.0000000e+00   3.5946009e+00   2.9060590e+01   2.3494066e+02
   1.6236762e-03   0.0000000e+00   6.8028269e-03   5.4997528e-02   0.0000000e+00   4.4462812e-01   0.0000000e+00   3.5946009e+00   2.9060590e+01   2.3494066e+02
   2.1413779e-04   8.9718769e-04   7.2533237e-03   5.8639575e-02   0.0000000e+00   4.7407229e-01   0.0000000e+00   3.8326426e+00   3.0985041e+01   2.5049890e+02
   1.2319539e-02   0.0000000e+00   0.0000000e+00   0.0000000e+00   5.1616010e-02   4.1729020e-01   0.0000000e+00   3.3735872e+00   2.7273803e+01   2.2049536e+02
   1.6236762e-03   6.8028269e-03   0.0000000e+00   0.0000000e+00   5.4997528e-02   4.4462812e-01   0.0000000e+00   3.5946009e+00   2.9060590e+01   2.3494066e+02
   1.6236762e-03   0.0000000e+00   6.8028269e-03   0.0000000e+00   5.4997528e-02   4.4462812e-01   0.0000000e+00   3.5946009e+00   2.9060590e+01   2.3494066e+02
   2.1413779e-04   8.9718769e-04   7.2533237e-03   0.0000000e+00   5.8639575e-02   4.7407229e-01   0.0000000e+00   3.8326426e+00   3.0985041e+01   2.5049890e+02
   1.6236762e-03   0.0000000e+00   0.0000000e+00   6.8028269e-03   5.4997528e-02   4.4462812e-01   0.0000000e+00   3.5946009e+00   2.9060590e+01   2.3494066e+02
   2.1413779e-04   8.9718769e-04   0.0000000e+00   7.2533237e-03   5.8639575e-02   4.7407229e-01   0.0000000e+00   3.8326426e+00   3.0985041e+01   2.5049890e+02
   2.1413779e-04   0.0000000e+00   8.9718769e-04   7.2533237e-03   5.8639575e-02   4.7407229e-01   0.0000000e+00   3.8326426e+00   3.0985041e+01   2.5049890e+02
   2.8260454e-05   1.1840475e-04   9.5724450e-04   7.7388537e-03   6.2564847e-02   5.0580619e-01   0.0000000e+00   4.0891957e+00   3.3059147e+01   2.6726704e+02
   9.3535261e-02   0.0000000e+00   0.0000000e+00   0.0000000e+00   0.0000000e+00   0.0000000e+00   3.9189105e-01   3.1682475e+00   2.5613732e+01   2.0707449e+02
   1.2319539e-02   5.1616010e-02   0.0000000e+00   0.0000000e+00   0.0000000e+00   0.0000000e+00   4.1729020e-01   3.3735872e+00   2.7273803e+01   2.2049536e+02
   1.2319539e-02   0.0000000e+00   5.1616010e-02   0.0000000e+00   0.0000000e+00   0.0000000e+00   4.1729020e-01   3.3735872e+00   2.7273803e+01   2.2049536e+02
   1.6236762e-03   6.8028269e-03   5.4997528e-02   0.0000000e+00   0.0000000e+00   0.0000000e+00   4.4462812e-01   3.5946009e+00   2.9060590e+01   2.3494066e+02
   1.2319539e-02   0.0000000e+00   0.0000000e+00   5.1616010e-02   0.0000000e+00   0.0000000e+00   4.1729020e-01   3.3735872e+00   2.7273803e+01   2.2049536e+02
   1.6236762e-03   6.8028269e-03   0.0000000e+00   5.4997528e-02   0.0000000e+00   0.0000000e+00   4.4462812e-01   3.5946009e+00   2.9060590e+01   2.3494066e+02
   1.6236762e-03   0.0000000e+00   6.8028269e-03   5.4997528e-02   0.0000000e+00   0.0000000e+00   4.4462812e-01   3.5946009e+00   2.9060590e+01   2.3494066e+02
   2.1413779e-04   8.9718769e-04   7.2533237e-03   5.8639575e-02   0.0000000e+00   0.0000000e+00   4.7407229e-01   3.8326426e+00   3.0985041e+01   2.5049890e+02
   1.2319539e-02   0.0000000e+00   0.0000000e+00   0.0000000e+00   5.1616010e-02   0.0000000e+00   4.1729020e-01   3.3735872e+00   2.7273803e+01   2.2049536e+02
   1.6236762e-03   6.8028269e-03   0.0000000e+00   0.0000000e+00   5.4997528e-02   0.0000000e+00   4.4462812e-01   3.5946009e+00   2.9060590e+01   2.3494066e+02
   1.6236762e-03   0.0000000e+00   6.8028269e-03   0.0000000e+00   5.4997528e-02   0.0000000e+00   4.4462812e-01   3.5946009e+00   2.9060590e+01   2.3494066e+02
   2.1413779e-04   8.9718769e-04   7.2533237e-03   0.0000000e+00   5.8639575e-02   0.0000000e+00   4.7407229e-01   3.8326426e+00   3.0985041e+01   2.5049890e+02
   1.6236762e-03   0.0000000e+00   0.0000000e+00   6.8028269e-03   5.4997528e-02   0.0000000e+00   4.4462812e-01   3.5946009e+00   2.9060590e+01   2.3494066e+02
   2.1413779e-04   8.9718769e-04   0.0000000e+00   7.2533237e-03   5.8639575e-02   0.0000000e+00   4.7407229e-01   3.8326426e+00   3.0985041e+01   2.5049890e+02
   2.1413779e-04   0.0000000e+00   8.9718769e-04   7.2533237e-03   5.8639575e-02   0.0000000e+00   4.7407229e-01   3.8326426e+00   3.0985041e+01   2.5049890e+02
   2.8260454e-05   1.1840475e-04   9.5724450e-04   7.7388537e-03   6.2564847e-02   0.0000000e+00   5.0580619e-01   4.0891957e+00   3.3059147e+01   2.6726704e+02
   1.2319539e-02   0.0000000e+00   0.0000000e+00   0.0000000e+00   0.0000000e+00   5.1616010e-02   4.1729020e-01   3.3735872e+00   2.7273803e+01   2.2049536e+02
   1.6236762e-03   6.8028269e-03   0.0000000e+00   0.0000000e+00   0.0000000e+00   5.4997528e-02   4.4462812e-01   3.5946009e+00   2.9060590e+01   2.3494066e+02
   1.6236762e-03   0.0000000e+00   6.8028269e-03   0.0000000e+00   0.0000000e+00   5.4997528e-02   4.4462812e-01   3.5946009e+00   2.9060590e+01   2.3494066e+02
   2.1413779e-04   8.9718769e-04   7.2533237e-03   0.0000000e+00   0.0000000e+00   5.8639575e-02   4.7407229e-01   3.8326426e+00   3.0985041e+01   2.5049890e+02
   1.6236762e-03   0.0000000e+00   0.0000000e+00   6.8028269e-03   0.0000000e+00   5.4997528e-02   4.4462812e-01   3.5946009e+00   2.9060590e+01   2.3494066e+02
   2.1413779e-04   8.9718769e-04   0.0000000e+00   7.2533237e-03   0.0000000e+00   5.8639575e-02   4.7407229e-01   3.8326426e+00   3.0985041e+01   2.5049890e+02
   2.1413779e-04   0.0000000e+00   8.9718769e-04   7.2533237e-03   0.0000000e+00   5.8639575e-02   4.7407229e-01   3.8326426e+00   3.0985041e+01   2.5049890e+02
   2.8260454e-05   1.1840475e-04   9.5724450e-04   7.7388537e-03   0.0000000e+00   6.2564847e-02   5.0580619e-01   4.0891957e+00   3.3059147e+01   2.6726704e+02
   1.6236762e-03   0.0000000e+00   0.0000000e+00   0.0000000e+00   6.8028269e-03   5.4997528e-02   4.4462812e-01   3.5946009e+00   2.9060590e+01   2.3494066e+02
   2.1413779e-04   8.9718769e-04   0.0000000e+00   0.0000000e+00   7.2533237e-03   5.8639575e-02   4.7407229e-01   3.8326426e+00   3.0985041e+01   2.5049890e+02
   2.1413779e-04   0.0000000e+00   8.9718769e-04   0.0000000e+00   7.2533237e-03   5.8639575e-02   4.7407229e-01   3.8326426e+00   3.0985041e+01   2.5049890e+02
   2.8260454e-05   1.1840475e-04   9.5724450e-04   0.0000000e+00   7.7388537e-03   6.2564847e-02   5.0580619e-01   4.0891957e+00   3.3059147e+01   2.6726704e+02
   2.1413779e-04   0.0000000e+00   0.0000000e+00   8.9718769e-04   7.2533237e-03   5.8639575e-02   4.7407229e-01   3.8326426e+00   3.0985041e+01   2.5049890e+02
   2.8260454e-05   1.1840475e-04   0.0000000e+00   9.5724450e-04   7.7388537e-03   6.2564847e-02   5.0580619e-01   4.0891957e+00   3.3059147e+01   2.6726704e+02
   2.8260454e-05   0.0000000e+00   1.1840475e-04   9.5724450e-04   7.7388537e-03   6.2564847e-02   5.0580619e-01   4.0891957e+00   3.3059147e+01   2.6726704e+02
   3.7321574e-06   1.5636874e-05   1.2641648e-04   1.0220154e-03   8.2624948e-03   6.6798230e-02   5.4003102e-01   4.3658867e+00   3.5296059e+01   2.8535137e+02
   5.4023545e+00   0.0000000e+00   0.0000000e+00   0.0000000e+00   0.0000000e+00   0.0000000e+00   0.0000000e+00   2.2634613e+01   0.0000000e+00   1.8298977e+02
   7.1062293e-01   2.9773453e+00   0.0000000e+00   0.0000000e+00   0.0000000e+00   0.0000000e+00   0.0000000e+00   2.4070381e+01   0.0000000e+00   1.9459726e+02
   7.1062293e-01   0.0000000e+00   2.9773453e+00   0.0000000e+00   0.0000000e+00   0.0000000e+00   0.0000000e+00   2.4070381e+01   0.0000000e+00   1.9459726e+02
   9.3535261e-02   3.9189105e-01   3.1682475e+00   0.0000000e+00   0.0000000e+00   0.0000000e+00   0.0000000e+00   2.5613732e+01   0.0000000e+00   2.0707449e+02
   7.1062293e-01   0.0000000e+00   0.0000000e+00   2.9773453e+00   0.0000000e+00   0.0000000e+00   0.0000000e+00   2.4070381e+01   0.0000000e+00   1.9459726e+02
   9.3535261e-02   3.9189105e-01   0.0000000e+00   3.1682475e+00   0.0000000e+00   0.0000000e+00   0.0000000e+00   2.5613732e+01   0.0000000e+00   2.0707449e+02
   9.3535261e-02   0.0000000e+00   3.9189105e-01   3.1682475e+00   0.0000000e+00   0.0000000e+00   0.0000000e+00   2.5613732e+01   0.0000000e+00   2.0707449e+02
   1.2319539e-02   5.1616010e-02   4.1729020e-01   3.3735872e+00   0.0000000e+00   0.0000000e+00   0.0000000e+00   2.7273803e+01   0.0000000e+00   2.2049536e+02
   7.1062293e-01   0.0000000e+00   0.0000000e+00   0.0000000e+00   2.9773453e+00   0.0000000e+00   0.0000000e+00   2.4070381e+01   0.0000000e+00   1.9459726e+02
   9.3535261e-02   3.9189105e-01   0.0000000e+00   0.0000000e+00   3.1682475e+00   0.0000000e+00   0.0000000e+00   2.5613732e+01   0.0000000e+00   2.0707449e+02
   9.3535261e-02   0.0000000e+00   3.9189105e-01   0.0000000e+00   3.1682475e+00   0.0000000e+00   0.0000000e+00   2.5613732e+01   0.0000000e+00   2.0707449e+02
   1.2319539e-02   5.1616010e-02   4.1729020e-01   0.0000000e+00   3.3735872e+00   0.0000000e+00   0.0000000e+00   2.7273803e+01   0.0000000e+00   2.2049536e+02
   9.3535261e-02   0.0000000e+00   0.0000000e+00   3.9189105e-01   3.1682475e+00   0.0000000e+00   0.0000000e+00   2.5613732e+01   0.0000000e+00   2.0707449e+02
   1.2319539e-02   5.1616010e-02   0.0000000e+00   4.1729020e-01   3.3735872e+00   0.0000000e+00   0.0000000e+00   2.7273803e+01   0.0000000e+00   2.2049536e+02
   1.2319539e-02   0.0000000e+00   5.1616010e-02   4.1729020e-01   3.3735872e+00   0.0000000e+00   0.0000000e+00   2.7273803e+01   0.0000000e+00   2.2049536e+02
   1.6236762e-03   6.8028269e-03   5.4997528e-02   4.4462812e-01   3.5946009e+00   0.0000000e+00   0.0000000e+00   2.9060590e+01   0.0000000e+00   2.3494066e+02
   7.1062293e-01   0.0000000e+00   0.0000000e+00   0.0000000e+00   0.0000000e+00   2.9773453e+00   0.0000000e+00   2.4070381e+01   0.0000000e+00   1.9459726e+02
   9.3535261e-02   3.9189105e-01   0.0000000e+00   0.0000000e+00   0.0000000e+00   3.1682475e+00   0.0000000e+00   2.5613732e+01   0.0000000e+00   2.0707449e+02
   9.3535261e-02   0.0000000e+00   3.9189105e-01   0.0000000e+00   0.0000000e+00   3.1682475e+00   0.0000000e+00   2.5613732e+01   0.0000000e+00   2.0707449e+02
   1.2319539e-02   5.1616010e-02   4.1729020e-01   0.0000000e+00   0.0000000e+00   3.3735872e+00   0.0000000e+00   2.7273803e+01   0.0000000e+00   2.2049536e+02
   9.3535261e-02   0.0000000e+00   0.0000000e+00   3.9189105e-01   0.0000000e+00   3.1682475e+00   0.0000000e+00   2.5613732e+01   0.0000000e+00   2.0707449e+02
   1.2319539e-02   5.1616010e-02   0.0000000e+00   4.1729020e-01   0.0000000e+00   3.3735872e+00   0.0000000e+00   2.7273803e+01   0.0000000e+00   2.2049536e+02
   1.2319539e-02   0.0000000e+00   5.1616010e-02   4.1729020e-01   0.0000000e+00   3.3735872e+00   0.0000000e+00   2.7273803e+01   0.0000000e+00   2.2049536e+02
   1.6236762e-03   6.8028269e-03   5.4997528e-02   4.4462812e-01   0.0000000e+00   3.5946009e+00   0.0000000e+00   2.9060590e+01   0.0000000e+00   2.3494066e+02
   9.3535261e-02   0.0000000e+00   0.0000000e+00   0.0000000e+00   3.9189105e-01   3.1682475e+00   0.0000000e+00   2.5613732e+01   0.0000000e+00   2.0707449e+02
   1.2319539e-02   5.1616010e-02   0.0000000e+00   0.0000000e+00   4.1729020e-01   3.3735872e+00   0.0000000e+00   2.7273803e+01   0.0000000e+00   2.2049536e+02
   1.2319539e-02   0.0000000e+00   5.1616010e-02   0.0000000e+00   4.1729020e-01   3.3735872e+00   0.0000000e+00   2.7273803e+01   0.0000000e+00   2.2049536e+02
   1.6236762e-03   6.8028269e-03   5.4997528e-02   0.0000000e+00   4.4462812e-01   3.5946009e+00   0.0000000e+00   2.9060590e+01   0.0000000e+00   2.3494066e+02
   1.2319539e-02   0.0000000e+00   0.0000000e+00   5.1616010e-02   4.1729020e-01   3.3735872e+00   0.0000000e+00   2.7273803e+01   0.0000000e+00   2.2049536e+02
   1.6236762e-03   6.8028269e-03   0.0000000e+00   5.4997528e-02   4.4462812e-01   3.5946009e+00   0.0000000e+00   2.9060590e+01   0.0000000e+00   2.3494066e+02
   1.6236762e-03   0.0000000e+00   6.8028269e-03   5.4997528e-02   4.4462812e-01   3.5946009e+00   0.0000000e+00   2.9060590e+01   0.0000000e+00   2.3494066e+02
   2.1413779e-04   8.9718769e-04   7.2533237e-03   5.8639575e-02   4.7407229e-01   3.8326426e+00   0.0000000e+00   3.0985041e+01   0.0000000e+00   2.5049890e+02
   7.1062293e-01   0.0000000e+00   0.0000000e+00   0.0000000e+00   0.0000000e+00   0.0000000e+00   2.9773453e+00   2.4070381e+01   0.0000000e+00   1.9459726e+02
   9.3535261e-02   3.9189105e-01   0.0000000e+00   0.0000000e+00   0.0000000e+00   0.0000000e+00   3.1682475e+00   2.5613732e+01   0.0000000e+00   2.0707449e+02
   9.3535261e-02   0.0000000e+00   3.9189105e-01   0.0000000e+00   0.0000000e+00   0.0000000e+00   3.1682475e+00   2.5613732e+01   0.0000000e+00   2.0707449e+02
   1.2319539e-02   5.1616010e-02   4.1729020e-01   0.0000000e+00   0.0000000e+00   0.0000000e+00   3.3735872e+00   2.7273803e+01   0.0000000e+00   2.2049536e+02
   9.3535261e-02   0.0000000e+00   0.0000000e+00   3.9189105e-01   0.0000000e+00   0.0000000e+00   3.1682475e+00   2.5613732e+01   0.0000000e+00   2.0707449e+02
   1.2319539e-02   5.1616010e-02   0.0000000e+00   4.1729020e-01   0.0000000e+00   0.0000000e+00   3.3735872e+00   2.7273803e+01   0.0000000e+00   2.2049536e+02
   1.2319539e-02   0.0000000e+00   5.1616010e-02   4.1729020e-01   0.0000000e+00   0.0000000e+00   3.3735872e+00   2.7273803e+01   0.0000000e+00   2.2049536e+02
   1.6236762e-03   6.8028269e-03   5.4997528e-02   4.4462812e-01   0.0000000e+00   0.0000000e+00   3.5946009e+00   2.9060590e+01   0.0000000e+00   2.3494066e+02
   9.3535261e-02   0.0000000e+00   0.0000000e+00   0.0000000e+00   3.9189105e-01   0.0000000e+00   3.1682475e+00   2.5613732e+01   0.0000000e+00   2.0707449e+02
   1.2319539e-02   5.1616010e-02   0.0000000e+00   0.0000000e+00   4.1729020e-01   0.0000000e+00   3.3735872e+00   2.7273803e+01   0.0000000e+00   2.2049536e+02
   1.2319539e-02   0.0000000e+00   5.1616010e-02   0.0000000e+00   4.1729020e-01   0.0000000e+00   3.3735872e+00   2.7273803e+01   0.0000000e+00   2.2049536e+02
   1.6236762e-03   6.8028269e-03   5.4997528e-02   0.0000000e+00   4.4462812e-01   0.0000000e+00   3.5946009e+00   2.9060590e+01   0.0000000e+00   2.3494066e+02
   1.2319539e-02   0.0000000e+00   0.0000000e+00   5.1616010e-02   4.1729020e-01   0.0000000e+00   3.3735872e+00   2.7273803e+01   0.0000000e+00   2.2049536e+02
   1.6236762e-03   6.8028269e-03   0.0000000e+00   5.4997528e-02   4.4462812e-01   0.0000000e+00   3.5946009e+00   2.9060590e+01   0.0000000e+00   2.3494066e+02
   1.6236762e-03   0.0000000e+00   6.8028269e-03   5.4997528e-02   4.4462812e-01   0.0000000e+00   3.5946009e+00   2.9060590e+01   0.0000000e+00   2.3494066e+02
   2.1413779e-04   8.9718769e-04   7.2533237e-03   5.8639575e-02   4.7407229e-01   0.0000000e+00   3.8326426e+00   3.0985041e+01   0.0000000e+00   2.5049890e+02
   9.3535261e-02   0.0000000e+00   0.0000000e+00   0.0000000e+00   0.0000000e+00   3.9189105e-01   3.1682475e+00   2.5613732e+01   0.0000000e+00   2.0707449e+02
   1.2319539e-02   5.1616010e-02   0.0000000e+00   0.0000000e+00   0.0000000e+00   4.1729020e-01   3.3735872e+00   2.7273803e+01   0.0000000e+00   2.2049536e+02
   1.2319539e-02   0.0000000e+00   5.1616010e-02   0.0000000e+00   0.0000000e+00   4.1729020e-01   3.3735872e+00   2.7273803e+01   0.0000000e+00   2.2049536e+02
   1.6236762e-03   6.8028269e-03   5.4997528e-02   0.0000000e+00   0.0000000e+00   4.4462812e-01   3.5946009e+00   2.9060590e+01   0.0000000e+00   2.3494066e+02
   1.2319539e-02   0.0000000e+00   0.0000000e+00   5.1616010e-02   0.0000000e+00   4.1729020e-01   3.3735872e+00   2.7273803e+01   0.0000000e+00   2.2049536e+02
   1.6236762e-03   6.8028269e-03   0.0000000e+00   5.4997528e-02   0.0000000e+00   4.4462812e-01   3.5946009e+00   2.9060590e+01   0.0000000e+00   2.3494066e+02
   1.6236762e-03   0.0000000e+00   6.8028269e-03   5.4997528e-02   0.0000000e+00   4.4462812e-01   3.5946009e+00   2.9060590e+01   0.0000000e+00   2.3494066e+02
   2.1413779e-04   8.9718769e-04   7.2533237e-03   5.8639575e-02   0.0000000e+00   4.7407229e-01   3.8326426e+00   3.0985041e+01   0.0000000e+00   2.5049890e+02
   1.2319539e-02   0.0000000e+00   0.0000000e+00   0.0000000e+00   5.1616010e-02   4.1729020e-01   3.3735872e+00   2.7273803e+01   0.0000000e+00   2.2049536e+02
   1.6236762e-03   6.8028269e-03   0.0000000e+00   0.0000000e+00   5.4997528e-02   4.4462812e-01   3.5946009e+00   2.9060590e+01   0.0000000e+00   2.3494066e+02
   1.6236762e-03   0.0000000e+00   6.8028269e-03   0.0000000e+00   5.4997528e-02   4.4462812e-01   3.5946009e+00   2.9060590e+01   0.0000000e+00   2.3494066e+02
   2.1413779e-04   8.9718769e-04   7.2533237e-03   0.0000000e+00   5.8639575e-02   4.7407229e-01   3.8326426e+00   3.0985041e+01   0.0000000e+00   2.5049890e+02
   1.6236762e-03   0.0000000e+00   0.0000000e+00   6.8028269e-03   5.4997528e-02   4.4462812e-01   3.5946009e+00   2.9060590e+01   0.0000000e+00   2.3494066e+02
   2.1413779e-04   8.9718769e-04   0.0000000e+00   7.2533237e-03   5.8639575e-02   4.7407229e-01   3.8326426e+00   3.0985041e+01   0.0000000e+00   2.5049890e+02
   2.1413779e-04   0.0000000e+00   8.9718769e-04   7.2533237e-03   5.8639575e-02   4.7407229e-01   3.8326426e+00   3.0985041e+01   0.0000000e+00   2.5049890e+02
   2.8260454e-05   1.1840475e-04   9.5724450e-04   7.7388537e-03   6.2564847e-02   5.0580619e-01   4.0891957e+00   3.3059147e+01   0.0000000e+00   2.6726704e+02
   5.4023545e+00   0.0000000e+00   0.0000000e+00   0.0000000e+00   0.0000000e+00   0.0000000e+00   2.2634613e+01   0.0000000e+00   0.0000000e+00   1.8298977e+02
   7.1062293e-01   2.9773453e+00   0.0000000e+00   0.0000000e+00   0.0000000e+00   0.0000000e+00   2.4070381e+01   0.0000000e+00   0.0000000e+00   1.9459726e+02
   7.1062293e-01   0.0000000e+00   2.9773453e+00   0.0000000e+00   0.0000000e+00   0.0000000e+00   2.4070381e+01   0.0000000e+00   0.0000000e+00   1.9459726e+02
   9.3535261e-02   3.9189105e-01   3.1682475e+00   0.0000000e+00   0.0000000e+00   0.0000000e+00   2.5613732e+01   0.0000000e+00   0.0000000e+00   2.0707449e+02
   7.1062293e-01   0.0000000e+00   0.0000000e+00   2.9773453e+00   0.0000000e+00   0.0000000e+00   2.4070381e+01   0.0000000e+00   0.0000000e+00   1.9459726e+02
   9.3535261e-02   3.9189105e-01   0.0000000e+00   3.1682475e+00   0.0000000e+00   0.0000000e+00   2.5613732e+01   0.0000000e+00   0.0000000e+00   2.0707449e+02
   9.3535261e-02   0.0000000e+00   3.9189105e-01   3.1682475e+00   0.0000000e+00   0.0000000e+00   2.5613732e+01   0.0000000e+00   0.0000000e+00   2.0707449e+02
   1.2319539e-02   5.1616010e-02   4.1729020e-01   3.3735872e+00   0.0000000e+00   0.0000000e+00   2.7273803e+01   0.0000000e+00   0.0000000e+00   2.2049536e+02
   7.1062293e-01   0.0000000e+00   0.0000000e+00   0.0000000e+00   2.9773453e+00   0.0000000e+00   2.4070381e+01   0.0000000e+00   0.0000000e+00   1.9459726e+02
   9.3535261e-02   3.9189105e-01   0.0000000e+00   0.0000000e+00   3.1682475e+00   0.0000000e+00   2.5613732e+01   0.0000000e+00   0.0000000e+00   2.0707449e+02
   9.3535261e-02   0.0000000e+00   3.9189105e-01   0.0000000e+00   3.1682475e+00   0.0000000e+00   2.5613732e+01   0.0000000e+00   0.0000000e+00   2.0707449e+02
   1.2319539e-02   5.1616010e-02   4.1729020e-01   0.0000000e+00   3.3735872e+00   0.0000000e+00   2.7273803e+01   0.0000000e+00   0.0000000e+00   2.2049536e+02
   9.3535261e-02   0.0000000e+00   0.0000000e+00   3.9189105e-01   3.1682475e+00   0.0000000e+00   2.5613732e+01   0.0000000e+00   0.0000000e+00   2.0707449e+02
   1.2319539e-02   5.1616010e-02   0.0000000e+00   4.1729020e-01   3.3735872e+00   0.0000000e+00   2.7273803e+01   0.0000000e+00   0.0000000e+00   2.2049536e+02
   1.2319539e-02   0.0000000e+00   5.1616010e-02   4.1729020e-01   3.3735872e+00   0.0000000e+00   2.7273803e+01   0.0000000e+00   0.0000000e+00   2.2049536e+02
   1.6236762e-03   6.8028269e-03   5.4997528e-02   4.4462812e-01   3.5946009e+00   0.0000000e+00   2.9060590e+01   0.0000000e+00   0.0000000e+00   2.3494066e+02
   7.1062293e-01   0.0000000e+00   0.0000000e+00   0.0000000e+00   0.0000000e+00   2.9773453e+00   2.4070381e+01   0.0000000e+00   0.0000000e+00   1.9459726e+02
   9.3535261e-02   3.9189105e-01   0.0000000e+00   0.0000000e+00   0.0000000e+00   3.1682475e+00   2.5613732e+01   0.0000000e+00   0.0000000e+00   2.0707449e+02
   9.3535261e-02   0.0000000e+00   3.9189105e-01   0.0000000e+00   0.0000000e+00   3.1682475e+00   2.5613732e+01   0.0000000e+00   0.0000000e+00   2.0707449e+02
   1.2319539e-02   5.1616010e-02   4.1729020e-01   0.0000000e+00   0.0000000e+00   3.3735872e+00   2.7273803e+01   0.0000000e+00   0.0000000e+00   2.2049536e+02
   9.3535261e-02   0.0000000e+00   0.0000000e+00   3.9189105e-01   0.0000000e+00   3.1682475e+00   2.5613732e+01   0.0000000e+00   0.0000000e+00   2.0707449e+02
   1.2319539e-02   5.1616010e-02   0.0000000e+00   4.1729020e-01   0.0000000e+00   3.3735872e+00   2.7273803e+01   0.0000000e+00   0.0000000e+00   2.2049536e+02
   1.2319539e-02   0.0000000e+00   5.1616010e-02   4.1729020e-01   0.0000000e+00   3.3735872e+00   2.7273803e+01   0.0000000e+00   0.0000000e+00   2.2049536e+02
   1.6236762e-03   6.8028269e-03   5.4997528e-02   4.4462812e-01   0.0000000e+00   3.5946009e+00   2.9060590e+01   0.0000000e+00   0.0000000e+00   2.3494066e+02
   9.3535261e-02   0.0000000e+00   0.0000000e+00   0.0000000e+00   3.9189105e-01   3.1682475e+00   2.5613732e+01   0.0000000e+00   0.0000000e+00   2.0707449e+02
   1.2319539e-02   5.1616010e-02   0.0000000e+00   0.0000000e+00   4.1729020e-01   3.3735872e+00   2.7273803e+01   0.0000000e+00   0.0000000e+00   2.2049536e+02
   1.2319539e-02   0.0000000e+00   5.1616010e-02   0.0000000e+00   4.1729020e-01   3.3735872e+00   2.7273803e+01   0.0000000e+00   0.0000000e+00   2.2049536e+02
   1.6236762e-03   6.8028269e-03   5.4997528e-02   0.0000000e+00   4.4462812e-01   3.5946009e+00   2.9060590e+01   0.0000000e+00   0.0000000e+00   2.3494066e+02
   1.2319539e-02   0.0000000e+00   0.0000000e+00   5.1616010e-02   4.1729020e-01   3.3735872e+00   2.7273803e+01   0.0000000e+00   0.0000000e+00   2.2049536e+02
   1.6236762e-03   6.8028269e-03   0.0000000e+00   5.4997528e-02   4.4462812e-01   3.5946009e+00   2.9060590e+01   0.0000000e+00   0.0000000e+00   2.3494066e+02
   1.6236762e-03   0.0000000e+00   6.8028269e-03   5.4997528e-02   4.4462812e-01   3.5946009e+00   2.9060590e+01   0.0000000e+00   0.0000000e+00   2.3494066e+02
   2.1413779e-04   8.9718769e-04   7.2533237e-03   5.8639575e-02   4.7407229e-01   3.8326426e+00   3.0985041e+01   0.0000000e+00   0.0000000e+00   2.5049890e+02
   5.4023545e+00   0.0000000e+00   0.0000000e+00   0.0000000e+00   0.0000000e+00   2.2634613e+01   0.0000000e+00   0.0000000e+00   0.0000000e+00   1.8298977e+02
   7.1062293e-01   2.9773453e+00   0.0000000e+00   0.0000000e+00   0.0000000e+00   2.4070381e+01   0.0000000e+00   0.0000000e+00   0.0000000e+00   1.9459726e+02
   7.1062293e-01   0.0000000e+00   2.9773453e+00   0.0000000e+00   0.0000000e+00   2.4070381e+01   0.0000000e+00   0.0000000e+00   0.0000000e+00   1.9459726e+02
   9.3535261e-02   3.9189105e-01   3.1682475e+00   0.0000000e+00   0.0000000e+00   2.5613732e+01   0.0000000e+00   0.0000000e+00   0.0000000e+00   2.0707449e+02
   7.1062293e-01   0.0000000e+00   0.0000000e+00   2.9773453e+00   0.0000000e+00   2.4070381e+01   0.0000000e+00   0.0000000e+00   0.0000000e+00   1.9459726e+02
   9.3535261e-02   3.9189105e-01   0.0000000e+00   3.1682475e+00   0.0000000e+00   2.5613732e+01   0.0000000e+00   0.0000000e+00   0.0000000e+00   2.0707449e+02
   9.3535261e-02   0.0000000e+00   3.9189105e-01   3.1682475e+00   0.0000000e+00   2.5613732e+01   0.0000000e+00   0.0000000e+00   0.0000000e+00   2.0707449e+02
   1.2319539e-02   5.1616010e-02   4.1729020e-01   3.3735872e+00   0.0000000e+00   2.7273803e+01   0.0000000e+00   0.0000000e+00   0.0000000e+00   2.2049536e+02
   7.1062293e-01   0.0000000e+00   0.0000000e+00   0.0000000e+00   2.9773453e+00   2.4070381e+01   0.0000000e+00   0.0000000e+00   0.0000000e+00   1.9459726e+02
   9.3535261e-02   3.9189105e-01   0.0000000e+00   0.0000000e+00   3.1682475e+00   2.5613732e+01   0.0000000e+00   0.0000000e+00   0.0000000e+00   2.0707449e+02
   9.3535261e-02   0.0000000e+00   3.9189105e-01   0.0000000e+00   3.1682475e+00   2.5613732e+01   0.0000000e+00   0.0000000e+00   0.0000000e+00   2.0707449e+02
   1.2319539e-02   5.1616010e-02   4.1729020e-01   0.0000000e+00   3.3735872e+00   2.7273803e+01   0.0000000e+00   0.0000000e+00   0.0000000e+00   2.2049536e+02
   9.3535261e-02   0.0000000e+00   0.0000000e+00   3.9189105e-01   3.1682475e+00   2.5613732e+01   0.0000000e+00   0.0000000e+00   0.0000000e+00   2.0707449e+02
   1.2319539e-02   5.1616010e-02   0.0000000e+00   4.1729020e-01   3.3735872e+00   2.7273803e+01   0.0000000e+00   0.0000000e+00   0.0000000e+00   2.2049536e+02
   1.2319539e-02   0.0000000e+00   5.1616010e-02   4.1729020e-01   3.3735872e+00   2.7273803e+01   0.0000000e+00   0.0000000e+00   0.0000000e+00   2.2049536e+02
   1.6236762e-03   6.8028269e-03   5.4997528e-02   4.4462812e-01   3.5946009e+00   2.9060590e+01   0.0000000e+00   0.0000000e+00   0.0000000e+00   2.3494066e+02
   5.4023545e+00   0.0000000e+00   0.0000000e+00   0.0000000e+00   2.2634613e+01   0.0000000e+00   0.0000000e+00   0.0000000e+00   0.0000000e+00   1.8298977e+02
   7.1062293e-01   2.9773453e+00   0.0000000e+00   0.0000000e+00   2.4070381e+01   0.0000000e+00   0.0000000e+00   0.0000000e+00   0.0000000e+00   1.9459726e+02
   7.1062293e-01   0.0000000e+00   2.9773453e+00   0.0000000e+00   2.4070381e+01   0.0000000e+00   0.0000000e+00   0.0000000e+00   0.0000000e+00   1.9459726e+02
   9.3535261e-02   3.9189105e-01   3.1682475e+00   0.0000000e+00   2.5613732e+01   0.0000000e+00   0.0000000e+00   0.0000000e+00   0.0000000e+00   2.0707449e+02
   7.1062293e-01   0.0000000e+00   0.0000000e+00   2.9773453e+00   2.4070381e+01   0.0000000e+00   0.0000000e+00   0.0000000e+00   0.0000000e+00   1.9459726e+02
   9.3535261e-02   3.9189105e-01   0.0000000e+00   3.1682475e+00   2.5613732e+01   0.0000000e+00   0.0000000e+00   0.0000000e+00   0.0000000e+00   2.0707449e+02
   9.3535261e-02   0.0000000e+00   3.9189105e-01   3.1682475e+00   2.5613732e+01   0.0000000e+00   0.0000000e+00   0.0000000e+00   0.0000000e+00   2.0707449e+02
   1.2319539e-02   5.1616010e-02   4.1729020e-01   3.3735872e+00   2.7273803e+01   0.0000000e+00   0.0000000e+00   0.0000000e+00   0.0000000e+00   2.2049536e+02
   5.4023545e+00   0.0000000e+00   0.0000000e+00   2.2634613e+01   0.0000000e+00   0.0000000e+00   0.0000000e+00   0.0000000e+00   0.0000000e+00   1.8298977e+02
   7.1062293e-01   2.9773453e+00   0.0000000e+00   2.4070381e+01   0.0000000e+00   0.0000000e+00   0.0000000e+00   0.0000000e+00   0.0000000e+00   1.9459726e+02
   7.1062293e-01   0.0000000e+00   2.9773453e+00   2.4070381e+01   0.0000000e+00   0.0000000e+00   0.0000000e+00   0.0000000e+00   0.0000000e+00   1.9459726e+02
   9.3535261e-02   3.9189105e-01   3.1682475e+00   2.5613732e+01   0.0000000e+00   0.0000000e+00   0.0000000e+00   0.0000000e+00   0.0000000e+00   2.0707449e+02
   5.4023545e+00   0.0000000e+00   2.2634613e+01   0.0000000e+00   0.0000000e+00   0.0000000e+00   0.0000000e+00   0.0000000e+00   0.0000000e+00   1.8298977e+02
   7.1062293e-01   2.9773453e+00   2.4070381e+01   0.0000000e+00   0.0000000e+00   0.0000000e+00   0.0000000e+00   0.0000000e+00   0.0000000e+00   1.9459726e+02
   5.4023545e+00   2.2634613e+01   0.0000000e+00   0.0000000e+00   0.0000000e+00   0.0000000e+00   0.0000000e+00   0.0000000e+00   0.0000000e+00   1.8298977e+02
   4.1096424e+01   0.0000000e+00   0.0000000e+00   0.0000000e+00   0.0000000e+00   0.0000000e+00   0.0000000e+00   0.0000000e+00   0.0000000e+00   1.7218449e+02
   4.1096424e+01   0.0000000e+00   0.0000000e+00   0.0000000e+00   0.0000000e+00   0.0000000e+00   0.0000000e+00   0.0000000e+00   1.7218449e+02   0.0000000e+00
   5.4023545e+00   2.2634613e+01   0.0000000e+00   0.0000000e+00   0.0000000e+00   0.0000000e+00   0.0000000e+00   0.0000000e+00   1.8298977e+02   0.0000000e+00
   5.4023545e+00   0.0000000e+00   2.2634613e+01   0.0000000e+00   0.0000000e+00   0.0000000e+00   0.0000000e+00   0.0000000e+00   1.8298977e+02   0.0000000e+00
   7.1062293e-01   2.9773453e+00   2.4070381e+01   0.0000000e+00   0.0000000e+00   0.0000000e+00   0.0000000e+00   0.0000000e+00   1.9459726e+02   0.0000000e+00
   5.4023545e+00   0.0000000e+00   0.0000000e+00   2.2634613e+01   0.0000000e+00   0.0000000e+00   0.0000000e+00   0.0000000e+00   1.8298977e+02   0.0000000e+00
   7.1062293e-01   2.9773453e+00   0.0000000e+00   2.4070381e+01   0.0000000e+00   0.0000000e+00   0.0000000e+00   0.0000000e+00   1.9459726e+02   0.0000000e+00
   7.1062293e-01   0.0000000e+00   2.9773453e+00   2.4070381e+01   0.0000000e+00   0.0000000e+00   0.0000000e+00   0.0000000e+00   1.9459726e+02   0.0000000e+00
   9.3535261e-02   3.9189105e-01   3.1682475e+00   2.5613732e+01   0.0000000e+00   0.0000000e+00   0.0000000e+00   0.0000000e+00   2.0707449e+02   0.0000000e+00
   5.4023545e+00   0.0000000e+00   0.0000000e+00   0.0000000e+00   2.2634613e+01   0.0000000e+00   0.0000000e+00   0.0000000e+00   1.8298977e+02   0.0000000e+00
   7.1062293e-01   2.9773453e+00   0.0000000e+00   0.0000000e+00   2.4070381e+01   0.0000000e+00   0.0000000e+00   0.0000000e+00   1.9459726e+02   0.0000000e+00
   7.1062293e-01   0.0000000e+00   2.9773453e+00   0.0000000e+00   2.4070381e+01   0.0000000e+00   0.0000000e+00   0.0000000e+00   1.9459726e+02   0.0000000e+00
   9.3535261e-02   3.9189105e-01   3.1682475e+00   0.0000000e+00   2.5613732e+01   0.0000000e+00   0.0000000e+00   0.0000000e+00   2.0707449e+02   0.0000000e+00
   7.1062293e-01   0.0000000e+00   0.0000000e+00   2.9773453e+00   2.4070381e+01   0.0000000e+00   0.0000000e+00   0.0000000e+00   1.9459726e+02   0.0000000e+00
   9.3535261e-02   3.9189105e-01   0.0000000e+00   3.1682475e+00   2.5613732e+01   0.0000000e+00   0.0000000e+00   0.0000000e+00   2.0707449e+02   0.0000000e+00
   9.3535261e-02   0.0000000e+00   3.9189105e-01   3.1682475e+00   2.5613732e+01   0.0000000e+00   0.0000000e+00   0.0000000e+00   2.0707449e+02   0.0000000e+00
   1.2319539e-02   5.1616010e-02   4.1729020e-01   3.3735872e+00   2.7273803e+01   0.0000000e+00   0.0000000e+00   0.0000000e+00   2.2049536e+02   0.0000000e+00
   5.4023545e+00   0.0000000e+00   0.0000000e+00   0.0000000e+00   0.0000000e+00   2.2634613e+01   0.0000000e+00   0.0000000e+00   1.8298977e+02   0.0000000e+00
   7.1062293e-01   2.9773453e+00   0.0000000e+00   0.0000000e+00   0.0000000e+00   2.4070381e+01   0.0000000e+00   0.0000000e+00   1.9459726e+02   0.0000000e+00
   7.1062293e-01   0.0000000e+00   2.9773453e+00   0.0000000e+00   0.0000000e+00   2.4070381e+01   0.0000000e+00   0.0000000e+00   1.9459726e+02   0.0000000e+00
   9.3535261e-02   3.9189105e-01   3.1682475e+00   0.0000000e+00   0.0000000e+00   2.5613732e+01   0.0000000e+00   0.0000000e+00   2.0707449e+02   0.0000000e+00
   7.1062293e-01   0.0000000e+00   0.0000000e+00   2.9773453e+00   0.0000000e+00   2.4070381e+01   0.0000000e+00   0.0000000e+00   1.9459726e+02   0.0000000e+00
   9.3535261e-02   3.9189105e-01   0.0000000e+00   3.1682475e+00   0.0000000e+00   2.5613732e+01   0.0000000e+00   0.0000000e+00   2.0707449e+02   0.0000000e+00
   9.3535261e-02   0.0000000e+00   3.9189105e-01   3.1682475e+00   0.0000000e+00   2.5613732e+01   0.0000000e+00   0.0000000e+00   2.0707449e+02   0.0000000e+00
   1.2319539e-02   5.1616010e-02   4.1729020e-01   3.3735872e+00   0.0000000e+00   2.7273803e+01   0.0000000e+00   0.0000000e+00   2.2049536e+02   0.0000000e+00
   7.1062293e-01   0.0000000e+00   0.0000000e+00   0.0000000e+00   2.9773453e+00   2.4070381e+01   0.0000000e+00   0.0000000e+00   1.9459726e+02   0.0000000e+00
   9.3535261e-02   3.9189105e-01   0.0000000e+00   0.0000000e+00   3.1682475e+00   2.5613732e+01   0.0000000e+00   0.0000000e+00   2.0707449e+02   0.0000000e+00
   9.3535261e-02   0.0000000e+00   3.9189105e-01   0.0000000e+00   3.1682475e+00   2.5613732e+01   0.0000000e+00   0.0000000e+00   2.0707449e+02   0.0000000e+00
   1.2319539e-02   5.1616010e-02   4.1729020e-01   0.0000000e+00   3.3735872e+00   2.7273803e+01   0.0000000e+00   0.0000000e+00   2.2049536e+02   0.0000000e+00
   9.3535261e-02   0.0000000e+00   0.0000000e+00   3.9189105e-01   3.1682475e+00   2.5613732e+01   0.0000000e+00   0.0000000e+00   2.0707449e+02   0.0000000e+00
   1.2319539e-02   5.1616010e-02   0.0000000e+00   4.1729020e-01   3.3735872e+00   2.7273803e+01   0.0000000e+00   0.0000000e+00   2.2049536e+02   0.0000000e+00
   1.2319539e-02   0.0000000e+00   5.1616010e-02   4.1729020e-01   3.3735872e+00   2.7273803e+01   0.0000000e+00   0.0000000e+00   2.2049536e+02   0.0000000e+00
   1.6236762e-03   6.8028269e-03   5.4997528e-02   4.4462812e-01   3.5946009e+00   2.9060590e+01   0.0000000e+00   0.0000000e+00   2.3494066e+02   0.0000000e+00
   5.4023545e+00   0.0000000e+00   0.0000000e+00   0.0000000e+00   0.0000000e+00   0.0000000e+00   2.2634613e+01   0.0000000e+00   1.8298977e+02   0.0000000e+00
   7.1062293e-01   2.9773453e+00   0.0000000e+00   0.0000000e+00   0.0000000e+00   0.0000000e+00   2.4070381e+01   0.0000000e+00   1.9459726e+02   0.0000000e+00
   7.1062293e-01   0.0000000e+00   2.9773453e+00   0.0000000e+00   0.0000000e+00   0.0000000e+00   2.4070381e+01   0.0000000e+00   1.9459726e+02   0.0000000e+00
   9.3535261e-02   3.9189105e-01   3.1682475e+00   0.0000000e+00   0.0000000e+00   0.0000000e+00   2.5613732e+01   0.0000000e+00   2.0707449e+02   0.0000000e+00
   7.1062293e-01   0.0000000e+00   0.0000000e+00   2.9773453e+00   0.0000000e+00   0.0000000e+00   2.4070381e+01   0.0000000e+00   1.9459726e+02   0.0000000e+00
   9.3535261e-02   3.9189105e-01   0.0000000e+00   3.1682475e+00   0.0000000e+00   0.0000000e+00   2.5613732e+01   0.0000000e+00   2.0707449e+02   0.0000000e+00
   9.3535261e-02   0.0000000e+00   3.9189105e-01   3.1682475e+00   0.0000000e+00   0.0000000e+00   2.5613732e+01   0.0000000e+00   2.0707449e+02   0.0000000e+00
   1.2319539e-02   5.1616010e-02   4.1729020e-01   3.3735872e+00   0.0000000e+00   0.0000000e+00   2.7273803e+01   0.0000000e+00   2.2049536e+02   0.0000000e+00
   7.1062293e-01   0.0000000e+00   0.0000000e+00   0.0000000e+00   2.9773453e+00   0.0000000e+00   2.4070381e+01   0.0000000e+00   1.9459726e+02   0.0000000e+00
   9.3535261e-02   3.9189105e-01   0.0000000e+00   0.0000000e+00   3.1682475e+00   0.0000000e+00   2.5613732e+01   0.0000000e+00   2.0707449e+02   0.0000000e+00
   9.3535261e-02   0.0000000e+00   3.9189105e-01   0.0000000e+00   3.1682475e+00   0.0000000e+00   2.5613732e+01   0.0000000e+00   2.0707449e+02   0.0000000e+00
   1.2319539e-02   5.1616010e-02   4.1729020e-01   0.0000000e+00   3.3735872e+00   0.0000000e+00   2.7273803e+01   0.0000000e+00   2.2049536e+02   0.0000000e+00
   9.3535261e-02   0.0000000e+00   0.0000000e+00   3.9189105e-01   3.1682475e+00   0.0000000e+00   2.5613732e+01   0.0000000e+00   2.0707449e+02   0.0000000e+00
   1.2319539e-02   5.1616010e-02   0.0000000e+00   4.1729020e-01   3.3735872e+00   0.0000000e+00   2.7273803e+01   0.0000000e+00   2.2049536e+02   0.0000000e+00
   1.2319539e-02   0.0000000e+00   5.1616010e-02   4.1729020e-01   3.3735872e+00   0.0000000e+00   2.7273803e+01   0.0000000e+00   2.2049536e+02   0.0000000e+00
   1.6236762e-03   6.8028269e-03   5.4997528e-02   4.4462812e-01   3.5946009e+00   0.0000000e+00   2.9060590e+01   0.0000000e+00   2.3494066e+02   0.0000000e+00
   7.1062293e-01   0.0000000e+00   0.0000000e+00   0.0000000e+00   0.0000000e+00   2.9773453e+00   2.4070381e+01   0.0000000e+00   1.9459726e+02   0.0000000e+00
   9.3535261e-02   3.9189105e-01   0.0000000e+00   0.0000000e+00   0.0000000e+00   3.1682475e+00   2.5613732e+01   0.0000000e+00   2.0707449e+02   0.0000000e+00
   9.3535261e-02   0.0000000e+00   3.9189105e-01   0.0000000e+00   0.0000000e+00   3.1682475e+00   2.5613732e+01   0.0000000e+00   2.0707449e+02   0.0000000e+00
   1.2319539e-02   5.1616010e-02   4.1729020e-01   0.0000000e+00   0.0000000e+00   3.3735872e+00   2.7273803e+01   0.0000000e+00   2.2049536e+02   0.0000000e+00
   9.3535261e-02   0.0000000e+00   0.0000000e+00   3.9189105e-01   0.0000000e+00   3.1682475e+00   2.5613732e+01   0.0000000e+00   2.0707449e+02   0.0000000e+00
   1.2319539e-02   5.1616010e-02   0.0000000e+00   4.1729020e-01   0.0000000e+00   3.3735872e+00   2.7273803e+01   0.0000000e+00   2.2049536e+02   0.0000000e+00
   1.2319539e-02   0.0000000e+00   5.1616010e-02   4.1729020e-01   0.0000000e+00   3.3735872e+00   2.7273803e+01   0.0000000e+00   2.2049536e+02   0.0000000e+00
   1.6236762e-03   6.8028269e-03   5.4997528e-02   4.4462812e-01   0.0000000e+00   3.5946009e+00   2.9060590e+01   0.0000000e+00   2.3494066e+02   0.0000000e+00
   9.3535261e-02   0.0000000e+00   0.0000000e+00   0.0000000e+00   3.9189105e-01   3.1682475e+00   2.5613732e+01   0.0000000e+00   2.0707449e+02   0.0000000e+00
   1.2319539e-02   5.1616010e-02   0.0000000e+00   0.0000000e+00   4.1729020e-01   3.3735872e+00   2.7273803e+01   0.0000000e+00   2.2049536e+02   0.0000000e+00
   1.2319539e-02   0.0000000e+00   5.1616010e-02   0.0000000e+00   4.1729020e-01   3.3735872e+00   2.7273803e+01   0.0000000e+00   2.2049536e+02   0.0000000e+00
   1.6236762e-03   6.8028269e-03   5.4997528e-02   0.0000000e+00   4.4462812e-01   3.5946009e+00   2.9060590e+01   0.0000000e+00   2.3494066e+02   0.0000000e+00
   1.2319539e-02   0.0000000e+00   0.0000000e+00   5.1616010e-02   4.1729020e-01   3.3735872e+00   2.7273803e+01   0.0000000e+00   2.2049536e+02   0.0000000e+00
   1.6236762e-03   6.8028269e-03   0.0000000e+00   5.4997528e-02   4.4462812e-01   3.5946009e+00   2.9060590e+01   0.0000000e+00   2.3494066e+02   0.0000000e+00
   1.6236762e-03   0.0000000e+00   6.8028269e-03   5.4997528e-02   4.4462812e-01   3.5946009e+00   2.9060590e+01   0.0000000e+00   2.3494066e+02   0.0000000e+00
   2.1413779e-04   8.9718769e-04   7.2533237e-03   5.8639575e-02   4.7407229e-01   3.8326426e+00   3.0985041e+01   0.0000000e+00   2.5049890e+02   0.0000000e+00
   5.4023545e+00   0.0000000e+00   0.0000000e+00   0.0000000e+00   0.0000000e+00   0.0000000e+00   0.0000000e+00   2.2634613e+01   1.8298977e+02   0.0000000e+00
   7.1062293e-01   2.9773453e+00   0.0000000e+00   0.0000000e+00   0.0000000e+00   0.0000000e+00   0.0000000e+00   2.4070381e+01   1.9459726e+02   0.0000000e+00
   7.1062293e-01   0.0000000e+00   2.9773453e+00   0.0000000e+00   0.0000000e+00   0.0000000e+00   0.0000000e+00   2.4070381e+01   1.9459726e+02   0.0000000e+00
   9.3535261e-02   3.9189105e-01   3.1682475e+00   0.0000000e+00   0.0000000e+00   0.0000000e+00   0.0000000e+00   2.5613732e+01   2.0707449e+02   0.0000000e+00
   7.1062293e-01   0.0000000e+00   0.0000000e+00   2.9773453e+00   0.0000000e+00   0.0000000e+00   0.0000000e+00   2.4070381e+01   1.9459726e+02   0.0000000e+00
   9.3535261e-02   3.9189105e-01   0.0000000e+00   3.1682475e+00   0.0000000e+00   0.0000000e+00   0.0000000e+00   2.5613732e+01   2.0707449e+02   0.0000000e+00
   9.3535261e-02   0.0000000e+00   3.9189105e-01   3.1682475e+00   0.0000000e+00   0.0000000e+00   0.0000000e+00   2.5613732e+01   2.0707449e+02   0.0000000e+00
   1.2319539e-02   5.1616010e-02   4.1729020e-01   3.3735872e+00   0.0000000e+00   0.0000000e+00   0.0000000e+00   2.7273803e+01   2.2049536e+02   0.0000000e+00
   7.1062293e-01   0.0000000e+00   0.0000000e+00   0.0000000e+00   2.9773453e+00   0.0000000e+00   0.0000000e+00   2.4070381e+01   1.9459726e+02   0.0000000e+00
   9.3535261e-02   3.9189105e-01   0.0000000e+00   0.0000000e+00   3.1682475e+00   0.0000000e+00   0.0000000e+00   2.5613732e+01   2.0707449e+02   0.0000000e+00
   9.3535261e-02   0.0000000e+00   3.9189105e-01   0.0000000e+00   3.1682475e+00   0.0000000e+00   0.0000000e+00   2.5613732e+01   2.0707449e+02   0.0000000e+00
   1.2319539e-02   5.1616010e-02   4.1729020e-01   0.0000000e+00   3.3735872e+00   0.0000000e+00   0.0000000e+00   2.7273803e+01   2.2049536e+02   0.0000000e+00
   9.3535261e-02   0.0000000e+00   0.0000000e+00   3.9189105e-01   3.1682475e+00   0.0000000e+00   0.0000000e+00   2.5613732e+01   2.0707449e+02   0.0000000e+00
   1.2319539e-02   5.1616010e-02   0.0000000e+00   4.1729020e-01   3.3735872e+00   0.0000000e+00   0.0000000e+00   2.7273803e+01   2.2049536e+02   0.0000000e+00
   1.2319539e-02   0.0000000e+00   5.1616010e-02   4.1729020e-01   3.3735872e+00   0.0000000e+00   0.0000000e+00   2.7273803e+01   2.2049536e+02   0.0000000e+00
   1.6236762e-03   6.8028269e-03   5.4997528e-02   4.4462812e-01   3.5946009e+00   0.0000000e+00   0.0000000e+00   2.9060590e+01   2.3494066e+02   0.0000000e+00
   7.1062293e-01   0.0000000e+00   0.0000000e+00   0.0000000e+00   0.0000000e+00   2.9773453e+00   0.0000000e+00   2.4070381e+01   1.9459726e+02   0.0000000e+00
   9.3535261e-02   3.9189105e-01   0.0000000e+00   0.0000000e+00   0.0000000e+00   3.1682475e+00   0.0000000e+00   2.5613732e+01   2.0707449e+02   0.0000000e+00
   9.3535261e-02   0.0000000e+00   3.9189105e-01   0.0000000e+00   0.0000000e+00   3.1682475e+00   0.0000000e+00   2.5613732e+01   2.0707449e+02   0.0000000e+00
   1.2319539e-02   5.1616010e-02   4.1729020e-01   0.0000000e+00   0.0000000e+00   3.3735872e+00   0.0000000e+00   2.7273803e+01   2.2049536e+02   0.0000000e+00
   9.3535261e-02   0.0000000e+00   0.0000000e+00   3.9189105e-01   0.0000000e+00   3.1682475e+00   0.0000000e+00   2.5613732e+01   2.0707449e+02   0.0000000e+00
   1.2319539e-02   5.1616010e-02   0.0000000e+00   4.1729020e-01   0.0000000e+00   3.3735872e+00   0.0000000e+00   2.7273803e+01   2.2049536e+02   0.0000000e+00
   1.2319539e-02   0.0000000e+00   5.1616010e-02   4.1729020e-01   0.0000000e+00   3.3735872e+00   0.0000000e+00   2.7273803e+01   2.2049536e+02   0.0000000e+00
   1.6236762e-03   6.8028269e-03   5.4997528e-02   4.4462812e-01   0.0000000e+00   3.5946009e+00   0.0000000e+00   2.9060590e+01   2.3494066e+02   0.0000000e+00
   9.3535261e-02   0.0000000e+00   0.0000000e+00   0.0000000e+00   3.9189105e-01   3.1682475e+00   0.0000000e+00   2.5613732e+01   2.0707449e+02   0.0000000e+00
   1.2319539e-02   5.1616010e-02   0.0000000e+00   0.0000000e+00   4.1729020e-01   3.3735872e+00   0.0000000e+00   2.7273803e+01   2.2049536e+02   0.0000000e+00
   1.2319539e-02   0.0000000e+00   5.1616010e-02   0.0000000e+00   4.1729020e-01   3.3735872e+00   0.0000000e+00   2.7273803e+01   2.2049536e+02   0.0000000e+00
   1.6236762e-03   6.8028269e-03   5.4997528e-02   0.0000000e+00   4.4462812e-01   3.5946009e+00   0.0000000e+00   2.9060590e+01   2.3494066e+02   0.0000000e+00
   1.2319539e-02   0.0000000e+00   0.0000000e+00   5.1616010e-02   4.1729020e-01   3.3735872e+00   0.0000000e+00   2.7273803e+01   2.2049536e+02   0.0000000e+00
   1.6236762e-03   6.8028269e-03   0.0000000e+00   5.4997528e-02   4.4462812e-01   3.5946009e+00   0.0000000e+00   2.9060590e+01   2.3494066e+02   0.0000000e+00
   1.6236762e-03   0.0000000e+00   6.8028269e-03   5.4997528e-02   4.4462812e-01   3.5946009e+00   0.0000000e+00   2.9060590e+01   2.3494066e+02   0.0000000e+00
   2.1413779e-04   8.9718769e-04   7.2533237e-03   5.8639575e-02   4.7407229e-01   3.8326426e+00   0.0000000e+00   3.0985041e+01   2.5049890e+02   0.0000000e+00
   7.1062293e-01   0.0000000e+00   0.0000000e+00   0.0000000e+00   0.0000000e+00   0.0000000e+00   2.9773453e+00   2.4070381e+01   1.9459726e+02   0.0000000e+00
   9.3535261e-02   3.9189105e-01   0.0000000e+00   0.0000000e+00   0.0000000e+00   0.0000000e+00   3.1682475e+00   2.5613732e+01   2.0707449e+02   0.0000000e+00
   9.3535261e-02   0.0000000e+00   3.9189105e-01   0.0000000e+00   0.0000000e+00   0.0000000e+00   3.1682475e+00   2.5613732e+01   2.0707449e+02   0.0000000e+00
   1.2319539e-02   5.1616010e-02   4.1729020e-01   0.0000000e+00   0.0000000e+00   0.0000000e+00   3.3735872e+00   2.7273803e+01   2.2049536e+02   0.0000000e+00
   9.3535261e-02   0.0000000e+00   0.0000000e+00   3.9189105e-01   0.0000000e+00   0.0000000e+00   3.1682475e+00   2.5613732e+01   2.0707449e+02   0.0000000e+00
   1.2319539e-02   5.1616010e-02   0.0000000e+00   4.1729020e-01   0.0000000e+00   0.0000000e+00   3.3735872e+00   2.7273803e+01   2.2049536e+02   0.0000000e+00
   1.2319539e-02   0.0000000e+00   5.1616010e-02   4.1729020e-01   0.0000000e+00   0.0000000e+00   3.3735872e+00   2.7273803e+01   2.2049536e+02   0.0000000e+00
   1.6236762e-03   6.8028269e-03   5.4997528e-02   4.4462812e-01   0.0000000e+00   0.0000000e+00   3.5946009e+00   2.9060590e+01   2.3494066e+02   0.0000000e+00
   9.3535261e-02   0.0000000e+00   0.0000000e+00   0.0000000e+00   3.9189105e-01   0.0000000e+00   3.1682475e+00   2.5613732e+01   2.0707449e+02   0.0000000e+00
   1.2319539e-02   5.1616010e-02   0.0000000e+00   0.0000000e+00   4.1729020e-01   0.0000000e+00   3.3735872e+00   2.7273803e+01   2.2049536e+02   0.0000000e+00
   1.2319539e-02   0.0000000e+00   5.1616010e-02   0.0000000e+00   4.1729020e-01   0.0000000e+00   3.3735872e+00   2.7273803e+01   2.2049536e+02   0.0000000e+00
   1.6236762e-03   6.8028269e-03   5.4997528e-02   0.0000000e+00   4.4462812e-01   0.0000000e+00   3.5946009e+00   2.9060590e+01   2.3494066e+02   0.0000000e+00
   1.2319539e-02   0.0000000e+00   0.0000000e+00   5.1616010e-02   4.1729020e-01   0.0000000e+00   3.3735872e+00   2.7273803e+01   2.2049536e+02   0.0000000e+00
   1.6236762e-03   6.8028269e-03   0.0000000e+00   5.4997528e-02   4.4462812e-01   0.0000000e+00   3.5946009e+00   2.9060590e+01   2.3494066e+02   0.0000000e+00
   1.6236762e-03   0.0000000e+00   6.8028269e-03   5.4997528e-02   4.4462812e-01   0.0000000e+00   3.5946009e+00   2.9060590e+01   2.3494066e+02   0.0000000e+00
   2.1413779e-04   8.9718769e-04   7.2533237e-03   5.8639575e-02   4.7407229e-01   0.0000000e+00   3.8326426e+00   3.0985041e+01   2.5049890e+02   0.0000000e+00
   9.3535261e-02   0.0000000e+00   0.0000000e+00   0.0000000e+00   0.0000000e+00   3.9189105e-01   3.1682475e+00   2.5613732e+01   2.0707449e+02   0.0000000e+00
   1.2319539e-02   5.1616010e-02   0.0000000e+00   0.0000000e+00   0.0000000e+00   4.1729020e-01   3.3735872e+00   2.7273803e+01   2.2049536e+02   0.0000000e+00
   1.2319539e-02   0.0000000e+00   5.1616010e-02   0.0000000e+00   0.0000000e+00   4.1729020e-01   3.3735872e+00   2.7273803e+01   2.2049536e+02   0.0000000e+00
   1.6236762e-03   6.8028269e-03   5.4997528e-02   0.0000000e+00   0.0000000e+00   4.4462812e-01   3.5946009e+00   2.9060590e+01   2.3494066e+02   0.0000000e+00
   1.2319539e-02   0.0000000e+00   0.0000000e+00   5.1616010e-02   0.0000000e+00   4.1729020e-01   3.3735872e+00   2.7273803e+01   2.2049536e+02   0.0000000e+00
   1.6236762e-03   6.8028269e-03   0.0000000e+00   5.4997528e-02   0.0000000e+00   4.4462812e-01   3.5946009e+00   2.9060590e+01   2.3494066e+02   0.0000000e+00
   1.6236762e-03   0.0000000e+00   6.8028269e-03   5.4997528e-02   0.0000000e+00   4.4462812e-01   3.5946009e+00   2.9060590e+01   2.3494066e+02   0.0000000e+00
   2.1413779e-04   8.9718769e-04   7.2533237e-03   5.8639575e-02   0.0000000e+00   4.7407229e-01   3.8326426e+00   3.0985041e+01   2.5049890e+02   0.0000000e+00
   1.2319539e-02   0.0000000e+00   0.0000000e+00   0.0000000e+00   5.1616010e-02   4.1729020e-01   3.3735872e+00   2.7273803e+01   2.2049536e+02   0.0000000e+00
   1.6236762e-03   6.8028269e-03   0.0000000e+00   0.0000000e+00   5.4997528e-02   4.4462812e-01   3.5946009e+00   2.9060590e+01   2.3494066e+02   0.0000000e+00
   1.6236762e-03   0.0000000e+00   6.8028269e-03   0.0000000e+00   5.4997528e-02   4.4462812e-01   3.5946009e+00   2.9060590e+01   2.3494066e+02   0.0000000e+00
   2.1413779e-04   8.9718769e-04   7.2533237e-03   0.0000000e+00   5.8639575e-02   4.7407229e-01   3.8326426e+00   3.0985041e+01   2.5049890e+02   0.0000000e+00
   1.6236762e-03   0.0000000e+00   0.0000000e+00   6.8028269e-03   5.4997528e-02   4.4462812e-01   3.5946009e+00   2.9060590e+01   2.3494066e+02   0.0000000e+00
   2.1413779e-04   8.9718769e-04   0.0000000e+00   7.2533237e-03   5.8639575e-02   4.7407229e-01   3.8326426e+00   3.0985041e+01   2.5049890e+02   0.0000000e+00
   2.1413779e-04   0.0000000e+00   8.9718769e-04   7.2533237e-03   5.8639575e-02   4.7407229e-01   3.8326426e+00   3.0985041e+01   2.5049890e+02   0.0000000e+00
   2.8260454e-05   1.1840475e-04   9.5724450e-04   7.7388537e-03   6.2564847e-02   5.0580619e-01   4.0891957e+00   3.3059147e+01   2.6726704e+02   0.0000000e+00
   4.1096424e+01   0.0000000e+00   0.0000000e+00   0.0000000e+00   0.0000000e+00   0.0000000e+00   0.0000000e+00   1.7218449e+02   0.0000000e+00   0.0000000e+00
   5.4023545e+00   2.2634613e+01   0.0000000e+00   0.0000000e+00   0.0000000e+00   0.0000000e+00   0.0000000e+00   1.8298977e+02   0.0000000e+00   0.0000000e+00
   5.4023545e+00   0.0000000e+00   2.2634613e+01   0.0000000e+00   0.0000000e+00   0.0000000e+00   0.0000000e+00   1.8298977e+02   0.0000000e+00   0.0000000e+00
   7.1062293e-01   2.9773453e+00   2.4070381e+01   0.0000000e+00   0.0000000e+00   0.0000000e+00   0.0000000e+00   1.9459726e+02   0.0000000e+00   0.0000000e+00
   5.4023545e+00   0.0000000e+00   0.0000000e+00   2.2634613e+01   0.0000000e+00   0.0000000e+00   0.0000000e+00   1.8298977e+02   0.0000000e+00   0.0000000e+00
   7.1062293e-01   2.9773453e+00   0.0000000e+00   2.4070381e+01   0.0000000e+00   0.0000000e+00   0.0000000e+00   1.9459726e+02   0.0000000e+00   0.0000000e+00
   7.1062293e-01   0.0000000e+00   2.9773453e+00   2.4070381e+01   0.0000000e+00   0.0000000e+00   0.0000000e+00   1.9459726e+02   0.0000000e+00   0.0000000e+00
   9.3535261e-02   3.9189105e-01   3.1682475e+00   2.5613732e+01   0.0000000e+00   0.0000000e+00   0.0000000e+00   2.0707449e+02   0.0000000e+00   0.0000000e+00
   5.4023545e+00   0.0000000e+00   0.0000000e+00   0.0000000e+00   2.2634613e+01   0.0000000e+00   0.0000000e+00   1.8298977e+02   0.0000000e+00   0.0000000e+00
   7.1062293e-01   2.9773453e+00   0.0000000e+00   0.0000000e+00   2.4070381e+01   0.0000000e+00   0.0000000e+00   1.9459726e+02   0.0000000e+00   0.0000000e+00
   7.1062293e-01   0.0000000e+00   2.9773453e+00   0.0000000e+00   2.4070381e+01   0.0000000e+00   0.0000000e+00   1.9459726e+02   0.0000000e+00   0.0000000e+00
   9.3535261e-02   3.9189105e-01   3.1682475e+00   0.0000000e+00   2.5613732e+01   0.0000000e+00   0.0000000e+00   2.0707449e+02   0.0000000e+00   0.0000000e+00
   7.1062293e-01   0.0000000e+00   0.0000000e+00   2.9773453e+00   2.4070381e+01   0.0000000e+00   0.0000000e+00   1.9459726e+02   0.0000000e+00   0.0000000e+00
   9.3535261e-02   3.9189105e-01   0.0000000e+00   3.1682475e+00   2.5613732e+01   0.0000000e+00   0.0000000e+00   2.0707449e+02   0.0000000e+00   0.0000000e+00
   9.3535261e-02   0.0000000e+00   3.9189105e-01   3.1682475e+00   2.5613732e+01   0.0000000e+00   0.0000000e+00   2.0707449e+02   0.0000000e+00   0.0000000e+00
   1.2319539e-02   5.1616010e-02   4.1729020e-01   3.3735872e+00   2.7273803e+01   0.0000000e+00   0.0000000e+00   2.2049536e+02   0.0000000e+00   0.0000000e+00
   5.4023545e+00   0.0000000e+00   0.0000000e+00   0.0000000e+00   0.0000000e+00   2.2634613e+01   0.0000000e+00   1.8298977e+02   0.0000000e+00   0.0000000e+00
   7.1062293e-01   2.9773453e+00   0.0000000e+00   0.0000000e+00   0.0000000e+00   2.4070381e+01   0.0000000e+00   1.9459726e+02   0.0000000e+00   0.0000000e+00
   7.1062293e-01   0.0000000e+00   2.9773453e+00   0.0000000e+00   0.0000000e+00   2.4070381e+01   0.0000000e+00   1.9459726e+02   0.0000000e+00   0.0000000e+00
   9.3535261e-02   3.9189105e-01   3.1682475e+00   0.0000000e+00   0.0000000e+00   2.5613732e+01   0.0000000e+00   2.0707449e+02   0.0000000e+00   0.0000000e+00
   7.1062293e-01   0.0000000e+00   0.0000000e+00   2.9773453e+00   0.0000000e+00   2.4070381e+01   0.0000000e+00   1.9459726e+02   0.0000000e+00   0.0000000e+00
   9.3535261e-02   3.9189105e-01   0.0000000e+00   3.1682475e+00   0.0000000e+00   2.5613732e+01   0.0000000e+00   2.0707449e+02   0.0000000e+00   0.0000000e+00
   9.3535261e-02   0.0000000e+00   3.9189105e-01   3.1682475e+00   0.0000000e+00   2.5613732e+01   0.0000000e+00   2.0707449e+02   0.0000000e+00   0.0000000e+00
   1.2319539e-02   5.1616010e-02   4.1729020e-01   3.3735872e+00   0.0000000e+00   2.7273803e+01   0.0000000e+00   2.2049536e+02   0.0000000e+00   0.0000000e+00
   7.1062293e-01   0.0000000e+00   0.0000000e+00   0.0000000e+00   2.9773453e+00   2.4070381e+01   0.0000000e+00   1.9459726e+02   0.0000000e+00   0.0000000e+00
   9.3535261e-02   3.9189105e-01   0.0000000e+00   0.0000000e+00   3.1682475e+00   2.5613732e+01   0.0000000e+00   2.0707449e+02   0.0000000e+00   0.0000000e+00
   9.3535261e-02   0.0000000e+00   3.9189105e-01   0.0000000e+00   3.1682475e+00   2.5613732e+01   0.0000000e+00   2.0707449e+02   0.0000000e+00   0.0000000e+00
   1.2319539e-02   5.1616010e-02   4.1729020e-01   0.0000000e+00   3.3735872e+00   2.7273803e+01   0.0000000e+00   2.2049536e+02   0.0000000e+00   0.0000000e+00
   9.3535261e-02   0.0000000e+00   0.0000000e+00   3.9189105e-01   3.1682475e+00   2.5613732e+01   0.0000000e+00   2.0707449e+02   0.0000000e+00   0.0000000e+00
   1.2319539e-02   5.1616010e-02   0.0000000e+00   4.1729020e-01   3.3735872e+00   2.7273803e+01   0.0000000e+00   2.2049536e+02   0.0000000e+00   0.0000000e+00
   1.2319539e-02   0.0000000e+00   5.1616010e-02   4.1729020e-01   3.3735872e+00   2.7273803e+01   0.0000000e+00   2.2049536e+02   0.0000000e+00   0.0000000e+00
   1.6236762e-03   6.8028269e-03   5.4997528e-02   4.4462812e-01   3.5946009e+00   2.9060590e+01   0.0000000e+00   2.3494066e+02   0.0000000e+00   0.0000000e+00
   5.4023545e+00   0.0000000e+00   0.0000000e+00   0.0000000e+00   0.0000000e+00   0.0000000e+00   2.2634613e+01   1.8298977e+02   0.0000000e+00   0.0000000e+00
   7.1062293e-01   2.9773453e+00   0.0000000e+00   0.0000000e+00   0.0000000e+00   0.0000000e+00   2.4070381e+01   1.9459726e+02   0.0000000e+00   0.0000000e+00
   7.1062293e-01   0.0000000e+00   2.9773453e+00   0.0000000e+00   0.0000000e+00   0.0000000e+00   2.4070381e+01   1.9459726e+02   0.0000000e+00   0.0000000e+00
   9.3535261e-02   3.9189105e-01   3.1682475e+00   0.0000000e+00   0.0000000e+00   0.0000000e+00   2.5613732e+01   2.0707449e+02   0.0000000e+00   0.0000000e+00
   7.1062293e-01   0.0000000e+00   0.0000000e+00   2.9773453e+00   0.0000000e+00   0.0000000e+00   2.4070381e+01   1.9459726e+02   0.0000000e+00   0.0000000e+00
   9.3535261e-02   3.9189105e-01   0.0000000e+00   3.1682475e+00   0.0000000e+00   0.0000000e+00   2.5613732e+01   2.0707449e+02   0.0000000e+00   0.0000000e+00
   9.3535261e-02   0.0000000e+00   3.9189105e-01   3.1682475e+00   0.0000000e+00   0.0000000e+00   2.5613732e+01   2.0707449e+02   0.0000000e+00   0.0000000e+00
   1.2319539e-02   5.1616010e-02   4.1729020e-01   3.3735872e+00   0.0000000e+00   0.0000000e+00   2.7273803e+01   2.2049536e+02   0.0000000e+00   0.0000000e+00
   7.1062293e-01   0.0000000e+00   0.0000000e+00   0.0000000e+00   2.9773453e+00   0.0000000e+00   2.4070381e+01   1.9459726e+02   0.0000000e+00   0.0000000e+00
   9.3535261e-02   3.9189105e-01   0.0000000e+00   0.0000000e+00   3.1682475e+00   0.0000000e+00   2.5613732e+01   2.0707449e+02   0.0000000e+00   0.0000000e+00
   9.3535261e-02   0.0000000e+00   3.9189105e-01   0.0000000e+00   3.1682475e+00   0.0000000e+00   2.5613732e+01   2.0707449e+02   0.0000000e+00   0.0000000e+00
   1.2319539e-02   5.1616010e-02   4.1729020e-01   0.0000000e+00   3.3735872e+00   0.0000000e+00   2.7273803e+01   2.2049536e+02   0.0000000e+00   0.0000000e+00
   9.3535261e-02   0.0000000e+00   0.0000000e+00   3.9189105e-01   3.1682475e+00   0.0000000e+00   2.5613732e+01   2.0707449e+02   0.0000000e+00   0.0000000e+00
   1.2319539e-02   5.1616010e-02   0.0000000e+00   4.1729020e-01   3.3735872e+00   0.0000000e+00   2.7273803e+01   2.2049536e+02   0.0000000e+00   0.0000000e+00
   1.2319539e-02   0.0000000e+00   5.1616010e-02   4.1729020e-01   3.3735872e+00   0.0000000e+00   2.7273803e+01   2.2049536e+02   0.0000000e+00   0.0000000e+00
   1.6236762e-03   6.8028269e-03   5.4997528e-02   4.4462812e-01   3.5946009e+00   0.0000000e+00   2.9060590e+01   2.3494066e+02   0.0000000e+00   0.0000000e+00
   7.1062293e-01   0.0000000e+00   0.0000000e+00   0.0000000e+00   0.0000000e+00   2.9773453e+00   2.4070381e+01   1.9459726e+02   0.0000000e+00   0.0000000e+00
   9.3535261e-02   3.9189105e-01   0.0000000e+00   0.0000000e+00   0.0000000e+00   3.1682475e+00   2.5613732e+01   2.0707449e+02   0.0000000e+00   0.0000000e+00
   9.3535261e-02   0.0000000e+00   3.9189105e-01   0.0000000e+00   0.0000000e+00   3.1682475e+00   2.5613732e+01   2.0707449e+02   0.0000000e+00   0.0000000e+00
   1.2319539e-02   5.1616010e-02   4.1729020e-01   0.0000000e+00   0.0000000e+00   3.3735872e+00   2.7273803e+01   2.2049536e+02   0.0000000e+00   0.0000000e+00
   9.3535261e-02   0.0000000e+00   0.0000000e+00   3.9189105e-01   0.0000000e+00   3.1682475e+00   2.5613732e+01   2.0707449e+02   0.0000000e+00   0.0000000e+00
   1.2319539e-02   5.1616010e-02   0.0000000e+00   4.1729020e-01   0.0000000e+00   3.3735872e+00   2.7273803e+01   2.2049536e+02   0.0000000e+00   0.0000000e+00
   1.2319539e-02   0.0000000e+00   5.1616010e-02   4.1729020e-01   0.0000000e+00   3.3735872e+00   2.7273803e+01   2.2049536e+02   0.0000000e+00   0.0000000e+00
   1.6236762e-03   6.8028269e-03   5.4997528e-02   4.4462812e-01   0.0000000e+00   3.5946009e+00   2.9060590e+01   2.3494066e+02   0.0000000e+00   0.0000000e+00
   9.3535261e-02   0.0000000e+00   0.0000000e+00   0.0000000e+00   3.9189105e-01   3.1682475e+00   2.5613732e+01   2.0707449e+02   0.0000000e+00   0.0000000e+00
   1.2319539e-02   5.1616010e-02   0.0000000e+00   0.0000000e+00   4.1729020e-01   3.3735872e+00   2.7273803e+01   2.2049536e+02   0.0000000e+00   0.0000000e+00
   1.2319539e-02   0.0000000e+00   5.1616010e-02   0.0000000e+00   4.1729020e-01   3.3735872e+00   2.7273803e+01   2.2049536e+02   0.0000000e+00   0.0000000e+00
   1.6236762e-03   6.8028269e-03   5.4997528e-02   0.0000000e+00   4.4462812e-01   3.5946009e+00   2.9060590e+01   2.3494066e+02   0.0000000e+00   0.0000000e+00
   1.2319539e-02   0.0000000e+00   0.0000000e+00   5.1616010e-02   4.1729020e-01   3.3735872e+00   2.7273803e+01   2.2049536e+02   0.0000000e+00   0.0000000e+00
   1.6236762e-03   6.8028269e-03   0.0000000e+00   5.4997528e-02   4.4462812e-01   3.5946009e+00   2.9060590e+01   2.3494066e+02   0.0000000e+00   0.0000000e+00
   1.6236762e-03   0.0000000e+00   6.8028269e-03   5.4997528e-02   4.4462812e-01   3.5946009e+00   2.9060590e+01   2.3494066e+02   0.0000000e+00   0.0000000e+00
   2.1413779e-04   8.9718769e-04   7.2533237e-03   5.8639575e-02   4.7407229e-01   3.8326426e+00   3.0985041e+01   2.5049890e+02   0.0000000e+00   0.0000000e+00
   4.1096424e+01   0.0000000e+00   0.0000000e+00   0.0000000e+00   0.0000000e+00   0.0000000e+00   1.7218449e+02   0.0000000e+00   0.0000000e+00   0.0000000e+00
   5.4023545e+00   2.2634613e+01   0.0000000e+00   0.0000000e+00   0.0000000e+00   0.0000000e+00   1.8298977e+02   0.0000000e+00   0.0000000e+00   0.0000000e+00
   5.4023545e+00   0.0000000e+00   2.2634613e+01   0.0000000e+00   0.0000000e+00   0.0000000e+00   1.8298977e+02   0.0000000e+00   0.0000000e+00   0.0000000e+00
   7.1062293e-01   2.9773453e+00   2.4070381e+01   0.0000000e+00   0.0000000e+00   0.0000000e+00   1.9459726e+02   0.0000000e+00   0.0000000e+00   0.0000000e+00
   5.4023545e+00   0.0000000e+00   0.0000000e+00   2.2634613e+01   0.0000000e+00   0.0000000e+00   1.8298977e+02   0.0000000e+00   0.0000000e+00   0.0000000e+00
   7.1062293e-01   2.9773453e+00   0.0000000e+00   2.4070381e+01   0.0000000e+00   0.0000000e+00   1.9459726e+02   0.0000000e+00   0.0000000e+00   0.0000000e+00
   7.1062293e-01   0.0000000e+00   2.9773453e+00   2.4070381e+01   0.0000000e+00   0.0000000e+00   1.9459726e+02   0.0000000e+00   0.0000000e+00   0.0000000e+00
   9.3535261e-02   3.9189105e-01   3.1682475e+00   2.5613732e+01   0.0000000e+00   0.0000000e+00   2.0707449e+02   0.0000000e+00   0.0000000e+00   0.0000000e+00
   5.4023545e+00   0.0000000e+00   0.0000000e+00   0.0000000e+00   2.2634613e+01   0.0000000e+00   1.8298977e+02   0.0000000e+00   0.0000000e+00   0.0000000e+00
   7.1062293e-01   2.9773453e+00   0.0000000e+00   0.0000000e+00   2.4070381e+01   0.0000000e+00   1.9459726e+02   0.0000000e+00   0.0000000e+00   0.0000000e+00
   7.1062293e-01   0.0000000e+00   2.9773453e+00   0.0000000e+00   2.4070381e+01   0.0000000e+00   1.9459726e+02   0.0000000e+00   0.0000000e+00   0.0000000e+00
   9.3535261e-02   3.9189105e-01   3.1682475e+00   0.0000000e+00   2.5613732e+01   0.0000000e+00   2.0707449e+02   0.0000000e+00   0.0000000e+00   0.0000000e+00
   7.1062293e-01   0.0000000e+00   0.0000000e+00   2.9773453e+00   2.4070381e+01   0.0000000e+00   1.9459726e+02   0.0000000e+00   0.0000000e+00   0.0000000e+00
   9.3535261e-02   3.9189105e-01   0.0000000e+00   3.1682475e+00   2.5613732e+01   0.0000000e+00   2.0707449e+02   0.0000000e+00   0.0000000e+00   0.0000000e+00
   9.3535261e-02   0.0000000e+00   3.9189105e-01   3.1682475e+00   2.5613732e+01   0.0000000e+00   2.0707449e+02   0.0000000e+00   0.0000000e+00   0.0000000e+00
   1.2319539e-02   5.1616010e-02   4.1729020e-01   3.3735872e+00   2.7273803e+01   0.0000000e+00   2.2049536e+02   0.0000000e+00   0.0000000e+00   0.0000000e+00
   5.4023545e+00   0.0000000e+00   0.0000000e+00   0.0000000e+00   0.0000000e+00   2.2634613e+01   1.8298977e+02   0.0000000e+00   0.0000000e+00   0.0000000e+00
   7.1062293e-01   2.9773453e+00   0.0000000e+00   0.0000000e+00   0.0000000e+00   2.4070381e+01   1.9459726e+02   0.0000000e+00   0.0000000e+00   0.0000000e+00
   7.1062293e-01   0.0000000e+00   2.9773453e+00   0.0000000e+00   0.0000000e+00   2.4070381e+01   1.9459726e+02   0.0000000e+00   0.0000000e+00   0.0000000e+00
   9.3535261e-02   3.9189105e-01   3.1682475e+00   0.0000000e+00   0.0000000e+00   2.5613732e+01   2.0707449e+02   0.0000000e+00   0.0000000e+00   0.0000000e+00
   7.1062293e-01   0.0000000e+00   0.0000000e+00   2.9773453e+00   0.0000000e+00   2.4070381e+01   1.9459726e+02   0.0000000e+00   0.0000000e+00   0.0000000e+00
   9.3535261e-02   3.9189105e-01   0.0000000e+00   3.1682475e+00   0.0000000e+00   2.5613732e+01   2.0707449e+02   0.0000000e+00   0.0000000e+00   0.0000000e+00
   9.3535261e-02   0.0000000e+00   3.9189105e-01   3.1682475e+00   0.0000000e+00   2.5613732e+01   2.0707449e+02   0.0000000e+00   0.0000000e+00   0.0000000e+00
   1.2319539e-02   5.1616010e-02   4.1729020e-01   3.3735872e+00   0.0000000e+00   2.7273803e+01   2.2049536e+02   0.0000000e+00   0.0000000e+00   0.0000000e+00
   7.1062293e-01   0.0000000e+00   0.0000000e+00   0.0000000e+00   2.9773453e+00   2.4070381e+01   1.9459726e+02   0.0000000e+00   0.0000000e+00   0.0000000e+00
   9.3535261e-02   3.9189105e-01   0.0000000e+00   0.0000000e+00   3.1682475e+00   2.5613732e+01   2.0707449e+02   0.0000000e+00   0.0000000e+00   0.0000000e+00
   9.3535261e-02   0.0000000e+00   3.9189105e-01   0.0000000e+00   3.1682475e+00   2.5613732e+01   2.0707449e+02   0.0000000e+00   0.0000000e+00   0.0000000e+00
   1.2319539e-02   5.1616010e-02   4.1729020e-01   0.0000000e+00   3.3735872e+00   2.7273803e+01   2.2049536e+02   0.0000000e+00   0.0000000e+00   0.0000000e+00
   9.3535261e-02   0.0000000e+00   0.0000000e+00   3.9189105e-01   3.1682475e+00   2.5613732e+01   2.0707449e+02   0.0000000e+00   0.0000000e+00   0.0000000e+00
   1.2319539e-02   5.1616010e-02   0.0000000e+00   4.1729020e-01   3.3735872e+00   2.7273803e+01   2.2049536e+02   0.0000000e+00   0.0000000e+00   0.0000000e+00
   1.2319539e-02   0.0000000e+00   5.1616010e-02   4.1729020e-01   3.3735872e+00   2.7273803e+01   2.2049536e+02   0.0000000e+00   0.0000000e+00   0.0000000e+00
   1.6236762e-03   6.8028269e-03   5.4997528e-02   4.4462812e-01   3.5946009e+00   2.9060590e+01   2.3494066e+02   0.0000000e+00   0.0000000e+00   0.0000000e+00
   4.1096424e+01   0.0000000e+00   0.0000000e+00   0.0000000e+00   0.0000000e+00   1.7218449e+02   0.0000000e+00   0.0000000e+00   0.0000000e+00   0.0000000e+00
   5.4023545e+00   2.2634613e+01   0.0000000e+00   0.0000000e+00   0.0000000e+00   1.8298977e+02   0.0000000e+00   0.0000000e+00   0.0000000e+00   0.0000000e+00
   5.4023545e+00   0.0000000e+00   2.2634613e+01   0.0000000e+00   0.0000000e+00   1.8298977e+02   0.0000000e+00   0.0000000e+00   0.0000000e+00   0.0000000e+00
   7.1062293e-01   2.9773453e+00   2.4070381e+01   0.0000000e+00   0.0000000e+00   1.9459726e+02   0.0000000e+00   0.0000000e+00   0.0000000e+00   0.0000000e+00
   5.4023545e+00   0.0000000e+00   0.0000000e+00   2.2634613e+01   0.0000000e+00   1.8298977e+02   0.0000000e+00   0.0000000e+00   0.0000000e+00   0.0000000e+00
   7.1062293e-01   2.9773453e+00   0.0000000e+00   2.4070381e+01   0.0000000e+00   1.9459726e+02   0.0000000e+00   0.0000000e+00   0.0000000e+00   0.0000000e+00
   7.1062293e-01   0.0000000e+00   2.9773453e+00   2.4070381e+01   0.0000000e+00   1.9459726e+02   0.0000000e+00   0.0000000e+00   0.0000000e+00   0.0000000e+00
   9.3535261e-02   3.9189105e-01   3.1682475e+00   2.5613732e+01   0.0000000e+00   2.0707449e+02   0.0000000e+00   0.0000000e+00   0.0000000e+00   0.0000000e+00
   5.4023545e+00   0.0000000e+00   0.0000000e+00   0.0000000e+00   2.2634613e+01   1.8298977e+02   0.0000000e+00   0.0000000e+00   0.0000000e+00   0.0000000e+00
   7.1062293e-01   2.9773453e+00   0.0000000e+00   0.0000000e+00   2.4070381e+01   1.9459726e+02   0.0000000e+00   0.0000000e+00   0.0000000e+00   0.0000000e+00
   7.1062293e-01   0.0000000e+00   2.9773453e+00   0.0000000e+00   2.4070381e+01   1.9459726e+02   0.0000000e+00   0.0000000e+00   0.0000000e+00   0.0000000e+00
   9.3535261e-02   3.9189105e-01   3.1682475e+00   0.0000000e+00   2.5613732e+01   2.0707449e+02   0.0000000e+00   0.0000000e+00   0.0000000e+00   0.0000000e+00
   7.1062293e-01   0.0000000e+00   0.0000000e+00   2.9773453e+00   2.4070381e+01   1.9459726e+02   0.0000000e+00   0.0000000e+00   0.0000000e+00   0.0000000e+00
   9.3535261e-02   3.9189105e-01   0.0000000e+00   3.1682475e+00   2.5613732e+01   2.0707449e+02   0.0000000e+00   0.0000000e+00   0.0000000e+00   0.0000000e+00
   9.3535261e-02   0.0000000e+00   3.9189105e-01   3.1682475e+00   2.5613732e+01   2.0707449e+02   0.0000000e+00   0.0000000e+00   0.0000000e+00   0.0000000e+00
   1.2319539e-02   5.1616010e-02   4.1729020e-01   3.3735872e+00   2.7273803e+01   2.2049536e+02   0.0000000e+00   0.0000000e+00   0.0000000e+00   0.0000000e+00
   4.1096424e+01   0.0000000e+00   0.0000000e+00   0.0000000e+00   1.7218449e+02   0.0000000e+00   0.0000000e+00   0.0000000e+00   0.0000000e+00   0.0000000e+00
   5.4023545e+00   2.2634613e+01   0.0000000e+00   0.0000000e+00   1.8298977e+02   0.0000000e+00   0.0000000e+00   0.0000000e+00   0.0000000e+00   0.0000000e+00
   5.4023545e+00   0.0000000e+00   2.2634613e+01   0.0000000e+00   1.8298977e+02   0.0000000e+00   0.0000000e+00   0.0000000e+00   0.0000000e+00   0.0000000e+00
   7.1062293e-01   2.9773453e+00   2.4070381e+01   0.0000000e+00   1.9459726e+02   0.0000000e+00   0.0000000e+00   0.0000000e+00   0.0000000e+00   0.0000000e+00
   5.4023545e+00   0.0000000e+00   0.0000000e+00   2.2634613e+01   1.8298977e+02   0.0000000e+00   0.0000000e+00   0.0000000e+00   0.0000000e+00   0.0000000e+00
   7.1062293e-01   2.9773453e+00   0.0000000e+00   2.4070381e+01   1.9459726e+02   0.0000000e+00   0.0000000e+00   0.0000000e+00   0.0000000e+00   0.0000000e+00
   7.1062293e-01   0.0000000e+00   2.9773453e+00   2.4070381e+01   1.9459726e+02   0.0000000e+00   0.0000000e+00   0.0000000e+00   0.0000000e+00   0.0000000e+00
   9.3535261e-02   3.9189105e-01   3.1682475e+00   2.5613732e+01   2.0707449e+02   0.0000000e+00   0.0000000e+00   0.0000000e+00   0.0000000e+00   0.0000000e+00
   4.1096424e+01   0.0000000e+00   0.0000000e+00   1.7218449e+02   0.0000000e+00   0.0000000e+00   0.0000000e+00   0.0000000e+00   0.0000000e+00   0.0000000e+00
   5.4023545e+00   2.2634613e+01   0.0000000e+00   1.8298977e+02   0.0000000e+00   0.0000000e+00   0.0000000e+00   0.0000000e+00   0.0000000e+00   0.0000000e+00
   5.4023545e+00   0.0000000e+00   2.2634613e+01   1.8298977e+02   0.0000000e+00   0.0000000e+00   0.0000000e+00   0.0000000e+00   0.0000000e+00   0.0000000e+00
   7.1062293e-01   2.9773453e+00   2.4070381e+01   1.9459726e+02   0.0000000e+00   0.0000000e+00   0.0000000e+00   0.0000000e+00   0.0000000e+00   0.0000000e+00
   4.1096424e+01   0.0000000e+00   1.7218449e+02   0.0000000e+00   0.0000000e+00   0.0000000e+00   0.0000000e+00   0.0000000e+00   0.0000000e+00   0.0000000e+00
   5.4023545e+00   2.2634613e+01   1.8298977e+02   0.0000000e+00   0.0000000e+00   0.0000000e+00   0.0000000e+00   0.0000000e+00   0.0000000e+00   0.0000000e+00
   4.1096424e+01   1.7218449e+02   0.0000000e+00   0.0000000e+00   0.0000000e+00   0.0000000e+00   0.0000000e+00   0.0000000e+00   0.0000000e+00   0.0000000e+00
   3.1282339e+02   0.0000000e+00   0.0000000e+00   0.0000000e+00   0.0000000e+00   0.0000000e+00   0.0000000e+00   0.0000000e+00   0.0000000e+00   0.0000000e+00
