   3.7447035e-01   7.1327685e-02   8.4913911e-02   1.0108799e-01   1.2034284e-01   1.4326529e-01   1.7055392e-01   2.0304038e-01
   7.1327685e-02   3.7447035e-01   8.4913911e-02   1.0108799e-01   1.2034284e-01   1.4326529e-01   1.7055392e-01   2.0304038e-01
   7.1327685e-02   1.3586226e-02   4.4579803e-01   1.0108799e-01   1.2034284e-01   1.4326529e-01   1.7055392e-01   2.0304038e-01
   1.3586226e-02   7.1327685e-02   4.4579803e-01   1.0108799e-01   1.2034284e-01   1.4326529e-01   1.7055392e-01   2.0304038e-01
   7.1327685e-02   1.3586226e-02   1.6174078e-02   5.3071194e-01   1.2034284e-01   1.4326529e-01   1.7055392e-01   2.0304038e-01
   1.3586226e-02   7.1327685e-02   1.6174078e-02   5.3071194e-01   1.2034284e-01   1.4326529e-01   1.7055392e-01   2.0304038e-01
   1.3586226e-02   2.5878525e-03   8.4913911e-02   5.3071194e-01   1.2034284e-01   1.4326529e-01   1.7055392e-01   2.0304038e-01
   2.5878525e-03   1.3586226e-02   8.4913911e-02   5.3071194e-01   1.2034284e-01   1.4326529e-01   1.7055392e-01   2.0304038e-01
   7.1327685e-02   1.3586226e-02   1.6174078e-02   1.9254855e-02   6.3179993e-01   1.4326529e-01   1.7055392e-01   2.0304038e-01
   1.3586226e-02   7.1327685e-02   1.6174078e-02   1.9254855e-02   6.3179993e-01   1.4326529e-01   1.7055392e-01   2.0304038e-01
   1.3586226e-02   2.5878525e-03   8.4913911e-02   1.9254855e-02   6.3179993e-01   1.4326529e-01   1.7055392e-01   2.0304038e-01
   2.5878525e-03   1.3586226e-02   8.4913911e-02   1.9254855e-02   6.3179993e-01   1.4326529e-01   1.7055392e-01   2.0304038e-01
   1.3586226e-02   2.5878525e-03   3.0807768e-03   1.0108799e-01   6.3179993e-01   1.4326529e-01   1.7055392e-01   2.0304038e-01
   2.5878525e-03   1.3586226e-02   3.0807768e-03   1.0108799e-01   6.3179993e-01   1.4326529e-01   1.7055392e-01   2.0304038e-01
   2.5878525e-03   4.9292429e-04   1.6174078e-02   1.0108799e-01   6.3179993e-01   1.4326529e-01   1.7055392e-01   2.0304038e-01
   4.9292429e-04   2.5878525e-03   1.6174078e-02   1.0108799e-01   6.3179993e-01   1.4326529e-01   1.7055392e-01   2.0304038e-01
   7.1327685e-02   1.3586226e-02   1.6174078e-02   1.9254855e-02   2.2922447e-02   7.5214278e-01   1.7055392e-01   2.0304038e-01
   1.3586226e-02   7.1327685e-02   1.6174078e-02   1.9254855e-02   2.2922447e-02   7.5214278e-01   1.7055392e-01   2.0304038e-01
   1.3586226e-02   2.5878525e-03   8.4913911e-02   1.9254855e-02   2.2922447e-02   7.5214278e-01   1.7055392e-01   2.0304038e-01
   2.5878525e-03   1.3586226e-02   8.4913911e-02   1.9254855e-02   2.2922447e-02   7.5214278e-01   1.7055392e-01   2.0304038e-01
   1.3586226e-02   2.5878525e-03   3.0807768e-03   1.0108799e-01   2.2922447e-02   7.5214278e-01   1.7055392e-01   2.0304038e-01
   2.5878525e-03   1.3586226e-02   3.0807768e-03   1.0108799e-01   2.2922447e-02   7.5214278e-01   1.7055392e-01   2.0304038e-01
   2.5878525e-03   4.9292429e-04   1.6174078e-02   1.0108799e-01   2.2922447e-02   7.5214278e-01   1.7055392e-01   2.0304038e-01
   4.9292429e-04   2.5878525e-03   1.6174078e-02   1.0108799e-01   2.2922447e-02   7.5214278e-01   1.7055392e-01   2.0304038e-01
   1.3586226e-02   2.5878525e-03   3.0807768e-03   3.6675915e-03   1.2034284e-01   7.5214278e-01   1.7055392e-01   2.0304038e-01
   2.5878525e-03   1.3586226e-02   3.0807768e-03   3.6675915e-03   1.2034284e-01   7.5214278e-01   1.7055392e-01   2.0304038e-01
   2.5878525e-03   4.9292429e-04   1.6174078e-02   3.6675915e-03   1.2034284e-01   7.5214278e-01   1.7055392e-01   2.0304038e-01
   4.9292429e-04   2.5878525e-03   1.6174078e-02   3.6675915e-03   1.2034284e-01   7.5214278e-01   1.7055392e-01   2.0304038e-01
   2.5878525e-03   4.9292429e-04   5.8681463e-04   1.9254855e-02   1.2034284e-01   7.5214278e-01   1.7055392e-01   2.0304038e-01
   4.9292429e-04   2.5878525e-03   5.8681463e-04   1.9254855e-02   1.2034284e-01   7.5214278e-01   1.7055392e-01   2.0304038e-01
   4.9292429e-04   9.3890341e-05   3.0807768e-03   1.9254855e-02   1.2034284e-01   7.5214278e-01   1.7055392e-01   2.0304038e-01
   9.3890341e-05   4.9292429e-04   3.0807768e-03   1.9254855e-02   1.2034284e-01   7.5214278e-01   1.7055392e-01   2.0304038e-01
   7.1327685e-02   1.3586226e-02   1.6174078e-02   1.9254855e-02   2.2922447e-02   2.7288627e-02   8.9540807e-01   2.0304038e-01
   1.3586226e-02   7.1327685e-02   1.6174078e-02   1.9254855e-02   2.2922447e-02   2.7288627e-02   8.9540807e-01   2.0304038e-01
   1.3586226e-02   2.5878525e-03   8.4913911e-02   1.9254855e-02   2.2922447e-02   2.7288627e-02   8.9540807e-01   2.0304038e-01
   2.5878525e-03   1.3586226e-02   8.4913911e-02   1.9254855e-02   2.2922447e-02   2.7288627e-02   8.9540807e-01   2.0304038e-01
   1.3586226e-02   2.5878525e-03   3.0807768e-03   1.0108799e-01   2.2922447e-02   2.7288627e-02   8.9540807e-01   2.0304038e-01
   2.5878525e-03   1.3586226e-02   3.0807768e-03   1.0108799e-01   2.2922447e-02   2.7288627e-02   8.9540807e-01   2.0304038e-01
   2.5878525e-03   4.9292429e-04   1.6174078e-02   1.0108799e-01   2.2922447e-02   2.7288627e-02   8.9540807e-01   2.0304038e-01
   4.9292429e-04   2.5878525e-03   1.6174078e-02   1.0108799e-01   2.2922447e-02   2.7288627e-02   8.9540807e-01   2.0304038e-01
   1.3586226e-02   2.5878525e-03   3.0807768e-03   3.6675915e-03   1.2034284e-01   2.7288627e-02   8.9540807e-01   2.0304038e-01
   2.5878525e-03   1.3586226e-02   3.0807768e-03   3.6675915e-03   1.2034284e-01   2.7288627e-02   8.9540807e-01   2.0304038e-01
   2.5878525e-03   4.9292429e-04   1.6174078e-02   3.6675915e-03   1.2034284e-01   2.7288627e-02   8.9540807e-01   2.0304038e-01
   4.9292429e-04   2.5878525e-03   1.6174078e-02   3.6675915e-03   1.2034284e-01   2.7288627e-02   8.9540807e-01   2.0304038e-01
   2.5878525e-03   4.9292429e-04   5.8681463e-04   1.9254855e-02   1.2034284e-01   2.7288627e-02   8.9540807e-01   2.0304038e-01
   4.9292429e-04   2.5878525e-03   5.8681463e-04   1.9254855e-02   1.2034284e-01   2.7288627e-02   8.9540807e-01   2.0304038e-01
   4.9292429e-04   9.3890341e-05   3.0807768e-03   1.9254855e-02   1.2034284e-01   2.7288627e-02   8.9540807e-01   2.0304038e-01
   9.3890341e-05   4.9292429e-04   3.0807768e-03   1.9254855e-02   1.2034284e-01   2.7288627e-02   8.9540807e-01   2.0304038e-01
   1.3586226e-02   2.5878525e-03   3.0807768e-03   3.6675915e-03   4.3661803e-03   1.4326529e-01   8.9540807e-01   2.0304038e-01
   2.5878525e-03   1.3586226e-02   3.0807768e-03   3.6675915e-03   4.3661803e-03   1.4326529e-01   8.9540807e-01   2.0304038e-01
   2.5878525e-03   4.9292429e-04   1.6174078e-02   3.6675915e-03   4.3661803e-03   1.4326529e-01   8.9540807e-01   2.0304038e-01
   4.9292429e-04   2.5878525e-03   1.6174078e-02   3.6675915e-03   4.3661803e-03   1.4326529e-01   8.9540807e-01   2.0304038e-01
   2.5878525e-03   4.9292429e-04   5.8681463e-04   1.9254855e-02   4.3661803e-03   1.4326529e-01   8.9540807e-01   2.0304038e-01
   4.9292429e-04   2.5878525e-03   5.8681463e-04   1.9254855e-02   4.3661803e-03   1.4326529e-01   8.9540807e-01   2.0304038e-01
   4.9292429e-04   9.3890341e-05   3.0807768e-03   1.9254855e-02   4.3661803e-03   1.4326529e-01   8.9540807e-01   2.0304038e-01
   9.3890341e-05   4.9292429e-04   3.0807768e-03   1.9254855e-02   4.3661803e-03   1.4326529e-01   8.9540807e-01   2.0304038e-01
   2.5878525e-03   4.9292429e-04   5.8681463e-04   6.9858885e-04   2.2922447e-02   1.4326529e-01   8.9540807e-01   2.0304038e-01
   4.9292429e-04   2.5878525e-03   5.8681463e-04   6.9858885e-04   2.2922447e-02   1.4326529e-01   8.9540807e-01   2.0304038e-01
   4.9292429e-04   9.3890341e-05   3.0807768e-03   6.9858885e-04   2.2922447e-02   1.4326529e-01   8.9540807e-01   2.0304038e-01
   9.3890341e-05   4.9292429e-04   3.0807768e-03   6.9858885e-04   2.2922447e-02   1.4326529e-01   8.9540807e-01   2.0304038e-01
   4.9292429e-04   9.3890341e-05   1.1177422e-04   3.6675915e-03   2.2922447e-02   1.4326529e-01   8.9540807e-01   2.0304038e-01
   9.3890341e-05   4.9292429e-04   1.1177422e-04   3.6675915e-03   2.2922447e-02   1.4326529e-01   8.9540807e-01   2.0304038e-01
   9.3890341e-05   1.7883875e-05   5.8681463e-04   3.6675915e-03   2.2922447e-02   1.4326529e-01   8.9540807e-01   2.0304038e-01
   1.7883875e-05   9.3890341e-05   5.8681463e-04   3.6675915e-03   2.2922447e-02   1.4326529e-01   8.9540807e-01   2.0304038e-01
   7.1327685e-02   1.3586226e-02   1.6174078e-02   1.9254855e-02   2.2922447e-02   2.7288627e-02   3.2486461e-02   1.0659620e+00
   1.3586226e-02   7.1327685e-02   1.6174078e-02   1.9254855e-02   2.2922447e-02   2.7288627e-02   3.2486461e-02   1.0659620e+00
   1.3586226e-02   2.5878525e-03   8.4913911e-02   1.9254855e-02   2.2922447e-02   2.7288627e-02   3.2486461e-02   1.0659620e+00
   2.5878525e-03   1.3586226e-02   8.4913911e-02   1.9254855e-02   2.2922447e-02   2.7288627e-02   3.2486461e-02   1.0659620e+00
   1.3586226e-02   2.5878525e-03   3.0807768e-03   1.0108799e-01   2.2922447e-02   2.7288627e-02   3.2486461e-02   1.0659620e+00
   2.5878525e-03   1.3586226e-02   3.0807768e-03   1.0108799e-01   2.2922447e-02   2.7288627e-02   3.2486461e-02   1.0659620e+00
   2.5878525e-03   4.9292429e-04   1.6174078e-02   1.0108799e-01   2.2922447e-02   2.7288627e-02   3.2486461e-02   1.0659620e+00
   4.9292429e-04   2.5878525e-03   1.6174078e-02   1.0108799e-01   2.2922447e-02   2.7288627e-02   3.2486461e-02   1.0659620e+00
   1.3586226e-02   2.5878525e-03   3.0807768e-03   3.6675915e-03   1.2034284e-01   2.7288627e-02   3.2486461e-02   1.0659620e+00
   2.5878525e-03   1.3586226e-02   3.0807768e-03   3.6675915e-03   1.2034284e-01   2.7288627e-02   3.2486461e-02   1.0659620e+00
   2.5878525e-03   4.9292429e-04   1.6174078e-02   3.6675915e-03   1.2034284e-01   2.7288627e-02   3.2486461e-02   1.0659620e+00
   4.9292429e-04   2.5878525e-03   1.6174078e-02   3.6675915e-03   1.2034284e-01   2.7288627e-02   3.2486461e-02   1.0659620e+00
   2.5878525e-03   4.9292429e-04   5.8681463e-04   1.9254855e-02   1.2034284e-01   2.7288627e-02   3.2486461e-02   1.0659620e+00
   4.9292429e-04   2.5878525e-03   5.8681463e-04   1.9254855e-02   1.2034284e-01   2.7288627e-02   3.2486461e-02   1.0659620e+00
   4.9292429e-04   9.3890341e-05   3.0807768e-03   1.9254855e-02   1.2034284e-01   2.7288627e-02   3.2486461e-02   1.0659620e+00
   9.3890341e-05   4.9292429e-04   3.0807768e-03   1.9254855e-02   1.2034284e-01   2.7288627e-02   3.2486461e-02   1.0659620e+00
   1.3586226e-02   2.5878525e-03   3.0807768e-03   3.6675915e-03   4.3661803e-03   1.4326529e-01   3.2486461e-02   1.0659620e+00
   2.5878525e-03   1.3586226e-02   3.0807768e-03   3.6675915e-03   4.3661803e-03   1.4326529e-01   3.2486461e-02   1.0659620e+00
   2.5878525e-03   4.9292429e-04   1.6174078e-02   3.6675915e-03   4.3661803e-03   1.4326529e-01   3.2486461e-02   1.0659620e+00
   4.9292429e-04   2.5878525e-03   1.6174078e-02   3.6675915e-03   4.3661803e-03   1.4326529e-01   3.2486461e-02   1.0659620e+00
   2.5878525e-03   4.9292429e-04   5.8681463e-04   1.9254855e-02   4.3661803e-03   1.4326529e-01   3.2486461e-02   1.0659620e+00
   4.9292429e-04   2.5878525e-03   5.8681463e-04   1.9254855e-02   4.3661803e-03   1.4326529e-01   3.2486461e-02   1.0659620e+00
   4.9292429e-04   9.3890341e-05   3.0807768e-03   1.9254855e-02   4.3661803e-03   1.4326529e-01   3.2486461e-02   1.0659620e+00
   9.3890341e-05   4.9292429e-04   3.0807768e-03   1.9254855e-02   4.3661803e-03   1.4326529e-01   3.2486461e-02   1.0659620e+00
   2.5878525e-03   4.9292429e-04   5.8681463e-04   6.9858885e-04   2.2922447e-02   1.4326529e-01   3.2486461e-02   1.0659620e+00
   4.9292429e-04   2.5878525e-03   5.8681463e-04   6.9858885e-04   2.2922447e-02   1.4326529e-01   3.2486461e-02   1.0659620e+00
   4.9292429e-04   9.3890341e-05   3.0807768e-03   6.9858885e-04   2.2922447e-02   1.4326529e-01   3.2486461e-02   1.0659620e+00
   9.3890341e-05   4.9292429e-04   3.0807768e-03   6.9858885e-04   2.2922447e-02   1.4326529e-01   3.2486461e-02   1.0659620e+00
   4.9292429e-04   9.3890341e-05   1.1177422e-04   3.6675915e-03   2.2922447e-02   1.4326529e-01   3.2486461e-02   1.0659620e+00
   9.3890341e-05   4.9292429e-04   1.1177422e-04   3.6675915e-03   2.2922447e-02   1.4326529e-01   3.2486461e-02   1.0659620e+00
   9.3890341e-05   1.7883875e-05   5.8681463e-04   3.6675915e-03   2.2922447e-02   1.4326529e-01   3.2486461e-02   1.0659620e+00
   1.7883875e-05   9.3890341e-05   5.8681463e-04   3.6675915e-03   2.2922447e-02   1.4326529e-01   3.2486461e-02   1.0659620e+00
   1.3586226e-02   2.5878525e-03   3.0807768e-03   3.6675915e-03   4.3661803e-03   5.1978337e-03   1.7055392e-01   1.0659620e+00
   2.5878525e-03   1.3586226e-02   3.0807768e-03   3.6675915e-03   4.3661803e-03   5.1978337e-03   1.7055392e-01   1.0659620e+00
   2.5878525e-03   4.9292429e-04   1.6174078e-02   3.6675915e-03   4.3661803e-03   5.1978337e-03   1.7055392e-01   1.0659620e+00
   4.9292429e-04   2.5878525e-03   1.6174078e-02   3.6675915e-03   4.3661803e-03   5.1978337e-03   1.7055392e-01   1.0659620e+00
   2.5878525e-03   4.9292429e-04   5.8681463e-04   1.9254855e-02   4.3661803e-03   5.1978337e-03   1.7055392e-01   1.0659620e+00
   4.9292429e-04   2.5878525e-03   5.8681463e-04   1.9254855e-02   4.3661803e-03   5.1978337e-03   1.7055392e-01   1.0659620e+00
   4.9292429e-04   9.3890341e-05   3.0807768e-03   1.9254855e-02   4.3661803e-03   5.1978337e-03   1.7055392e-01   1.0659620e+00
   9.3890341e-05   4.9292429e-04   3.0807768e-03   1.9254855e-02   4.3661803e-03   5.1978337e-03   1.7055392e-01   1.0659620e+00
   2.5878525e-03   4.9292429e-04   5.8681463e-04   6.9858885e-04   2.2922447e-02   5.1978337e-03   1.7055392e-01   1.0659620e+00
   4.9292429e-04   2.5878525e-03   5.8681463e-04   6.9858885e-04   2.2922447e-02   5.1978337e-03   1.7055392e-01   1.0659620e+00
   4.9292429e-04   9.3890341e-05   3.0807768e-03   6.9858885e-04   2.2922447e-02   5.1978337e-03   1.7055392e-01   1.0659620e+00
   9.3890341e-05   4.9292429e-04   3.0807768e-03   6.9858885e-04   2.2922447e-02   5.1978337e-03   1.7055392e-01   1.0659620e+00
   4.9292429e-04   9.3890341e-05   1.1177422e-04   3.6675915e-03   2.2922447e-02   5.1978337e-03   1.7055392e-01   1.0659620e+00
   9.3890341e-05   4.9292429e-04   1.1177422e-04   3.6675915e-03   2.2922447e-02   5.1978337e-03   1.7055392e-01   1.0659620e+00
   9.3890341e-05   1.7883875e-05   5.8681463e-04   3.6675915e-03   2.2922447e-02   5.1978337e-03   1.7055392e-01   1.0659620e+00
   1.7883875e-05   9.3890341e-05   5.8681463e-04   3.6675915e-03   2.2922447e-02   5.1978337e-03   1.7055392e-01   1.0659620e+00
   2.5878525e-03   4.9292429e-04   5.8681463e-04   6.9858885e-04   8.3165339e-04   2.7288627e-02   1.7055392e-01   1.0659620e+00
   4.9292429e-04   2.5878525e-03   5.8681463e-04   6.9858885e-04   8.3165339e-04   2.7288627e-02   1.7055392e-01   1.0659620e+00
   4.9292429e-04   9.3890341e-05   3.0807768e-03   6.9858885e-04   8.3165339e-04   2.7288627e-02   1.7055392e-01   1.0659620e+00
   9.3890341e-05   4.9292429e-04   3.0807768e-03   6.9858885e-04   8.3165339e-04   2.7288627e-02   1.7055392e-01   1.0659620e+00
   4.9292429e-04   9.3890341e-05   1.1177422e-04   3.6675915e-03   8.3165339e-04   2.7288627e-02   1.7055392e-01   1.0659620e+00
   9.3890341e-05   4.9292429e-04   1.1177422e-04   3.6675915e-03   8.3165339e-04   2.7288627e-02   1.7055392e-01   1.0659620e+00
   9.3890341e-05   1.7883875e-05   5.8681463e-04   3.6675915e-03   8.3165339e-04   2.7288627e-02   1.7055392e-01   1.0659620e+00
   1.7883875e-05   9.3890341e-05   5.8681463e-04   3.6675915e-03   8.3165339e-04   2.7288627e-02   1.7055392e-01   1.0659620e+00
   4.9292429e-04   9.3890341e-05   1.1177422e-04   1.3306454e-04   4.3661803e-03   2.7288627e-02   1.7055392e-01   1.0659620e+00
   9.3890341e-05   4.9292429e-04   1.1177422e-04   1.3306454e-04   4.3661803e-03   2.7288627e-02   1.7055392e-01   1.0659620e+00
   9.3890341e-05   1.7883875e-05   5.8681463e-04   1.3306454e-04   4.3661803e-03   2.7288627e-02   1.7055392e-01   1.0659620e+00
   1.7883875e-05   9.3890341e-05   5.8681463e-04   1.3306454e-04   4.3661803e-03   2.7288627e-02   1.7055392e-01   1.0659620e+00
   9.3890341e-05   1.7883875e-05   2.1290327e-05   6.9858885e-04   4.3661803e-03   2.7288627e-02   1.7055392e-01   1.0659620e+00
   1.7883875e-05   9.3890341e-05   2.1290327e-05   6.9858885e-04   4.3661803e-03   2.7288627e-02   1.7055392e-01   1.0659620e+00
   1.7883875e-05   3.4064523e-06   1.1177422e-04   6.9858885e-04   4.3661803e-03   2.7288627e-02   1.7055392e-01   1.0659620e+00
   3.4064523e-06   1.7883875e-05   1.1177422e-04   6.9858885e-04   4.3661803e-03   2.7288627e-02   1.7055392e-01   1.0659620e+00
