   4.1023127e-05   2.1505076e-04   1.1476638e-03   6.1247507e-03   3.2686027e-02   1.7443589e-01   9.3091403e-01   4.9680195e+00
   2.0006029e-04   7.9209474e-05   1.1279623e-03   6.0196091e-03   3.2124917e-02   1.7144141e-01   9.1493332e-01   4.8827351e+00
   2.0006029e-04   1.0487528e-03   4.2271810e-04   6.0196091e-03   3.2124917e-02   1.7144141e-01   9.1493332e-01   4.8827351e+00
   9.7564776e-04   3.8628627e-04   4.1546144e-04   5.9162724e-03   3.1573438e-02   1.6849833e-01   8.9922695e-01   4.7989147e+00
   2.0006029e-04   1.0487528e-03   5.5968910e-03   2.2559245e-03   3.2124917e-02   1.7144141e-01   9.1493332e-01   4.8827351e+00
   9.7564776e-04   3.8628627e-04   5.5008109e-03   2.2171978e-03   3.1573438e-02   1.6849833e-01   8.9922695e-01   4.7989147e+00
   9.7564776e-04   5.1145247e-03   2.0614984e-03   2.2171978e-03   3.1573438e-02   1.6849833e-01   8.9922695e-01   4.7989147e+00
   4.7580083e-03   1.8838288e-03   2.0261093e-03   2.1791359e-03   3.1031427e-02   1.6560577e-01   8.8379021e-01   4.7165333e+00
   2.0006029e-04   1.0487528e-03   5.5968910e-03   2.9868992e-02   1.2039218e-02   1.7144141e-01   9.1493332e-01   4.8827351e+00
   9.7564776e-04   3.8628627e-04   5.5008109e-03   2.9356240e-02   1.1832545e-02   1.6849833e-01   8.9922695e-01   4.7989147e+00
   9.7564776e-04   5.1145247e-03   2.0614984e-03   2.9356240e-02   1.1832545e-02   1.6849833e-01   8.9922695e-01   4.7989147e+00
   4.7580083e-03   1.8838288e-03   2.0261093e-03   2.8852291e-02   1.1629419e-02   1.6560577e-01   8.8379021e-01   4.7165333e+00
   9.7564776e-04   5.1145247e-03   2.7294742e-02   1.1001622e-02   1.1832545e-02   1.6849833e-01   8.9922695e-01   4.7989147e+00
   4.7580083e-03   1.8838288e-03   2.6826182e-02   1.0812761e-02   1.1629419e-02   1.6560577e-01   8.8379021e-01   4.7165333e+00
   4.7580083e-03   2.4942353e-02   1.0053450e-02   1.0812761e-02   1.1629419e-02   1.6560577e-01   8.8379021e-01   4.7165333e+00
   2.3203706e-02   9.1869969e-03   9.8808661e-03   1.0627141e-02   1.1429781e-02   1.6276287e-01   8.6861846e-01   4.6355661e+00
   2.0006029e-04   1.0487528e-03   5.5968910e-03   2.9868992e-02   1.5940219e-01   6.4249833e-02   9.1493332e-01   4.8827351e+00
   9.7564776e-04   3.8628627e-04   5.5008109e-03   2.9356240e-02   1.5666578e-01   6.3146877e-02   8.9922695e-01   4.7989147e+00
   9.7564776e-04   5.1145247e-03   2.0614984e-03   2.9356240e-02   1.5666578e-01   6.3146877e-02   8.9922695e-01   4.7989147e+00
   4.7580083e-03   1.8838288e-03   2.0261093e-03   2.8852291e-02   1.5397635e-01   6.2062854e-02   8.8379021e-01   4.7165333e+00
   9.7564776e-04   5.1145247e-03   2.7294742e-02   1.1001622e-02   1.5666578e-01   6.3146877e-02   8.9922695e-01   4.7989147e+00
   4.7580083e-03   1.8838288e-03   2.6826182e-02   1.0812761e-02   1.5397635e-01   6.2062854e-02   8.8379021e-01   4.7165333e+00
   4.7580083e-03   2.4942353e-02   1.0053450e-02   1.0812761e-02   1.5397635e-01   6.2062854e-02   8.8379021e-01   4.7165333e+00
   2.3203706e-02   9.1869969e-03   9.8808661e-03   1.0627141e-02   1.5133309e-01   6.0997441e-02   8.6861846e-01   4.6355661e+00
   9.7564776e-04   5.1145247e-03   2.7294742e-02   1.4566416e-01   5.8712481e-02   6.3146877e-02   8.9922695e-01   4.7989147e+00
   4.7580083e-03   1.8838288e-03   2.6826182e-02   1.4316359e-01   5.7704582e-02   6.2062854e-02   8.8379021e-01   4.7165333e+00
   4.7580083e-03   2.4942353e-02   1.0053450e-02   1.4316359e-01   5.7704582e-02   6.2062854e-02   8.8379021e-01   4.7165333e+00
   2.3203706e-02   9.1869969e-03   9.8808661e-03   1.4070595e-01   5.6713986e-02   6.0997441e-02   8.6861846e-01   4.6355661e+00
   4.7580083e-03   2.4942353e-02   1.3311014e-01   5.3652364e-02   5.7704582e-02   6.2062854e-02   8.8379021e-01   4.7165333e+00
   2.3203706e-02   9.1869969e-03   1.3082508e-01   5.2731331e-02   5.6713986e-02   6.0997441e-02   8.6861846e-01   4.6355661e+00
   2.3203706e-02   1.2163808e-01   4.9028351e-02   5.2731331e-02   5.6713986e-02   6.0997441e-02   8.6861846e-01   4.6355661e+00
   1.1315910e-01   4.4802858e-02   4.8186697e-02   5.1826109e-02   5.5740395e-02   5.9950317e-02   8.5370716e-01   4.5559888e+00
   2.0006029e-04   1.0487528e-03   5.5968910e-03   2.9868992e-02   1.5940219e-01   8.5068349e-01   3.4288282e-01   4.8827351e+00
   9.7564776e-04   3.8628627e-04   5.5008109e-03   2.9356240e-02   1.5666578e-01   8.3608008e-01   3.3699666e-01   4.7989147e+00
   9.7564776e-04   5.1145247e-03   2.0614984e-03   2.9356240e-02   1.5666578e-01   8.3608008e-01   3.3699666e-01   4.7989147e+00
   4.7580083e-03   1.8838288e-03   2.0261093e-03   2.8852291e-02   1.5397635e-01   8.2172735e-01   3.3121154e-01   4.7165333e+00
   9.7564776e-04   5.1145247e-03   2.7294742e-02   1.1001622e-02   1.5666578e-01   8.3608008e-01   3.3699666e-01   4.7989147e+00
   4.7580083e-03   1.8838288e-03   2.6826182e-02   1.0812761e-02   1.5397635e-01   8.2172735e-01   3.3121154e-01   4.7165333e+00
   4.7580083e-03   2.4942353e-02   1.0053450e-02   1.0812761e-02   1.5397635e-01   8.2172735e-01   3.3121154e-01   4.7165333e+00
   2.3203706e-02   9.1869969e-03   9.8808661e-03   1.0627141e-02   1.5133309e-01   8.0762102e-01   3.2552574e-01   4.6355661e+00
   9.7564776e-04   5.1145247e-03   2.7294742e-02   1.4566416e-01   5.8712481e-02   8.3608008e-01   3.3699666e-01   4.7989147e+00
   4.7580083e-03   1.8838288e-03   2.6826182e-02   1.4316359e-01   5.7704582e-02   8.2172735e-01   3.3121154e-01   4.7165333e+00
   4.7580083e-03   2.4942353e-02   1.0053450e-02   1.4316359e-01   5.7704582e-02   8.2172735e-01   3.3121154e-01   4.7165333e+00
   2.3203706e-02   9.1869969e-03   9.8808661e-03   1.4070595e-01   5.6713986e-02   8.0762102e-01   3.2552574e-01   4.6355661e+00
   4.7580083e-03   2.4942353e-02   1.3311014e-01   5.3652364e-02   5.7704582e-02   8.2172735e-01   3.3121154e-01   4.7165333e+00
   2.3203706e-02   9.1869969e-03   1.3082508e-01   5.2731331e-02   5.6713986e-02   8.0762102e-01   3.2552574e-01   4.6355661e+00
   2.3203706e-02   1.2163808e-01   4.9028351e-02   5.2731331e-02   5.6713986e-02   8.0762102e-01   3.2552574e-01   4.6355661e+00
   1.1315910e-01   4.4802858e-02   4.8186697e-02   5.1826109e-02   5.5740395e-02   7.9375685e-01   3.1993754e-01   4.5559888e+00
   9.7564776e-04   5.1145247e-03   2.7294742e-02   1.4566416e-01   7.7736759e-01   3.1333157e-01   3.3699666e-01   4.7989147e+00
   4.7580083e-03   1.8838288e-03   2.6826182e-02   1.4316359e-01   7.6402277e-01   3.0795270e-01   3.3121154e-01   4.7165333e+00
   4.7580083e-03   2.4942353e-02   1.0053450e-02   1.4316359e-01   7.6402277e-01   3.0795270e-01   3.3121154e-01   4.7165333e+00
   2.3203706e-02   9.1869969e-03   9.8808661e-03   1.4070595e-01   7.5090703e-01   3.0266618e-01   3.2552574e-01   4.6355661e+00
   4.7580083e-03   2.4942353e-02   1.3311014e-01   5.3652364e-02   7.6402277e-01   3.0795270e-01   3.3121154e-01   4.7165333e+00
   2.3203706e-02   9.1869969e-03   1.3082508e-01   5.2731331e-02   7.5090703e-01   3.0266618e-01   3.2552574e-01   4.6355661e+00
   2.3203706e-02   1.2163808e-01   4.9028351e-02   5.2731331e-02   7.5090703e-01   3.0266618e-01   3.2552574e-01   4.6355661e+00
   1.1315910e-01   4.4802858e-02   4.8186697e-02   5.1826109e-02   7.3801645e-01   2.9747040e-01   3.1993754e-01   4.5559888e+00
   4.7580083e-03   2.4942353e-02   1.3311014e-01   7.1037041e-01   2.8632718e-01   3.0795270e-01   3.3121154e-01   4.7165333e+00
   2.3203706e-02   9.1869969e-03   1.3082508e-01   6.9817570e-01   2.8141189e-01   3.0266618e-01   3.2552574e-01   4.6355661e+00
   2.3203706e-02   1.2163808e-01   4.9028351e-02   6.9817570e-01   2.8141189e-01   3.0266618e-01   3.2552574e-01   4.6355661e+00
   1.1315910e-01   4.4802858e-02   4.8186697e-02   6.8619034e-01   2.7658099e-01   2.9747040e-01   3.1993754e-01   4.5559888e+00
   2.3203706e-02   1.2163808e-01   6.4914735e-01   2.6165016e-01   2.8141189e-01   3.0266618e-01   3.2552574e-01   4.6355661e+00
   1.1315910e-01   4.4802858e-02   6.3800365e-01   2.5715850e-01   2.7658099e-01   2.9747040e-01   3.1993754e-01   4.5559888e+00
   1.1315910e-01   5.9320079e-01   2.3909992e-01   2.5715850e-01   2.7658099e-01   2.9747040e-01   3.1993754e-01   4.5559888e+00
   5.5185075e-01   2.1849317e-01   2.3499537e-01   2.5274394e-01   2.7183301e-01   2.9236382e-01   3.1444527e-01   4.4777775e+00
   2.0006029e-04   1.0487528e-03   5.5968910e-03   2.9868992e-02   1.5940219e-01   8.5068349e-01   4.5398523e+00   1.8298666e+00
   9.7564776e-04   3.8628627e-04   5.5008109e-03   2.9356240e-02   1.5666578e-01   8.3608008e-01   4.4619181e+00   1.7984539e+00
   9.7564776e-04   5.1145247e-03   2.0614984e-03   2.9356240e-02   1.5666578e-01   8.3608008e-01   4.4619181e+00   1.7984539e+00
   4.7580083e-03   1.8838288e-03   2.0261093e-03   2.8852291e-02   1.5397635e-01   8.2172735e-01   4.3853217e+00   1.7675804e+00
   9.7564776e-04   5.1145247e-03   2.7294742e-02   1.1001622e-02   1.5666578e-01   8.3608008e-01   4.4619181e+00   1.7984539e+00
   4.7580083e-03   1.8838288e-03   2.6826182e-02   1.0812761e-02   1.5397635e-01   8.2172735e-01   4.3853217e+00   1.7675804e+00
   4.7580083e-03   2.4942353e-02   1.0053450e-02   1.0812761e-02   1.5397635e-01   8.2172735e-01   4.3853217e+00   1.7675804e+00
   2.3203706e-02   9.1869969e-03   9.8808661e-03   1.0627141e-02   1.5133309e-01   8.0762102e-01   4.3100403e+00   1.7372369e+00
   9.7564776e-04   5.1145247e-03   2.7294742e-02   1.4566416e-01   5.8712481e-02   8.3608008e-01   4.4619181e+00   1.7984539e+00
   4.7580083e-03   1.8838288e-03   2.6826182e-02   1.4316359e-01   5.7704582e-02   8.2172735e-01   4.3853217e+00   1.7675804e+00
   4.7580083e-03   2.4942353e-02   1.0053450e-02   1.4316359e-01   5.7704582e-02   8.2172735e-01   4.3853217e+00   1.7675804e+00
   2.3203706e-02   9.1869969e-03   9.8808661e-03   1.4070595e-01   5.6713986e-02   8.0762102e-01   4.3100403e+00   1.7372369e+00
   4.7580083e-03   2.4942353e-02   1.3311014e-01   5.3652364e-02   5.7704582e-02   8.2172735e-01   4.3853217e+00   1.7675804e+00
   2.3203706e-02   9.1869969e-03   1.3082508e-01   5.2731331e-02   5.6713986e-02   8.0762102e-01   4.3100403e+00   1.7372369e+00
   2.3203706e-02   1.2163808e-01   4.9028351e-02   5.2731331e-02   5.6713986e-02   8.0762102e-01   4.3100403e+00   1.7372369e+00
   1.1315910e-01   4.4802858e-02   4.8186697e-02   5.1826109e-02   5.5740395e-02   7.9375685e-01   4.2360512e+00   1.7074143e+00
   9.7564776e-04   5.1145247e-03   2.7294742e-02   1.4566416e-01   7.7736759e-01   3.1333157e-01   4.4619181e+00   1.7984539e+00
   4.7580083e-03   1.8838288e-03   2.6826182e-02   1.4316359e-01   7.6402277e-01   3.0795270e-01   4.3853217e+00   1.7675804e+00
   4.7580083e-03   2.4942353e-02   1.0053450e-02   1.4316359e-01   7.6402277e-01   3.0795270e-01   4.3853217e+00   1.7675804e+00
   2.3203706e-02   9.1869969e-03   9.8808661e-03   1.4070595e-01   7.5090703e-01   3.0266618e-01   4.3100403e+00   1.7372369e+00
   4.7580083e-03   2.4942353e-02   1.3311014e-01   5.3652364e-02   7.6402277e-01   3.0795270e-01   4.3853217e+00   1.7675804e+00
   2.3203706e-02   9.1869969e-03   1.3082508e-01   5.2731331e-02   7.5090703e-01   3.0266618e-01   4.3100403e+00   1.7372369e+00
   2.3203706e-02   1.2163808e-01   4.9028351e-02   5.2731331e-02   7.5090703e-01   3.0266618e-01   4.3100403e+00   1.7372369e+00
   1.1315910e-01   4.4802858e-02   4.8186697e-02   5.1826109e-02   7.3801645e-01   2.9747040e-01   4.2360512e+00   1.7074143e+00
   4.7580083e-03   2.4942353e-02   1.3311014e-01   7.1037041e-01   2.8632718e-01   3.0795270e-01   4.3853217e+00   1.7675804e+00
   2.3203706e-02   9.1869969e-03   1.3082508e-01   6.9817570e-01   2.8141189e-01   3.0266618e-01   4.3100403e+00   1.7372369e+00
   2.3203706e-02   1.2163808e-01   4.9028351e-02   6.9817570e-01   2.8141189e-01   3.0266618e-01   4.3100403e+00   1.7372369e+00
   1.1315910e-01   4.4802858e-02   4.8186697e-02   6.8619034e-01   2.7658099e-01   2.9747040e-01   4.2360512e+00   1.7074143e+00
   2.3203706e-02   1.2163808e-01   6.4914735e-01   2.6165016e-01   2.8141189e-01   3.0266618e-01   4.3100403e+00   1.7372369e+00
   1.1315910e-01   4.4802858e-02   6.3800365e-01   2.5715850e-01   2.7658099e-01   2.9747040e-01   4.2360512e+00   1.7074143e+00
   1.1315910e-01   5.9320079e-01   2.3909992e-01   2.5715850e-01   2.7658099e-01   2.9747040e-01   4.2360512e+00   1.7074143e+00
   5.5185075e-01   2.1849317e-01   2.3499537e-01   2.5274394e-01   2.7183301e-01   2.9236382e-01   4.1633323e+00   1.6781037e+00
   9.7564776e-04   5.1145247e-03   2.7294742e-02   1.4566416e-01   7.7736759e-01   4.1485865e+00   1.6721602e+00   1.7984539e+00
   4.7580083e-03   1.8838288e-03   2.6826182e-02   1.4316359e-01   7.6402277e-01   4.0773690e+00   1.6434547e+00   1.7675804e+00
   4.7580083e-03   2.4942353e-02   1.0053450e-02   1.4316359e-01   7.6402277e-01   4.0773690e+00   1.6434547e+00   1.7675804e+00
   2.3203706e-02   9.1869969e-03   9.8808661e-03   1.4070595e-01   7.5090703e-01   4.0073741e+00   1.6152420e+00   1.7372369e+00
   4.7580083e-03   2.4942353e-02   1.3311014e-01   5.3652364e-02   7.6402277e-01   4.0773690e+00   1.6434547e+00   1.7675804e+00
   2.3203706e-02   9.1869969e-03   1.3082508e-01   5.2731331e-02   7.5090703e-01   4.0073741e+00   1.6152420e+00   1.7372369e+00
   2.3203706e-02   1.2163808e-01   4.9028351e-02   5.2731331e-02   7.5090703e-01   4.0073741e+00   1.6152420e+00   1.7372369e+00
   1.1315910e-01   4.4802858e-02   4.8186697e-02   5.1826109e-02   7.3801645e-01   3.9385808e+00   1.5875137e+00   1.7074143e+00
   4.7580083e-03   2.4942353e-02   1.3311014e-01   7.1037041e-01   2.8632718e-01   4.0773690e+00   1.6434547e+00   1.7675804e+00
   2.3203706e-02   9.1869969e-03   1.3082508e-01   6.9817570e-01   2.8141189e-01   4.0073741e+00   1.6152420e+00   1.7372369e+00
   2.3203706e-02   1.2163808e-01   4.9028351e-02   6.9817570e-01   2.8141189e-01   4.0073741e+00   1.6152420e+00   1.7372369e+00
   1.1315910e-01   4.4802858e-02   4.8186697e-02   6.8619034e-01   2.7658099e-01   3.9385808e+00   1.5875137e+00   1.7074143e+00
   2.3203706e-02   1.2163808e-01   6.4914735e-01   2.6165016e-01   2.8141189e-01   4.0073741e+00   1.6152420e+00   1.7372369e+00
   1.1315910e-01   4.4802858e-02   6.3800365e-01   2.5715850e-01   2.7658099e-01   3.9385808e+00   1.5875137e+00   1.7074143e+00
   1.1315910e-01   5.9320079e-01   2.3909992e-01   2.5715850e-01   2.7658099e-01   3.9385808e+00   1.5875137e+00   1.7074143e+00
   5.5185075e-01   2.1849317e-01   2.3499537e-01   2.5274394e-01   2.7183301e-01   3.8709684e+00   1.5602613e+00   1.6781037e+00
   4.7580083e-03   2.4942353e-02   1.3311014e-01   7.1037041e-01   3.7910419e+00   1.5280455e+00   1.6434547e+00   1.7675804e+00
   2.3203706e-02   9.1869969e-03   1.3082508e-01   6.9817570e-01   3.7259622e+00   1.5018141e+00   1.6152420e+00   1.7372369e+00
   2.3203706e-02   1.2163808e-01   4.9028351e-02   6.9817570e-01   3.7259622e+00   1.5018141e+00   1.6152420e+00   1.7372369e+00
   1.1315910e-01   4.4802858e-02   4.8186697e-02   6.8619034e-01   3.6619998e+00   1.4760329e+00   1.5875137e+00   1.7074143e+00
   2.3203706e-02   1.2163808e-01   6.4914735e-01   2.6165016e-01   3.7259622e+00   1.5018141e+00   1.6152420e+00   1.7372369e+00
   1.1315910e-01   4.4802858e-02   6.3800365e-01   2.5715850e-01   3.6619998e+00   1.4760329e+00   1.5875137e+00   1.7074143e+00
   1.1315910e-01   5.9320079e-01   2.3909992e-01   2.5715850e-01   3.6619998e+00   1.4760329e+00   1.5875137e+00   1.7074143e+00
   5.5185075e-01   2.1849317e-01   2.3499537e-01   2.5274394e-01   3.5991354e+00   1.4506943e+00   1.5602613e+00   1.6781037e+00
   2.3203706e-02   1.2163808e-01   6.4914735e-01   3.4643121e+00   1.3963514e+00   1.5018141e+00   1.6152420e+00   1.7372369e+00
   1.1315910e-01   4.4802858e-02   6.3800365e-01   3.4048413e+00   1.3723807e+00   1.4760329e+00   1.5875137e+00   1.7074143e+00
   1.1315910e-01   5.9320079e-01   2.3909992e-01   3.4048413e+00   1.3723807e+00   1.4760329e+00   1.5875137e+00   1.7074143e+00
   5.5185075e-01   2.1849317e-01   2.3499537e-01   3.3463915e+00   1.3488215e+00   1.4506943e+00   1.5602613e+00   1.6781037e+00
   1.1315910e-01   5.9320079e-01   3.1657414e+00   1.2760073e+00   1.3723807e+00   1.4760329e+00   1.5875137e+00   1.7074143e+00
   5.5185075e-01   2.1849317e-01   3.1113961e+00   1.2541025e+00   1.3488215e+00   1.4506943e+00   1.5602613e+00   1.6781037e+00
   5.5185075e-01   2.8929030e+00   1.1660350e+00   1.2541025e+00   1.3488215e+00   1.4506943e+00   1.5602613e+00   1.6781037e+00
   2.6912484e+00   1.0655406e+00   1.1460180e+00   1.2325737e+00   1.3256667e+00   1.4257907e+00   1.5334768e+00   1.6492962e+00
