   4.5164864e-02   7.1168438e-02   1.3281986e-01   2.4787834e-01   4.6260908e-01
   8.2768123e-02   1.5788864e-02   1.3277348e-01   2.4779178e-01   4.6244754e-01
   8.2768123e-02   1.3042169e-01   2.9466358e-02   2.4779178e-01   4.6244754e-01
   1.5167902e-01   2.8934320e-02   2.9456068e-02   2.4770526e-01   4.6228605e-01
   8.2768123e-02   1.3042169e-01   2.4340271e-01   5.4992318e-02   4.6244754e-01
   1.5167902e-01   2.8934320e-02   2.4331771e-01   5.4973115e-02   4.6228605e-01
   1.5167902e-01   2.3900789e-01   5.3999390e-02   5.4973115e-02   4.6228605e-01
   2.7796359e-01   5.3024390e-02   5.3980534e-02   5.4953919e-02   4.6212463e-01
   8.2768123e-02   1.3042169e-01   2.4340271e-01   4.5425632e-01   1.0263077e-01
   1.5167902e-01   2.8934320e-02   2.4331771e-01   4.5409770e-01   1.0259494e-01
   1.5167902e-01   2.3900789e-01   5.3999390e-02   4.5409770e-01   1.0259494e-01
   2.7796359e-01   5.3024390e-02   5.3980534e-02   4.5393913e-01   1.0255911e-01
   1.5167902e-01   2.3900789e-01   4.4605438e-01   1.0077770e-01   1.0259494e-01
   2.7796359e-01   5.3024390e-02   4.4589862e-01   1.0074251e-01   1.0255911e-01
   2.7796359e-01   4.3800053e-01   9.8958079e-02   1.0074251e-01   1.0255911e-01
   5.0938988e-01   9.7171316e-02   9.8923524e-02   1.0070733e-01   1.0252330e-01
