   2.7138502e-03   1.4226501e-02   7.5922731e-02   4.0517770e-01   2.1623165e+00
   1.3234820e-02   5.2400357e-03   7.4619389e-02   3.9822215e-01   2.1251967e+00
   1.3234820e-02   6.9379354e-02   2.7964559e-02   3.9822215e-01   2.1251967e+00
   6.4543152e-02   2.5554442e-02   2.7484500e-02   3.9138599e-01   2.0887141e+00
   1.3234820e-02   6.9379354e-02   3.7025759e-01   1.4923878e-01   2.1251967e+00
   6.4543152e-02   2.5554442e-02   3.6390149e-01   1.4667684e-01   2.0887141e+00
   6.4543152e-02   3.3834705e-01   1.3637668e-01   1.4667684e-01   2.0887141e+00
   3.1476202e-01   1.2462310e-01   1.3403555e-01   1.4415889e-01   2.0528578e+00
   1.3234820e-02   6.9379354e-02   3.7025759e-01   1.9759579e+00   7.9644429e-01
   6.4543152e-02   2.5554442e-02   3.6390149e-01   1.9420373e+00   7.8277199e-01
   6.4543152e-02   3.3834705e-01   1.3637668e-01   1.9420373e+00   7.8277199e-01
   3.1476202e-01   1.2462310e-01   1.3403555e-01   1.9086989e+00   7.6933439e-01
   6.4543152e-02   3.3834705e-01   1.8056606e+00   7.2780299e-01   7.8277199e-01
   3.1476202e-01   1.2462310e-01   1.7746634e+00   7.1530902e-01   7.6933439e-01
   3.1476202e-01   1.6500403e+00   6.6507751e-01   7.1530902e-01   7.6933439e-01
   1.5350215e+00   6.0775801e-01   6.5366034e-01   7.0302954e-01   7.5612747e-01
