   5.0075193e-03   7.8905877e-03   1.4726004e-02   2.7482770e-02   5.1290398e-02   9.5721973e-02   1.7864350e-01   3.3339785e-01   7.5325047e-02   7.6683319e-02
   9.1766682e-03   1.7505431e-03   1.4720862e-02   2.7473173e-02   5.1272488e-02   9.5688548e-02   1.7858112e-01   3.3328143e-01   7.5298744e-02   7.6656542e-02
   9.1766682e-03   1.4460115e-02   3.2669943e-03   2.7473173e-02   5.1272488e-02   9.5688548e-02   1.7858112e-01   3.3328143e-01   7.5298744e-02   7.6656542e-02
   1.6816958e-02   3.2080062e-03   3.2658535e-03   2.7463580e-02   5.1254584e-02   9.5655134e-02   1.7851876e-01   3.3316505e-01   7.5272450e-02   7.6629774e-02
   9.1766682e-03   1.4460115e-02   2.6986548e-02   6.0971088e-03   5.1272488e-02   9.5688548e-02   1.7858112e-01   3.3328143e-01   7.5298744e-02   7.6656542e-02
   1.6816958e-02   3.2080062e-03   2.6977124e-02   6.0949798e-03   5.1254584e-02   9.5655134e-02   1.7851876e-01   3.3316505e-01   7.5272450e-02   7.6629774e-02
   1.6816958e-02   2.6499285e-02   5.9870209e-03   6.0949798e-03   5.1254584e-02   9.5655134e-02   1.7851876e-01   3.3316505e-01   7.5272450e-02   7.6629774e-02
   3.0818382e-02   5.8789207e-03   5.9849303e-03   6.0928515e-03   5.1236686e-02   9.5621732e-02   1.7845642e-01   3.3304871e-01   7.5246165e-02   7.6603016e-02
   9.1766682e-03   1.4460115e-02   2.6986548e-02   5.0364311e-02   1.1378880e-02   9.5688548e-02   1.7858112e-01   3.3328143e-01   7.5298744e-02   7.6656542e-02
   1.6816958e-02   3.2080062e-03   2.6977124e-02   5.0346725e-02   1.1374907e-02   9.5655134e-02   1.7851876e-01   3.3316505e-01   7.5272450e-02   7.6629774e-02
   1.6816958e-02   2.6499285e-02   5.9870209e-03   5.0346725e-02   1.1374907e-02   9.5655134e-02   1.7851876e-01   3.3316505e-01   7.5272450e-02   7.6629774e-02
   3.0818382e-02   5.8789207e-03   5.9849303e-03   5.0329144e-02   1.1370935e-02   9.5621732e-02   1.7845642e-01   3.3304871e-01   7.5246165e-02   7.6603016e-02
   1.6816958e-02   2.6499285e-02   4.9454946e-02   1.1173426e-02   1.1374907e-02   9.5655134e-02   1.7851876e-01   3.3316505e-01   7.5272450e-02   7.6629774e-02
   3.0818382e-02   5.8789207e-03   4.9437676e-02   1.1169524e-02   1.1370935e-02   9.5621732e-02   1.7845642e-01   3.3304871e-01   7.5246165e-02   7.6603016e-02
   3.0818382e-02   4.8561999e-02   1.0971681e-02   1.1169524e-02   1.1370935e-02   9.5621732e-02   1.7845642e-01   3.3304871e-01   7.5246165e-02   7.6603016e-02
   5.6477080e-02   1.0773579e-02   1.0967850e-02   1.1165624e-02   1.1366964e-02   9.5588342e-02   1.7839411e-01   3.3293241e-01   7.5219890e-02   7.6576266e-02
   9.1766682e-03   1.4460115e-02   2.6986548e-02   5.0364311e-02   9.3993641e-02   2.1236116e-02   1.7858112e-01   3.3328143e-01   7.5298744e-02   7.6656542e-02
   1.6816958e-02   3.2080062e-03   2.6977124e-02   5.0346725e-02   9.3960819e-02   2.1228701e-02   1.7851876e-01   3.3316505e-01   7.5272450e-02   7.6629774e-02
   1.6816958e-02   2.6499285e-02   5.9870209e-03   5.0346725e-02   9.3960819e-02   2.1228701e-02   1.7851876e-01   3.3316505e-01   7.5272450e-02   7.6629774e-02
   3.0818382e-02   5.8789207e-03   5.9849303e-03   5.0329144e-02   9.3928009e-02   2.1221288e-02   1.7845642e-01   3.3304871e-01   7.5246165e-02   7.6603016e-02
   1.6816958e-02   2.6499285e-02   4.9454946e-02   1.1173426e-02   9.3960819e-02   2.1228701e-02   1.7851876e-01   3.3316505e-01   7.5272450e-02   7.6629774e-02
   3.0818382e-02   5.8789207e-03   4.9437676e-02   1.1169524e-02   9.3928009e-02   2.1221288e-02   1.7845642e-01   3.3304871e-01   7.5246165e-02   7.6603016e-02
   3.0818382e-02   4.8561999e-02   1.0971681e-02   1.1169524e-02   9.3928009e-02   2.1221288e-02   1.7845642e-01   3.3304871e-01   7.5246165e-02   7.6603016e-02
   5.6477080e-02   1.0773579e-02   1.0967850e-02   1.1165624e-02   9.3895210e-02   2.1213878e-02   1.7839411e-01   3.3293241e-01   7.5219890e-02   7.6576266e-02
   1.6816958e-02   2.6499285e-02   4.9454946e-02   9.2296515e-02   2.0852682e-02   2.1228701e-02   1.7851876e-01   3.3316505e-01   7.5272450e-02   7.6629774e-02
   3.0818382e-02   5.8789207e-03   4.9437676e-02   9.2264285e-02   2.0845400e-02   2.1221288e-02   1.7845642e-01   3.3304871e-01   7.5246165e-02   7.6603016e-02
   3.0818382e-02   4.8561999e-02   1.0971681e-02   9.2264285e-02   2.0845400e-02   2.1221288e-02   1.7845642e-01   3.3304871e-01   7.5246165e-02   7.6603016e-02
   5.6477080e-02   1.0773579e-02   1.0967850e-02   9.2232067e-02   2.0838121e-02   2.1213878e-02   1.7839411e-01   3.3293241e-01   7.5219890e-02   7.6576266e-02
   3.0818382e-02   4.8561999e-02   9.0630031e-02   2.0476171e-02   2.0845400e-02   2.1221288e-02   1.7845642e-01   3.3304871e-01   7.5246165e-02   7.6603016e-02
   5.6477080e-02   1.0773579e-02   9.0598384e-02   2.0469021e-02   2.0838121e-02   2.1213878e-02   1.7839411e-01   3.3293241e-01   7.5219890e-02   7.6576266e-02
   5.6477080e-02   8.8993637e-02   2.0106458e-02   2.0469021e-02   2.0838121e-02   2.1213878e-02   1.7839411e-01   3.3293241e-01   7.5219890e-02   7.6576266e-02
   1.0349864e-01   1.9743421e-02   2.0099437e-02   2.0461873e-02   2.0830845e-02   2.1206470e-02   1.7833181e-01   3.3281615e-01   7.5193624e-02   7.6549527e-02
   9.1766682e-03   1.4460115e-02   2.6986548e-02   5.0364311e-02   9.3993641e-02   1.7541796e-01   3.9632427e-02   3.3328143e-01   7.5298744e-02   7.6656542e-02
   1.6816958e-02   3.2080062e-03   2.6977124e-02   5.0346725e-02   9.3960819e-02   1.7535670e-01   3.9618587e-02   3.3316505e-01   7.5272450e-02   7.6629774e-02
   1.6816958e-02   2.6499285e-02   5.9870209e-03   5.0346725e-02   9.3960819e-02   1.7535670e-01   3.9618587e-02   3.3316505e-01   7.5272450e-02   7.6629774e-02
   3.0818382e-02   5.8789207e-03   5.9849303e-03   5.0329144e-02   9.3928009e-02   1.7529547e-01   3.9604753e-02   3.3304871e-01   7.5246165e-02   7.6603016e-02
   1.6816958e-02   2.6499285e-02   4.9454946e-02   1.1173426e-02   9.3960819e-02   1.7535670e-01   3.9618587e-02   3.3316505e-01   7.5272450e-02   7.6629774e-02
   3.0818382e-02   5.8789207e-03   4.9437676e-02   1.1169524e-02   9.3928009e-02   1.7529547e-01   3.9604753e-02   3.3304871e-01   7.5246165e-02   7.6603016e-02
   3.0818382e-02   4.8561999e-02   1.0971681e-02   1.1169524e-02   9.3928009e-02   1.7529547e-01   3.9604753e-02   3.3304871e-01   7.5246165e-02   7.6603016e-02
   5.6477080e-02   1.0773579e-02   1.0967850e-02   1.1165624e-02   9.3895210e-02   1.7523426e-01   3.9590923e-02   3.3293241e-01   7.5219890e-02   7.6576266e-02
   1.6816958e-02   2.6499285e-02   4.9454946e-02   9.2296515e-02   2.0852682e-02   1.7535670e-01   3.9618587e-02   3.3316505e-01   7.5272450e-02   7.6629774e-02
   3.0818382e-02   5.8789207e-03   4.9437676e-02   9.2264285e-02   2.0845400e-02   1.7529547e-01   3.9604753e-02   3.3304871e-01   7.5246165e-02   7.6603016e-02
   3.0818382e-02   4.8561999e-02   1.0971681e-02   9.2264285e-02   2.0845400e-02   1.7529547e-01   3.9604753e-02   3.3304871e-01   7.5246165e-02   7.6603016e-02
   5.6477080e-02   1.0773579e-02   1.0967850e-02   9.2232067e-02   2.0838121e-02   1.7523426e-01   3.9590923e-02   3.3293241e-01   7.5219890e-02   7.6576266e-02
   3.0818382e-02   4.8561999e-02   9.0630031e-02   2.0476171e-02   2.0845400e-02   1.7529547e-01   3.9604753e-02   3.3304871e-01   7.5246165e-02   7.6603016e-02
   5.6477080e-02   1.0773579e-02   9.0598384e-02   2.0469021e-02   2.0838121e-02   1.7523426e-01   3.9590923e-02   3.3293241e-01   7.5219890e-02   7.6576266e-02
   5.6477080e-02   8.8993637e-02   2.0106458e-02   2.0469021e-02   2.0838121e-02   1.7523426e-01   3.9590923e-02   3.3293241e-01   7.5219890e-02   7.6576266e-02
   1.0349864e-01   1.9743421e-02   2.0099437e-02   2.0461873e-02   2.0830845e-02   1.7517307e-01   3.9577098e-02   3.3281615e-01   7.5193624e-02   7.6549527e-02
   1.6816958e-02   2.6499285e-02   4.9454946e-02   9.2296515e-02   1.7225065e-01   3.8916833e-02   3.9618587e-02   3.3316505e-01   7.5272450e-02   7.6629774e-02
   3.0818382e-02   5.8789207e-03   4.9437676e-02   9.2264285e-02   1.7219050e-01   3.8903244e-02   3.9604753e-02   3.3304871e-01   7.5246165e-02   7.6603016e-02
   3.0818382e-02   4.8561999e-02   1.0971681e-02   9.2264285e-02   1.7219050e-01   3.8903244e-02   3.9604753e-02   3.3304871e-01   7.5246165e-02   7.6603016e-02
   5.6477080e-02   1.0773579e-02   1.0967850e-02   9.2232067e-02   1.7213038e-01   3.8889659e-02   3.9590923e-02   3.3293241e-01   7.5219890e-02   7.6576266e-02
   3.0818382e-02   4.8561999e-02   9.0630031e-02   2.0476171e-02   1.7219050e-01   3.8903244e-02   3.9604753e-02   3.3304871e-01   7.5246165e-02   7.6603016e-02
   5.6477080e-02   1.0773579e-02   9.0598384e-02   2.0469021e-02   1.7213038e-01   3.8889659e-02   3.9590923e-02   3.3293241e-01   7.5219890e-02   7.6576266e-02
   5.6477080e-02   8.8993637e-02   2.0106458e-02   2.0469021e-02   1.7213038e-01   3.8889659e-02   3.9590923e-02   3.3293241e-01   7.5219890e-02   7.6576266e-02
   1.0349864e-01   1.9743421e-02   2.0099437e-02   2.0461873e-02   1.7207027e-01   3.8876079e-02   3.9577098e-02   3.3281615e-01   7.5193624e-02   7.6549527e-02
   3.0818382e-02   4.8561999e-02   9.0630031e-02   1.6914054e-01   3.8214160e-02   3.8903244e-02   3.9604753e-02   3.3304871e-01   7.5246165e-02   7.6603016e-02
   5.6477080e-02   1.0773579e-02   9.0598384e-02   1.6908147e-01   3.8200816e-02   3.8889659e-02   3.9590923e-02   3.3293241e-01   7.5219890e-02   7.6576266e-02
   5.6477080e-02   8.8993637e-02   2.0106458e-02   1.6908147e-01   3.8200816e-02   3.8889659e-02   3.9590923e-02   3.3293241e-01   7.5219890e-02   7.6576266e-02
   1.0349864e-01   1.9743421e-02   2.0099437e-02   1.6902243e-01   3.8187477e-02   3.8876079e-02   3.9577098e-02   3.3281615e-01   7.5193624e-02   7.6549527e-02
   5.6477080e-02   8.8993637e-02   1.6608658e-01   3.7524175e-02   3.8200816e-02   3.8889659e-02   3.9590923e-02   3.3293241e-01   7.5219890e-02   7.6576266e-02
   1.0349864e-01   1.9743421e-02   1.6602858e-01   3.7511072e-02   3.8187477e-02   3.8876079e-02   3.9577098e-02   3.3281615e-01   7.5193624e-02   7.6549527e-02
   1.0349864e-01   1.6308776e-01   3.6846648e-02   3.7511072e-02   3.8187477e-02   3.8876079e-02   3.9577098e-02   3.3281615e-01   7.5193624e-02   7.6549527e-02
   1.8966930e-01   3.6181353e-02   3.6833781e-02   3.7497973e-02   3.8174142e-02   3.8862504e-02   3.9563278e-02   3.3269994e-01   7.5167367e-02   7.6522796e-02
   9.1766682e-03   1.4460115e-02   2.6986548e-02   5.0364311e-02   9.3993641e-02   1.7541796e-01   3.2737810e-01   7.3964996e-02   7.5298744e-02   7.6656542e-02
   1.6816958e-02   3.2080062e-03   2.6977124e-02   5.0346725e-02   9.3960819e-02   1.7535670e-01   3.2726378e-01   7.3939168e-02   7.5272450e-02   7.6629774e-02
   1.6816958e-02   2.6499285e-02   5.9870209e-03   5.0346725e-02   9.3960819e-02   1.7535670e-01   3.2726378e-01   7.3939168e-02   7.5272450e-02   7.6629774e-02
   3.0818382e-02   5.8789207e-03   5.9849303e-03   5.0329144e-02   9.3928009e-02   1.7529547e-01   3.2714950e-01   7.3913349e-02   7.5246165e-02   7.6603016e-02
   1.6816958e-02   2.6499285e-02   4.9454946e-02   1.1173426e-02   9.3960819e-02   1.7535670e-01   3.2726378e-01   7.3939168e-02   7.5272450e-02   7.6629774e-02
   3.0818382e-02   5.8789207e-03   4.9437676e-02   1.1169524e-02   9.3928009e-02   1.7529547e-01   3.2714950e-01   7.3913349e-02   7.5246165e-02   7.6603016e-02
   3.0818382e-02   4.8561999e-02   1.0971681e-02   1.1169524e-02   9.3928009e-02   1.7529547e-01   3.2714950e-01   7.3913349e-02   7.5246165e-02   7.6603016e-02
   5.6477080e-02   1.0773579e-02   1.0967850e-02   1.1165624e-02   9.3895210e-02   1.7523426e-01   3.2703526e-01   7.3887539e-02   7.5219890e-02   7.6576266e-02
   1.6816958e-02   2.6499285e-02   4.9454946e-02   9.2296515e-02   2.0852682e-02   1.7535670e-01   3.2726378e-01   7.3939168e-02   7.5272450e-02   7.6629774e-02
   3.0818382e-02   5.8789207e-03   4.9437676e-02   9.2264285e-02   2.0845400e-02   1.7529547e-01   3.2714950e-01   7.3913349e-02   7.5246165e-02   7.6603016e-02
   3.0818382e-02   4.8561999e-02   1.0971681e-02   9.2264285e-02   2.0845400e-02   1.7529547e-01   3.2714950e-01   7.3913349e-02   7.5246165e-02   7.6603016e-02
   5.6477080e-02   1.0773579e-02   1.0967850e-02   9.2232067e-02   2.0838121e-02   1.7523426e-01   3.2703526e-01   7.3887539e-02   7.5219890e-02   7.6576266e-02
   3.0818382e-02   4.8561999e-02   9.0630031e-02   2.0476171e-02   2.0845400e-02   1.7529547e-01   3.2714950e-01   7.3913349e-02   7.5246165e-02   7.6603016e-02
   5.6477080e-02   1.0773579e-02   9.0598384e-02   2.0469021e-02   2.0838121e-02   1.7523426e-01   3.2703526e-01   7.3887539e-02   7.5219890e-02   7.6576266e-02
   5.6477080e-02   8.8993637e-02   2.0106458e-02   2.0469021e-02   2.0838121e-02   1.7523426e-01   3.2703526e-01   7.3887539e-02   7.5219890e-02   7.6576266e-02
   1.0349864e-01   1.9743421e-02   2.0099437e-02   2.0461873e-02   2.0830845e-02   1.7517307e-01   3.2692106e-01   7.3861738e-02   7.5193624e-02   7.6549527e-02
   1.6816958e-02   2.6499285e-02   4.9454946e-02   9.2296515e-02   1.7225065e-01   3.8916833e-02   3.2726378e-01   7.3939168e-02   7.5272450e-02   7.6629774e-02
   3.0818382e-02   5.8789207e-03   4.9437676e-02   9.2264285e-02   1.7219050e-01   3.8903244e-02   3.2714950e-01   7.3913349e-02   7.5246165e-02   7.6603016e-02
   3.0818382e-02   4.8561999e-02   1.0971681e-02   9.2264285e-02   1.7219050e-01   3.8903244e-02   3.2714950e-01   7.3913349e-02   7.5246165e-02   7.6603016e-02
   5.6477080e-02   1.0773579e-02   1.0967850e-02   9.2232067e-02   1.7213038e-01   3.8889659e-02   3.2703526e-01   7.3887539e-02   7.5219890e-02   7.6576266e-02
   3.0818382e-02   4.8561999e-02   9.0630031e-02   2.0476171e-02   1.7219050e-01   3.8903244e-02   3.2714950e-01   7.3913349e-02   7.5246165e-02   7.6603016e-02
   5.6477080e-02   1.0773579e-02   9.0598384e-02   2.0469021e-02   1.7213038e-01   3.8889659e-02   3.2703526e-01   7.3887539e-02   7.5219890e-02   7.6576266e-02
   5.6477080e-02   8.8993637e-02   2.0106458e-02   2.0469021e-02   1.7213038e-01   3.8889659e-02   3.2703526e-01   7.3887539e-02   7.5219890e-02   7.6576266e-02
   1.0349864e-01   1.9743421e-02   2.0099437e-02   2.0461873e-02   1.7207027e-01   3.8876079e-02   3.2692106e-01   7.3861738e-02   7.5193624e-02   7.6549527e-02
   3.0818382e-02   4.8561999e-02   9.0630031e-02   1.6914054e-01   3.8214160e-02   3.8903244e-02   3.2714950e-01   7.3913349e-02   7.5246165e-02   7.6603016e-02
   5.6477080e-02   1.0773579e-02   9.0598384e-02   1.6908147e-01   3.8200816e-02   3.8889659e-02   3.2703526e-01   7.3887539e-02   7.5219890e-02   7.6576266e-02
   5.6477080e-02   8.8993637e-02   2.0106458e-02   1.6908147e-01   3.8200816e-02   3.8889659e-02   3.2703526e-01   7.3887539e-02   7.5219890e-02   7.6576266e-02
   1.0349864e-01   1.9743421e-02   2.0099437e-02   1.6902243e-01   3.8187477e-02   3.8876079e-02   3.2692106e-01   7.3861738e-02   7.5193624e-02   7.6549527e-02
   5.6477080e-02   8.8993637e-02   1.6608658e-01   3.7524175e-02   3.8200816e-02   3.8889659e-02   3.2703526e-01   7.3887539e-02   7.5219890e-02   7.6576266e-02
   1.0349864e-01   1.9743421e-02   1.6602858e-01   3.7511072e-02   3.8187477e-02   3.8876079e-02   3.2692106e-01   7.3861738e-02   7.5193624e-02   7.6549527e-02
   1.0349864e-01   1.6308776e-01   3.6846648e-02   3.7511072e-02   3.8187477e-02   3.8876079e-02   3.2692106e-01   7.3861738e-02   7.5193624e-02   7.6549527e-02
   1.8966930e-01   3.6181353e-02   3.6833781e-02   3.7497973e-02   3.8174142e-02   3.8862504e-02   3.2680690e-01   7.3835946e-02   7.5167367e-02   7.6522796e-02
   1.6816958e-02   2.6499285e-02   4.9454946e-02   9.2296515e-02   1.7225065e-01   3.2146704e-01   7.2629502e-02   7.3939168e-02   7.5272450e-02   7.6629774e-02
   3.0818382e-02   5.8789207e-03   4.9437676e-02   9.2264285e-02   1.7219050e-01   3.2135478e-01   7.2604140e-02   7.3913349e-02   7.5246165e-02   7.6603016e-02
   3.0818382e-02   4.8561999e-02   1.0971681e-02   9.2264285e-02   1.7219050e-01   3.2135478e-01   7.2604140e-02   7.3913349e-02   7.5246165e-02   7.6603016e-02
   5.6477080e-02   1.0773579e-02   1.0967850e-02   9.2232067e-02   1.7213038e-01   3.2124257e-01   7.2578788e-02   7.3887539e-02   7.5219890e-02   7.6576266e-02
   3.0818382e-02   4.8561999e-02   9.0630031e-02   2.0476171e-02   1.7219050e-01   3.2135478e-01   7.2604140e-02   7.3913349e-02   7.5246165e-02   7.6603016e-02
   5.6477080e-02   1.0773579e-02   9.0598384e-02   2.0469021e-02   1.7213038e-01   3.2124257e-01   7.2578788e-02   7.3887539e-02   7.5219890e-02   7.6576266e-02
   5.6477080e-02   8.8993637e-02   2.0106458e-02   2.0469021e-02   1.7213038e-01   3.2124257e-01   7.2578788e-02   7.3887539e-02   7.5219890e-02   7.6576266e-02
   1.0349864e-01   1.9743421e-02   2.0099437e-02   2.0461873e-02   1.7207027e-01   3.2113039e-01   7.2553444e-02   7.3861738e-02   7.5193624e-02   7.6549527e-02
   3.0818382e-02   4.8561999e-02   9.0630031e-02   1.6914054e-01   3.8214160e-02   3.2135478e-01   7.2604140e-02   7.3913349e-02   7.5246165e-02   7.6603016e-02
   5.6477080e-02   1.0773579e-02   9.0598384e-02   1.6908147e-01   3.8200816e-02   3.2124257e-01   7.2578788e-02   7.3887539e-02   7.5219890e-02   7.6576266e-02
   5.6477080e-02   8.8993637e-02   2.0106458e-02   1.6908147e-01   3.8200816e-02   3.2124257e-01   7.2578788e-02   7.3887539e-02   7.5219890e-02   7.6576266e-02
   1.0349864e-01   1.9743421e-02   2.0099437e-02   1.6902243e-01   3.8187477e-02   3.2113039e-01   7.2553444e-02   7.3861738e-02   7.5193624e-02   7.6549527e-02
   5.6477080e-02   8.8993637e-02   1.6608658e-01   3.7524175e-02   3.8200816e-02   3.2124257e-01   7.2578788e-02   7.3887539e-02   7.5219890e-02   7.6576266e-02
   1.0349864e-01   1.9743421e-02   1.6602858e-01   3.7511072e-02   3.8187477e-02   3.2113039e-01   7.2553444e-02   7.3861738e-02   7.5193624e-02   7.6549527e-02
   1.0349864e-01   1.6308776e-01   3.6846648e-02   3.7511072e-02   3.8187477e-02   3.2113039e-01   7.2553444e-02   7.3861738e-02   7.5193624e-02   7.6549527e-02
   1.8966930e-01   3.6181353e-02   3.6833781e-02   3.7497973e-02   3.8174142e-02   3.2101826e-01   7.2528109e-02   7.3835946e-02   7.5167367e-02   7.6522796e-02
   3.0818382e-02   4.8561999e-02   9.0630031e-02   1.6914054e-01   3.1566271e-01   7.1318121e-02   7.2604140e-02   7.3913349e-02   7.5246165e-02   7.6603016e-02
   5.6477080e-02   1.0773579e-02   9.0598384e-02   1.6908147e-01   3.1555248e-01   7.1293218e-02   7.2578788e-02   7.3887539e-02   7.5219890e-02   7.6576266e-02
   5.6477080e-02   8.8993637e-02   2.0106458e-02   1.6908147e-01   3.1555248e-01   7.1293218e-02   7.2578788e-02   7.3887539e-02   7.5219890e-02   7.6576266e-02
   1.0349864e-01   1.9743421e-02   2.0099437e-02   1.6902243e-01   3.1544229e-01   7.1268323e-02   7.2553444e-02   7.3861738e-02   7.5193624e-02   7.6549527e-02
   5.6477080e-02   8.8993637e-02   1.6608658e-01   3.7524175e-02   3.1555248e-01   7.1293218e-02   7.2578788e-02   7.3887539e-02   7.5219890e-02   7.6576266e-02
   1.0349864e-01   1.9743421e-02   1.6602858e-01   3.7511072e-02   3.1544229e-01   7.1268323e-02   7.2553444e-02   7.3861738e-02   7.5193624e-02   7.6549527e-02
   1.0349864e-01   1.6308776e-01   3.6846648e-02   3.7511072e-02   3.1544229e-01   7.1268323e-02   7.2553444e-02   7.3861738e-02   7.5193624e-02   7.6549527e-02
   1.8966930e-01   3.6181353e-02   3.6833781e-02   3.7497973e-02   3.1533214e-01   7.1243436e-02   7.2528109e-02   7.3835946e-02   7.5167367e-02   7.6522796e-02
   5.6477080e-02   8.8993637e-02   1.6608658e-01   3.0996318e-01   7.0030419e-02   7.1293218e-02   7.2578788e-02   7.3887539e-02   7.5219890e-02   7.6576266e-02
   1.0349864e-01   1.9743421e-02   1.6602858e-01   3.0985494e-01   7.0005965e-02   7.1268323e-02   7.2553444e-02   7.3861738e-02   7.5193624e-02   7.6549527e-02
   1.0349864e-01   1.6308776e-01   3.6846648e-02   3.0985494e-01   7.0005965e-02   7.1268323e-02   7.2553444e-02   7.3861738e-02   7.5193624e-02   7.6549527e-02
   1.8966930e-01   3.6181353e-02   3.6833781e-02   3.0974674e-01   6.9981519e-02   7.1243436e-02   7.2528109e-02   7.3835946e-02   7.5167367e-02   7.6522796e-02
   1.0349864e-01   1.6308776e-01   3.0436656e-01   6.8765967e-02   7.0005965e-02   7.1268323e-02   7.2553444e-02   7.3861738e-02   7.5193624e-02   7.6549527e-02
   1.8966930e-01   3.6181353e-02   3.0426027e-01   6.8741954e-02   6.9981519e-02   7.1243436e-02   7.2528109e-02   7.3835946e-02   7.5167367e-02   7.6522796e-02
   1.8966930e-01   2.9887099e-01   6.7524345e-02   6.8741954e-02   6.9981519e-02   7.1243436e-02   7.2528109e-02   7.3835946e-02   7.5167367e-02   7.6522796e-02
   3.4758373e-01   6.6305142e-02   6.7500766e-02   6.8717950e-02   6.9957082e-02   7.1218559e-02   7.2502782e-02   7.3810163e-02   7.5141119e-02   7.6496075e-02
   5.0075193e-03   7.8905877e-03   1.4726004e-02   2.7482770e-02   5.1290398e-02   9.5721973e-02   1.7864350e-01   4.0361178e-02   3.3940972e-01   7.6683319e-02
   9.1766682e-03   1.7505431e-03   1.4720862e-02   2.7473173e-02   5.1272488e-02   9.5688548e-02   1.7858112e-01   4.0347085e-02   3.3929121e-01   7.6656542e-02
   9.1766682e-03   1.4460115e-02   3.2669943e-03   2.7473173e-02   5.1272488e-02   9.5688548e-02   1.7858112e-01   4.0347085e-02   3.3929121e-01   7.6656542e-02
   1.6816958e-02   3.2080062e-03   3.2658535e-03   2.7463580e-02   5.1254584e-02   9.5655134e-02   1.7851876e-01   4.0332996e-02   3.3917273e-01   7.6629774e-02
   9.1766682e-03   1.4460115e-02   2.6986548e-02   6.0971088e-03   5.1272488e-02   9.5688548e-02   1.7858112e-01   4.0347085e-02   3.3929121e-01   7.6656542e-02
   1.6816958e-02   3.2080062e-03   2.6977124e-02   6.0949798e-03   5.1254584e-02   9.5655134e-02   1.7851876e-01   4.0332996e-02   3.3917273e-01   7.6629774e-02
   1.6816958e-02   2.6499285e-02   5.9870209e-03   6.0949798e-03   5.1254584e-02   9.5655134e-02   1.7851876e-01   4.0332996e-02   3.3917273e-01   7.6629774e-02
   3.0818382e-02   5.8789207e-03   5.9849303e-03   6.0928515e-03   5.1236686e-02   9.5621732e-02   1.7845642e-01   4.0318912e-02   3.3905429e-01   7.6603016e-02
   9.1766682e-03   1.4460115e-02   2.6986548e-02   5.0364311e-02   1.1378880e-02   9.5688548e-02   1.7858112e-01   4.0347085e-02   3.3929121e-01   7.6656542e-02
   1.6816958e-02   3.2080062e-03   2.6977124e-02   5.0346725e-02   1.1374907e-02   9.5655134e-02   1.7851876e-01   4.0332996e-02   3.3917273e-01   7.6629774e-02
   1.6816958e-02   2.6499285e-02   5.9870209e-03   5.0346725e-02   1.1374907e-02   9.5655134e-02   1.7851876e-01   4.0332996e-02   3.3917273e-01   7.6629774e-02
   3.0818382e-02   5.8789207e-03   5.9849303e-03   5.0329144e-02   1.1370935e-02   9.5621732e-02   1.7845642e-01   4.0318912e-02   3.3905429e-01   7.6603016e-02
   1.6816958e-02   2.6499285e-02   4.9454946e-02   1.1173426e-02   1.1374907e-02   9.5655134e-02   1.7851876e-01   4.0332996e-02   3.3917273e-01   7.6629774e-02
   3.0818382e-02   5.8789207e-03   4.9437676e-02   1.1169524e-02   1.1370935e-02   9.5621732e-02   1.7845642e-01   4.0318912e-02   3.3905429e-01   7.6603016e-02
   3.0818382e-02   4.8561999e-02   1.0971681e-02   1.1169524e-02   1.1370935e-02   9.5621732e-02   1.7845642e-01   4.0318912e-02   3.3905429e-01   7.6603016e-02
   5.6477080e-02   1.0773579e-02   1.0967850e-02   1.1165624e-02   1.1366964e-02   9.5588342e-02   1.7839411e-01   4.0304833e-02   3.3893590e-01   7.6576266e-02
   9.1766682e-03   1.4460115e-02   2.6986548e-02   5.0364311e-02   9.3993641e-02   2.1236116e-02   1.7858112e-01   4.0347085e-02   3.3929121e-01   7.6656542e-02
   1.6816958e-02   3.2080062e-03   2.6977124e-02   5.0346725e-02   9.3960819e-02   2.1228701e-02   1.7851876e-01   4.0332996e-02   3.3917273e-01   7.6629774e-02
   1.6816958e-02   2.6499285e-02   5.9870209e-03   5.0346725e-02   9.3960819e-02   2.1228701e-02   1.7851876e-01   4.0332996e-02   3.3917273e-01   7.6629774e-02
   3.0818382e-02   5.8789207e-03   5.9849303e-03   5.0329144e-02   9.3928009e-02   2.1221288e-02   1.7845642e-01   4.0318912e-02   3.3905429e-01   7.6603016e-02
   1.6816958e-02   2.6499285e-02   4.9454946e-02   1.1173426e-02   9.3960819e-02   2.1228701e-02   1.7851876e-01   4.0332996e-02   3.3917273e-01   7.6629774e-02
   3.0818382e-02   5.8789207e-03   4.9437676e-02   1.1169524e-02   9.3928009e-02   2.1221288e-02   1.7845642e-01   4.0318912e-02   3.3905429e-01   7.6603016e-02
   3.0818382e-02   4.8561999e-02   1.0971681e-02   1.1169524e-02   9.3928009e-02   2.1221288e-02   1.7845642e-01   4.0318912e-02   3.3905429e-01   7.6603016e-02
   5.6477080e-02   1.0773579e-02   1.0967850e-02   1.1165624e-02   9.3895210e-02   2.1213878e-02   1.7839411e-01   4.0304833e-02   3.3893590e-01   7.6576266e-02
   1.6816958e-02   2.6499285e-02   4.9454946e-02   9.2296515e-02   2.0852682e-02   2.1228701e-02   1.7851876e-01   4.0332996e-02   3.3917273e-01   7.6629774e-02
   3.0818382e-02   5.8789207e-03   4.9437676e-02   9.2264285e-02   2.0845400e-02   2.1221288e-02   1.7845642e-01   4.0318912e-02   3.3905429e-01   7.6603016e-02
   3.0818382e-02   4.8561999e-02   1.0971681e-02   9.2264285e-02   2.0845400e-02   2.1221288e-02   1.7845642e-01   4.0318912e-02   3.3905429e-01   7.6603016e-02
   5.6477080e-02   1.0773579e-02   1.0967850e-02   9.2232067e-02   2.0838121e-02   2.1213878e-02   1.7839411e-01   4.0304833e-02   3.3893590e-01   7.6576266e-02
   3.0818382e-02   4.8561999e-02   9.0630031e-02   2.0476171e-02   2.0845400e-02   2.1221288e-02   1.7845642e-01   4.0318912e-02   3.3905429e-01   7.6603016e-02
   5.6477080e-02   1.0773579e-02   9.0598384e-02   2.0469021e-02   2.0838121e-02   2.1213878e-02   1.7839411e-01   4.0304833e-02   3.3893590e-01   7.6576266e-02
   5.6477080e-02   8.8993637e-02   2.0106458e-02   2.0469021e-02   2.0838121e-02   2.1213878e-02   1.7839411e-01   4.0304833e-02   3.3893590e-01   7.6576266e-02
   1.0349864e-01   1.9743421e-02   2.0099437e-02   2.0461873e-02   2.0830845e-02   2.1206470e-02   1.7833181e-01   4.0290759e-02   3.3881754e-01   7.6549527e-02
   9.1766682e-03   1.4460115e-02   2.6986548e-02   5.0364311e-02   9.3993641e-02   1.7541796e-01   3.9632427e-02   4.0347085e-02   3.3929121e-01   7.6656542e-02
   1.6816958e-02   3.2080062e-03   2.6977124e-02   5.0346725e-02   9.3960819e-02   1.7535670e-01   3.9618587e-02   4.0332996e-02   3.3917273e-01   7.6629774e-02
   1.6816958e-02   2.6499285e-02   5.9870209e-03   5.0346725e-02   9.3960819e-02   1.7535670e-01   3.9618587e-02   4.0332996e-02   3.3917273e-01   7.6629774e-02
   3.0818382e-02   5.8789207e-03   5.9849303e-03   5.0329144e-02   9.3928009e-02   1.7529547e-01   3.9604753e-02   4.0318912e-02   3.3905429e-01   7.6603016e-02
   1.6816958e-02   2.6499285e-02   4.9454946e-02   1.1173426e-02   9.3960819e-02   1.7535670e-01   3.9618587e-02   4.0332996e-02   3.3917273e-01   7.6629774e-02
   3.0818382e-02   5.8789207e-03   4.9437676e-02   1.1169524e-02   9.3928009e-02   1.7529547e-01   3.9604753e-02   4.0318912e-02   3.3905429e-01   7.6603016e-02
   3.0818382e-02   4.8561999e-02   1.0971681e-02   1.1169524e-02   9.3928009e-02   1.7529547e-01   3.9604753e-02   4.0318912e-02   3.3905429e-01   7.6603016e-02
   5.6477080e-02   1.0773579e-02   1.0967850e-02   1.1165624e-02   9.3895210e-02   1.7523426e-01   3.9590923e-02   4.0304833e-02   3.3893590e-01   7.6576266e-02
   1.6816958e-02   2.6499285e-02   4.9454946e-02   9.2296515e-02   2.0852682e-02   1.7535670e-01   3.9618587e-02   4.0332996e-02   3.3917273e-01   7.6629774e-02
   3.0818382e-02   5.8789207e-03   4.9437676e-02   9.2264285e-02   2.0845400e-02   1.7529547e-01   3.9604753e-02   4.0318912e-02   3.3905429e-01   7.6603016e-02
   3.0818382e-02   4.8561999e-02   1.0971681e-02   9.2264285e-02   2.0845400e-02   1.7529547e-01   3.9604753e-02   4.0318912e-02   3.3905429e-01   7.6603016e-02
   5.6477080e-02   1.0773579e-02   1.0967850e-02   9.2232067e-02   2.0838121e-02   1.7523426e-01   3.9590923e-02   4.0304833e-02   3.3893590e-01   7.6576266e-02
   3.0818382e-02   4.8561999e-02   9.0630031e-02   2.0476171e-02   2.0845400e-02   1.7529547e-01   3.9604753e-02   4.0318912e-02   3.3905429e-01   7.6603016e-02
   5.6477080e-02   1.0773579e-02   9.0598384e-02   2.0469021e-02   2.0838121e-02   1.7523426e-01   3.9590923e-02   4.0304833e-02   3.3893590e-01   7.6576266e-02
   5.6477080e-02   8.8993637e-02   2.0106458e-02   2.0469021e-02   2.0838121e-02   1.7523426e-01   3.9590923e-02   4.0304833e-02   3.3893590e-01   7.6576266e-02
   1.0349864e-01   1.9743421e-02   2.0099437e-02   2.0461873e-02   2.0830845e-02   1.7517307e-01   3.9577098e-02   4.0290759e-02   3.3881754e-01   7.6549527e-02
   1.6816958e-02   2.6499285e-02   4.9454946e-02   9.2296515e-02   1.7225065e-01   3.8916833e-02   3.9618587e-02   4.0332996e-02   3.3917273e-01   7.6629774e-02
   3.0818382e-02   5.8789207e-03   4.9437676e-02   9.2264285e-02   1.7219050e-01   3.8903244e-02   3.9604753e-02   4.0318912e-02   3.3905429e-01   7.6603016e-02
   3.0818382e-02   4.8561999e-02   1.0971681e-02   9.2264285e-02   1.7219050e-01   3.8903244e-02   3.9604753e-02   4.0318912e-02   3.3905429e-01   7.6603016e-02
   5.6477080e-02   1.0773579e-02   1.0967850e-02   9.2232067e-02   1.7213038e-01   3.8889659e-02   3.9590923e-02   4.0304833e-02   3.3893590e-01   7.6576266e-02
   3.0818382e-02   4.8561999e-02   9.0630031e-02   2.0476171e-02   1.7219050e-01   3.8903244e-02   3.9604753e-02   4.0318912e-02   3.3905429e-01   7.6603016e-02
   5.6477080e-02   1.0773579e-02   9.0598384e-02   2.0469021e-02   1.7213038e-01   3.8889659e-02   3.9590923e-02   4.0304833e-02   3.3893590e-01   7.6576266e-02
   5.6477080e-02   8.8993637e-02   2.0106458e-02   2.0469021e-02   1.7213038e-01   3.8889659e-02   3.9590923e-02   4.0304833e-02   3.3893590e-01   7.6576266e-02
   1.0349864e-01   1.9743421e-02   2.0099437e-02   2.0461873e-02   1.7207027e-01   3.8876079e-02   3.9577098e-02   4.0290759e-02   3.3881754e-01   7.6549527e-02
   3.0818382e-02   4.8561999e-02   9.0630031e-02   1.6914054e-01   3.8214160e-02   3.8903244e-02   3.9604753e-02   4.0318912e-02   3.3905429e-01   7.6603016e-02
   5.6477080e-02   1.0773579e-02   9.0598384e-02   1.6908147e-01   3.8200816e-02   3.8889659e-02   3.9590923e-02   4.0304833e-02   3.3893590e-01   7.6576266e-02
   5.6477080e-02   8.8993637e-02   2.0106458e-02   1.6908147e-01   3.8200816e-02   3.8889659e-02   3.9590923e-02   4.0304833e-02   3.3893590e-01   7.6576266e-02
   1.0349864e-01   1.9743421e-02   2.0099437e-02   1.6902243e-01   3.8187477e-02   3.8876079e-02   3.9577098e-02   4.0290759e-02   3.3881754e-01   7.6549527e-02
   5.6477080e-02   8.8993637e-02   1.6608658e-01   3.7524175e-02   3.8200816e-02   3.8889659e-02   3.9590923e-02   4.0304833e-02   3.3893590e-01   7.6576266e-02
   1.0349864e-01   1.9743421e-02   1.6602858e-01   3.7511072e-02   3.8187477e-02   3.8876079e-02   3.9577098e-02   4.0290759e-02   3.3881754e-01   7.6549527e-02
   1.0349864e-01   1.6308776e-01   3.6846648e-02   3.7511072e-02   3.8187477e-02   3.8876079e-02   3.9577098e-02   4.0290759e-02   3.3881754e-01   7.6549527e-02
   1.8966930e-01   3.6181353e-02   3.6833781e-02   3.7497973e-02   3.8174142e-02   3.8862504e-02   3.9563278e-02   4.0276689e-02   3.3869923e-01   7.6522796e-02
   5.0075193e-03   7.8905877e-03   1.4726004e-02   2.7482770e-02   5.1290398e-02   9.5721973e-02   2.1626601e-02   1.8186482e-01   3.3940972e-01   7.6683319e-02
   9.1766682e-03   1.7505431e-03   1.4720862e-02   2.7473173e-02   5.1272488e-02   9.5688548e-02   2.1619049e-02   1.8180132e-01   3.3929121e-01   7.6656542e-02
   9.1766682e-03   1.4460115e-02   3.2669943e-03   2.7473173e-02   5.1272488e-02   9.5688548e-02   2.1619049e-02   1.8180132e-01   3.3929121e-01   7.6656542e-02
   1.6816958e-02   3.2080062e-03   3.2658535e-03   2.7463580e-02   5.1254584e-02   9.5655134e-02   2.1611500e-02   1.8173784e-01   3.3917273e-01   7.6629774e-02
   9.1766682e-03   1.4460115e-02   2.6986548e-02   6.0971088e-03   5.1272488e-02   9.5688548e-02   2.1619049e-02   1.8180132e-01   3.3929121e-01   7.6656542e-02
   1.6816958e-02   3.2080062e-03   2.6977124e-02   6.0949798e-03   5.1254584e-02   9.5655134e-02   2.1611500e-02   1.8173784e-01   3.3917273e-01   7.6629774e-02
   1.6816958e-02   2.6499285e-02   5.9870209e-03   6.0949798e-03   5.1254584e-02   9.5655134e-02   2.1611500e-02   1.8173784e-01   3.3917273e-01   7.6629774e-02
   3.0818382e-02   5.8789207e-03   5.9849303e-03   6.0928515e-03   5.1236686e-02   9.5621732e-02   2.1603953e-02   1.8167437e-01   3.3905429e-01   7.6603016e-02
   9.1766682e-03   1.4460115e-02   2.6986548e-02   5.0364311e-02   1.1378880e-02   9.5688548e-02   2.1619049e-02   1.8180132e-01   3.3929121e-01   7.6656542e-02
   1.6816958e-02   3.2080062e-03   2.6977124e-02   5.0346725e-02   1.1374907e-02   9.5655134e-02   2.1611500e-02   1.8173784e-01   3.3917273e-01   7.6629774e-02
   1.6816958e-02   2.6499285e-02   5.9870209e-03   5.0346725e-02   1.1374907e-02   9.5655134e-02   2.1611500e-02   1.8173784e-01   3.3917273e-01   7.6629774e-02
   3.0818382e-02   5.8789207e-03   5.9849303e-03   5.0329144e-02   1.1370935e-02   9.5621732e-02   2.1603953e-02   1.8167437e-01   3.3905429e-01   7.6603016e-02
   1.6816958e-02   2.6499285e-02   4.9454946e-02   1.1173426e-02   1.1374907e-02   9.5655134e-02   2.1611500e-02   1.8173784e-01   3.3917273e-01   7.6629774e-02
   3.0818382e-02   5.8789207e-03   4.9437676e-02   1.1169524e-02   1.1370935e-02   9.5621732e-02   2.1603953e-02   1.8167437e-01   3.3905429e-01   7.6603016e-02
   3.0818382e-02   4.8561999e-02   1.0971681e-02   1.1169524e-02   1.1370935e-02   9.5621732e-02   2.1603953e-02   1.8167437e-01   3.3905429e-01   7.6603016e-02
   5.6477080e-02   1.0773579e-02   1.0967850e-02   1.1165624e-02   1.1366964e-02   9.5588342e-02   2.1596409e-02   1.8161093e-01   3.3893590e-01   7.6576266e-02
   9.1766682e-03   1.4460115e-02   2.6986548e-02   5.0364311e-02   9.3993641e-02   2.1236116e-02   2.1619049e-02   1.8180132e-01   3.3929121e-01   7.6656542e-02
   1.6816958e-02   3.2080062e-03   2.6977124e-02   5.0346725e-02   9.3960819e-02   2.1228701e-02   2.1611500e-02   1.8173784e-01   3.3917273e-01   7.6629774e-02
   1.6816958e-02   2.6499285e-02   5.9870209e-03   5.0346725e-02   9.3960819e-02   2.1228701e-02   2.1611500e-02   1.8173784e-01   3.3917273e-01   7.6629774e-02
   3.0818382e-02   5.8789207e-03   5.9849303e-03   5.0329144e-02   9.3928009e-02   2.1221288e-02   2.1603953e-02   1.8167437e-01   3.3905429e-01   7.6603016e-02
   1.6816958e-02   2.6499285e-02   4.9454946e-02   1.1173426e-02   9.3960819e-02   2.1228701e-02   2.1611500e-02   1.8173784e-01   3.3917273e-01   7.6629774e-02
   3.0818382e-02   5.8789207e-03   4.9437676e-02   1.1169524e-02   9.3928009e-02   2.1221288e-02   2.1603953e-02   1.8167437e-01   3.3905429e-01   7.6603016e-02
   3.0818382e-02   4.8561999e-02   1.0971681e-02   1.1169524e-02   9.3928009e-02   2.1221288e-02   2.1603953e-02   1.8167437e-01   3.3905429e-01   7.6603016e-02
   5.6477080e-02   1.0773579e-02   1.0967850e-02   1.1165624e-02   9.3895210e-02   2.1213878e-02   2.1596409e-02   1.8161093e-01   3.3893590e-01   7.6576266e-02
   1.6816958e-02   2.6499285e-02   4.9454946e-02   9.2296515e-02   2.0852682e-02   2.1228701e-02   2.1611500e-02   1.8173784e-01   3.3917273e-01   7.6629774e-02
   3.0818382e-02   5.8789207e-03   4.9437676e-02   9.2264285e-02   2.0845400e-02   2.1221288e-02   2.1603953e-02   1.8167437e-01   3.3905429e-01   7.6603016e-02
   3.0818382e-02   4.8561999e-02   1.0971681e-02   9.2264285e-02   2.0845400e-02   2.1221288e-02   2.1603953e-02   1.8167437e-01   3.3905429e-01   7.6603016e-02
   5.6477080e-02   1.0773579e-02   1.0967850e-02   9.2232067e-02   2.0838121e-02   2.1213878e-02   2.1596409e-02   1.8161093e-01   3.3893590e-01   7.6576266e-02
   3.0818382e-02   4.8561999e-02   9.0630031e-02   2.0476171e-02   2.0845400e-02   2.1221288e-02   2.1603953e-02   1.8167437e-01   3.3905429e-01   7.6603016e-02
   5.6477080e-02   1.0773579e-02   9.0598384e-02   2.0469021e-02   2.0838121e-02   2.1213878e-02   2.1596409e-02   1.8161093e-01   3.3893590e-01   7.6576266e-02
   5.6477080e-02   8.8993637e-02   2.0106458e-02   2.0469021e-02   2.0838121e-02   2.1213878e-02   2.1596409e-02   1.8161093e-01   3.3893590e-01   7.6576266e-02
   1.0349864e-01   1.9743421e-02   2.0099437e-02   2.0461873e-02   2.0830845e-02   2.1206470e-02   2.1588868e-02   1.8154752e-01   3.3881754e-01   7.6549527e-02
   5.0075193e-03   7.8905877e-03   1.4726004e-02   2.7482770e-02   5.1290398e-02   1.1588112e-02   9.7448046e-02   1.8186482e-01   3.3940972e-01   7.6683319e-02
   9.1766682e-03   1.7505431e-03   1.4720862e-02   2.7473173e-02   5.1272488e-02   1.1584066e-02   9.7414018e-02   1.8180132e-01   3.3929121e-01   7.6656542e-02
   9.1766682e-03   1.4460115e-02   3.2669943e-03   2.7473173e-02   5.1272488e-02   1.1584066e-02   9.7414018e-02   1.8180132e-01   3.3929121e-01   7.6656542e-02
   1.6816958e-02   3.2080062e-03   3.2658535e-03   2.7463580e-02   5.1254584e-02   1.1580021e-02   9.7380002e-02   1.8173784e-01   3.3917273e-01   7.6629774e-02
   9.1766682e-03   1.4460115e-02   2.6986548e-02   6.0971088e-03   5.1272488e-02   1.1584066e-02   9.7414018e-02   1.8180132e-01   3.3929121e-01   7.6656542e-02
   1.6816958e-02   3.2080062e-03   2.6977124e-02   6.0949798e-03   5.1254584e-02   1.1580021e-02   9.7380002e-02   1.8173784e-01   3.3917273e-01   7.6629774e-02
   1.6816958e-02   2.6499285e-02   5.9870209e-03   6.0949798e-03   5.1254584e-02   1.1580021e-02   9.7380002e-02   1.8173784e-01   3.3917273e-01   7.6629774e-02
   3.0818382e-02   5.8789207e-03   5.9849303e-03   6.0928515e-03   5.1236686e-02   1.1575977e-02   9.7345998e-02   1.8167437e-01   3.3905429e-01   7.6603016e-02
   9.1766682e-03   1.4460115e-02   2.6986548e-02   5.0364311e-02   1.1378880e-02   1.1584066e-02   9.7414018e-02   1.8180132e-01   3.3929121e-01   7.6656542e-02
   1.6816958e-02   3.2080062e-03   2.6977124e-02   5.0346725e-02   1.1374907e-02   1.1580021e-02   9.7380002e-02   1.8173784e-01   3.3917273e-01   7.6629774e-02
   1.6816958e-02   2.6499285e-02   5.9870209e-03   5.0346725e-02   1.1374907e-02   1.1580021e-02   9.7380002e-02   1.8173784e-01   3.3917273e-01   7.6629774e-02
   3.0818382e-02   5.8789207e-03   5.9849303e-03   5.0329144e-02   1.1370935e-02   1.1575977e-02   9.7345998e-02   1.8167437e-01   3.3905429e-01   7.6603016e-02
   1.6816958e-02   2.6499285e-02   4.9454946e-02   1.1173426e-02   1.1374907e-02   1.1580021e-02   9.7380002e-02   1.8173784e-01   3.3917273e-01   7.6629774e-02
   3.0818382e-02   5.8789207e-03   4.9437676e-02   1.1169524e-02   1.1370935e-02   1.1575977e-02   9.7345998e-02   1.8167437e-01   3.3905429e-01   7.6603016e-02
   3.0818382e-02   4.8561999e-02   1.0971681e-02   1.1169524e-02   1.1370935e-02   1.1575977e-02   9.7345998e-02   1.8167437e-01   3.3905429e-01   7.6603016e-02
   5.6477080e-02   1.0773579e-02   1.0967850e-02   1.1165624e-02   1.1366964e-02   1.1571935e-02   9.7312005e-02   1.8161093e-01   3.3893590e-01   7.6576266e-02
   5.0075193e-03   7.8905877e-03   1.4726004e-02   2.7482770e-02   6.2092210e-03   5.2215274e-02   9.7448046e-02   1.8186482e-01   3.3940972e-01   7.6683319e-02
   9.1766682e-03   1.7505431e-03   1.4720862e-02   2.7473173e-02   6.2070528e-03   5.2197041e-02   9.7414018e-02   1.8180132e-01   3.3929121e-01   7.6656542e-02
   9.1766682e-03   1.4460115e-02   3.2669943e-03   2.7473173e-02   6.2070528e-03   5.2197041e-02   9.7414018e-02   1.8180132e-01   3.3929121e-01   7.6656542e-02
   1.6816958e-02   3.2080062e-03   3.2658535e-03   2.7463580e-02   6.2048854e-03   5.2178814e-02   9.7380002e-02   1.8173784e-01   3.3917273e-01   7.6629774e-02
   9.1766682e-03   1.4460115e-02   2.6986548e-02   6.0971088e-03   6.2070528e-03   5.2197041e-02   9.7414018e-02   1.8180132e-01   3.3929121e-01   7.6656542e-02
   1.6816958e-02   3.2080062e-03   2.6977124e-02   6.0949798e-03   6.2048854e-03   5.2178814e-02   9.7380002e-02   1.8173784e-01   3.3917273e-01   7.6629774e-02
   1.6816958e-02   2.6499285e-02   5.9870209e-03   6.0949798e-03   6.2048854e-03   5.2178814e-02   9.7380002e-02   1.8173784e-01   3.3917273e-01   7.6629774e-02
   3.0818382e-02   5.8789207e-03   5.9849303e-03   6.0928515e-03   6.2027187e-03   5.2160594e-02   9.7345998e-02   1.8167437e-01   3.3905429e-01   7.6603016e-02
   5.0075193e-03   7.8905877e-03   1.4726004e-02   3.3270670e-03   2.7978343e-02   5.2215274e-02   9.7448046e-02   1.8186482e-01   3.3940972e-01   7.6683319e-02
   9.1766682e-03   1.7505431e-03   1.4720862e-02   3.3259052e-03   2.7968573e-02   5.2197041e-02   9.7414018e-02   1.8180132e-01   3.3929121e-01   7.6656542e-02
   9.1766682e-03   1.4460115e-02   3.2669943e-03   3.3259052e-03   2.7968573e-02   5.2197041e-02   9.7414018e-02   1.8180132e-01   3.3929121e-01   7.6656542e-02
   1.6816958e-02   3.2080062e-03   3.2658535e-03   3.3247438e-03   2.7958807e-02   5.2178814e-02   9.7380002e-02   1.8173784e-01   3.3917273e-01   7.6629774e-02
   5.0075193e-03   7.8905877e-03   1.7827316e-03   1.4991546e-02   2.7978343e-02   5.2215274e-02   9.7448046e-02   1.8186482e-01   3.3940972e-01   7.6683319e-02
   9.1766682e-03   1.7505431e-03   1.7821091e-03   1.4986311e-02   2.7968573e-02   5.2197041e-02   9.7414018e-02   1.8180132e-01   3.3929121e-01   7.6656542e-02
   5.0075193e-03   9.5523539e-04   8.0328720e-03   1.4991546e-02   2.7978343e-02   5.2215274e-02   9.7448046e-02   1.8186482e-01   3.3940972e-01   7.6683319e-02
   2.7325004e-03   4.3057316e-03   8.0356780e-03   1.4996783e-02   2.7988116e-02   5.2233514e-02   9.7482086e-02   1.8192835e-01   3.3952829e-01   7.6710106e-02
   2.7325004e-03   4.3057316e-03   8.0356780e-03   1.4996783e-02   2.7988116e-02   5.2233514e-02   9.7482086e-02   1.8192835e-01   4.1103330e-02   3.4565071e-01
   5.0075193e-03   9.5523539e-04   8.0328720e-03   1.4991546e-02   2.7978343e-02   5.2215274e-02   9.7448046e-02   1.8186482e-01   4.1088977e-02   3.4553001e-01
   5.0075193e-03   7.8905877e-03   1.7827316e-03   1.4991546e-02   2.7978343e-02   5.2215274e-02   9.7448046e-02   1.8186482e-01   4.1088977e-02   3.4553001e-01
   9.1766682e-03   1.7505431e-03   1.7821091e-03   1.4986311e-02   2.7968573e-02   5.2197041e-02   9.7414018e-02   1.8180132e-01   4.1074629e-02   3.4540935e-01
   5.0075193e-03   7.8905877e-03   1.4726004e-02   3.3270670e-03   2.7978343e-02   5.2215274e-02   9.7448046e-02   1.8186482e-01   4.1088977e-02   3.4553001e-01
   9.1766682e-03   1.7505431e-03   1.4720862e-02   3.3259052e-03   2.7968573e-02   5.2197041e-02   9.7414018e-02   1.8180132e-01   4.1074629e-02   3.4540935e-01
   9.1766682e-03   1.4460115e-02   3.2669943e-03   3.3259052e-03   2.7968573e-02   5.2197041e-02   9.7414018e-02   1.8180132e-01   4.1074629e-02   3.4540935e-01
   1.6816958e-02   3.2080062e-03   3.2658535e-03   3.3247438e-03   2.7958807e-02   5.2178814e-02   9.7380002e-02   1.8173784e-01   4.1060286e-02   3.4528874e-01
   5.0075193e-03   7.8905877e-03   1.4726004e-02   2.7482770e-02   6.2092210e-03   5.2215274e-02   9.7448046e-02   1.8186482e-01   4.1088977e-02   3.4553001e-01
   9.1766682e-03   1.7505431e-03   1.4720862e-02   2.7473173e-02   6.2070528e-03   5.2197041e-02   9.7414018e-02   1.8180132e-01   4.1074629e-02   3.4540935e-01
   9.1766682e-03   1.4460115e-02   3.2669943e-03   2.7473173e-02   6.2070528e-03   5.2197041e-02   9.7414018e-02   1.8180132e-01   4.1074629e-02   3.4540935e-01
   1.6816958e-02   3.2080062e-03   3.2658535e-03   2.7463580e-02   6.2048854e-03   5.2178814e-02   9.7380002e-02   1.8173784e-01   4.1060286e-02   3.4528874e-01
   9.1766682e-03   1.4460115e-02   2.6986548e-02   6.0971088e-03   6.2070528e-03   5.2197041e-02   9.7414018e-02   1.8180132e-01   4.1074629e-02   3.4540935e-01
   1.6816958e-02   3.2080062e-03   2.6977124e-02   6.0949798e-03   6.2048854e-03   5.2178814e-02   9.7380002e-02   1.8173784e-01   4.1060286e-02   3.4528874e-01
   1.6816958e-02   2.6499285e-02   5.9870209e-03   6.0949798e-03   6.2048854e-03   5.2178814e-02   9.7380002e-02   1.8173784e-01   4.1060286e-02   3.4528874e-01
   3.0818382e-02   5.8789207e-03   5.9849303e-03   6.0928515e-03   6.2027187e-03   5.2160594e-02   9.7345998e-02   1.8167437e-01   4.1045948e-02   3.4516817e-01
   5.0075193e-03   7.8905877e-03   1.4726004e-02   2.7482770e-02   5.1290398e-02   1.1588112e-02   9.7448046e-02   1.8186482e-01   4.1088977e-02   3.4553001e-01
   9.1766682e-03   1.7505431e-03   1.4720862e-02   2.7473173e-02   5.1272488e-02   1.1584066e-02   9.7414018e-02   1.8180132e-01   4.1074629e-02   3.4540935e-01
   9.1766682e-03   1.4460115e-02   3.2669943e-03   2.7473173e-02   5.1272488e-02   1.1584066e-02   9.7414018e-02   1.8180132e-01   4.1074629e-02   3.4540935e-01
   1.6816958e-02   3.2080062e-03   3.2658535e-03   2.7463580e-02   5.1254584e-02   1.1580021e-02   9.7380002e-02   1.8173784e-01   4.1060286e-02   3.4528874e-01
   9.1766682e-03   1.4460115e-02   2.6986548e-02   6.0971088e-03   5.1272488e-02   1.1584066e-02   9.7414018e-02   1.8180132e-01   4.1074629e-02   3.4540935e-01
   1.6816958e-02   3.2080062e-03   2.6977124e-02   6.0949798e-03   5.1254584e-02   1.1580021e-02   9.7380002e-02   1.8173784e-01   4.1060286e-02   3.4528874e-01
   1.6816958e-02   2.6499285e-02   5.9870209e-03   6.0949798e-03   5.1254584e-02   1.1580021e-02   9.7380002e-02   1.8173784e-01   4.1060286e-02   3.4528874e-01
   3.0818382e-02   5.8789207e-03   5.9849303e-03   6.0928515e-03   5.1236686e-02   1.1575977e-02   9.7345998e-02   1.8167437e-01   4.1045948e-02   3.4516817e-01
   9.1766682e-03   1.4460115e-02   2.6986548e-02   5.0364311e-02   1.1378880e-02   1.1584066e-02   9.7414018e-02   1.8180132e-01   4.1074629e-02   3.4540935e-01
   1.6816958e-02   3.2080062e-03   2.6977124e-02   5.0346725e-02   1.1374907e-02   1.1580021e-02   9.7380002e-02   1.8173784e-01   4.1060286e-02   3.4528874e-01
   1.6816958e-02   2.6499285e-02   5.9870209e-03   5.0346725e-02   1.1374907e-02   1.1580021e-02   9.7380002e-02   1.8173784e-01   4.1060286e-02   3.4528874e-01
   3.0818382e-02   5.8789207e-03   5.9849303e-03   5.0329144e-02   1.1370935e-02   1.1575977e-02   9.7345998e-02   1.8167437e-01   4.1045948e-02   3.4516817e-01
   1.6816958e-02   2.6499285e-02   4.9454946e-02   1.1173426e-02   1.1374907e-02   1.1580021e-02   9.7380002e-02   1.8173784e-01   4.1060286e-02   3.4528874e-01
   3.0818382e-02   5.8789207e-03   4.9437676e-02   1.1169524e-02   1.1370935e-02   1.1575977e-02   9.7345998e-02   1.8167437e-01   4.1045948e-02   3.4516817e-01
   3.0818382e-02   4.8561999e-02   1.0971681e-02   1.1169524e-02   1.1370935e-02   1.1575977e-02   9.7345998e-02   1.8167437e-01   4.1045948e-02   3.4516817e-01
   5.6477080e-02   1.0773579e-02   1.0967850e-02   1.1165624e-02   1.1366964e-02   1.1571935e-02   9.7312005e-02   1.8161093e-01   4.1031615e-02   3.4504764e-01
   5.0075193e-03   7.8905877e-03   1.4726004e-02   2.7482770e-02   5.1290398e-02   9.5721973e-02   2.1626601e-02   1.8186482e-01   4.1088977e-02   3.4553001e-01
   9.1766682e-03   1.7505431e-03   1.4720862e-02   2.7473173e-02   5.1272488e-02   9.5688548e-02   2.1619049e-02   1.8180132e-01   4.1074629e-02   3.4540935e-01
   9.1766682e-03   1.4460115e-02   3.2669943e-03   2.7473173e-02   5.1272488e-02   9.5688548e-02   2.1619049e-02   1.8180132e-01   4.1074629e-02   3.4540935e-01
   1.6816958e-02   3.2080062e-03   3.2658535e-03   2.7463580e-02   5.1254584e-02   9.5655134e-02   2.1611500e-02   1.8173784e-01   4.1060286e-02   3.4528874e-01
   9.1766682e-03   1.4460115e-02   2.6986548e-02   6.0971088e-03   5.1272488e-02   9.5688548e-02   2.1619049e-02   1.8180132e-01   4.1074629e-02   3.4540935e-01
   1.6816958e-02   3.2080062e-03   2.6977124e-02   6.0949798e-03   5.1254584e-02   9.5655134e-02   2.1611500e-02   1.8173784e-01   4.1060286e-02   3.4528874e-01
   1.6816958e-02   2.6499285e-02   5.9870209e-03   6.0949798e-03   5.1254584e-02   9.5655134e-02   2.1611500e-02   1.8173784e-01   4.1060286e-02   3.4528874e-01
   3.0818382e-02   5.8789207e-03   5.9849303e-03   6.0928515e-03   5.1236686e-02   9.5621732e-02   2.1603953e-02   1.8167437e-01   4.1045948e-02   3.4516817e-01
   9.1766682e-03   1.4460115e-02   2.6986548e-02   5.0364311e-02   1.1378880e-02   9.5688548e-02   2.1619049e-02   1.8180132e-01   4.1074629e-02   3.4540935e-01
   1.6816958e-02   3.2080062e-03   2.6977124e-02   5.0346725e-02   1.1374907e-02   9.5655134e-02   2.1611500e-02   1.8173784e-01   4.1060286e-02   3.4528874e-01
   1.6816958e-02   2.6499285e-02   5.9870209e-03   5.0346725e-02   1.1374907e-02   9.5655134e-02   2.1611500e-02   1.8173784e-01   4.1060286e-02   3.4528874e-01
   3.0818382e-02   5.8789207e-03   5.9849303e-03   5.0329144e-02   1.1370935e-02   9.5621732e-02   2.1603953e-02   1.8167437e-01   4.1045948e-02   3.4516817e-01
   1.6816958e-02   2.6499285e-02   4.9454946e-02   1.1173426e-02   1.1374907e-02   9.5655134e-02   2.1611500e-02   1.8173784e-01   4.1060286e-02   3.4528874e-01
   3.0818382e-02   5.8789207e-03   4.9437676e-02   1.1169524e-02   1.1370935e-02   9.5621732e-02   2.1603953e-02   1.8167437e-01   4.1045948e-02   3.4516817e-01
   3.0818382e-02   4.8561999e-02   1.0971681e-02   1.1169524e-02   1.1370935e-02   9.5621732e-02   2.1603953e-02   1.8167437e-01   4.1045948e-02   3.4516817e-01
   5.6477080e-02   1.0773579e-02   1.0967850e-02   1.1165624e-02   1.1366964e-02   9.5588342e-02   2.1596409e-02   1.8161093e-01   4.1031615e-02   3.4504764e-01
   9.1766682e-03   1.4460115e-02   2.6986548e-02   5.0364311e-02   9.3993641e-02   2.1236116e-02   2.1619049e-02   1.8180132e-01   4.1074629e-02   3.4540935e-01
   1.6816958e-02   3.2080062e-03   2.6977124e-02   5.0346725e-02   9.3960819e-02   2.1228701e-02   2.1611500e-02   1.8173784e-01   4.1060286e-02   3.4528874e-01
   1.6816958e-02   2.6499285e-02   5.9870209e-03   5.0346725e-02   9.3960819e-02   2.1228701e-02   2.1611500e-02   1.8173784e-01   4.1060286e-02   3.4528874e-01
   3.0818382e-02   5.8789207e-03   5.9849303e-03   5.0329144e-02   9.3928009e-02   2.1221288e-02   2.1603953e-02   1.8167437e-01   4.1045948e-02   3.4516817e-01
   1.6816958e-02   2.6499285e-02   4.9454946e-02   1.1173426e-02   9.3960819e-02   2.1228701e-02   2.1611500e-02   1.8173784e-01   4.1060286e-02   3.4528874e-01
   3.0818382e-02   5.8789207e-03   4.9437676e-02   1.1169524e-02   9.3928009e-02   2.1221288e-02   2.1603953e-02   1.8167437e-01   4.1045948e-02   3.4516817e-01
   3.0818382e-02   4.8561999e-02   1.0971681e-02   1.1169524e-02   9.3928009e-02   2.1221288e-02   2.1603953e-02   1.8167437e-01   4.1045948e-02   3.4516817e-01
   5.6477080e-02   1.0773579e-02   1.0967850e-02   1.1165624e-02   9.3895210e-02   2.1213878e-02   2.1596409e-02   1.8161093e-01   4.1031615e-02   3.4504764e-01
   1.6816958e-02   2.6499285e-02   4.9454946e-02   9.2296515e-02   2.0852682e-02   2.1228701e-02   2.1611500e-02   1.8173784e-01   4.1060286e-02   3.4528874e-01
   3.0818382e-02   5.8789207e-03   4.9437676e-02   9.2264285e-02   2.0845400e-02   2.1221288e-02   2.1603953e-02   1.8167437e-01   4.1045948e-02   3.4516817e-01
   3.0818382e-02   4.8561999e-02   1.0971681e-02   9.2264285e-02   2.0845400e-02   2.1221288e-02   2.1603953e-02   1.8167437e-01   4.1045948e-02   3.4516817e-01
   5.6477080e-02   1.0773579e-02   1.0967850e-02   9.2232067e-02   2.0838121e-02   2.1213878e-02   2.1596409e-02   1.8161093e-01   4.1031615e-02   3.4504764e-01
   3.0818382e-02   4.8561999e-02   9.0630031e-02   2.0476171e-02   2.0845400e-02   2.1221288e-02   2.1603953e-02   1.8167437e-01   4.1045948e-02   3.4516817e-01
   5.6477080e-02   1.0773579e-02   9.0598384e-02   2.0469021e-02   2.0838121e-02   2.1213878e-02   2.1596409e-02   1.8161093e-01   4.1031615e-02   3.4504764e-01
   5.6477080e-02   8.8993637e-02   2.0106458e-02   2.0469021e-02   2.0838121e-02   2.1213878e-02   2.1596409e-02   1.8161093e-01   4.1031615e-02   3.4504764e-01
   1.0349864e-01   1.9743421e-02   2.0099437e-02   2.0461873e-02   2.0830845e-02   2.1206470e-02   2.1588868e-02   1.8154752e-01   4.1017287e-02   3.4492715e-01
   5.0075193e-03   7.8905877e-03   1.4726004e-02   2.7482770e-02   5.1290398e-02   9.5721973e-02   1.7864350e-01   4.0361178e-02   4.1088977e-02   3.4553001e-01
   9.1766682e-03   1.7505431e-03   1.4720862e-02   2.7473173e-02   5.1272488e-02   9.5688548e-02   1.7858112e-01   4.0347085e-02   4.1074629e-02   3.4540935e-01
   9.1766682e-03   1.4460115e-02   3.2669943e-03   2.7473173e-02   5.1272488e-02   9.5688548e-02   1.7858112e-01   4.0347085e-02   4.1074629e-02   3.4540935e-01
   1.6816958e-02   3.2080062e-03   3.2658535e-03   2.7463580e-02   5.1254584e-02   9.5655134e-02   1.7851876e-01   4.0332996e-02   4.1060286e-02   3.4528874e-01
   9.1766682e-03   1.4460115e-02   2.6986548e-02   6.0971088e-03   5.1272488e-02   9.5688548e-02   1.7858112e-01   4.0347085e-02   4.1074629e-02   3.4540935e-01
   1.6816958e-02   3.2080062e-03   2.6977124e-02   6.0949798e-03   5.1254584e-02   9.5655134e-02   1.7851876e-01   4.0332996e-02   4.1060286e-02   3.4528874e-01
   1.6816958e-02   2.6499285e-02   5.9870209e-03   6.0949798e-03   5.1254584e-02   9.5655134e-02   1.7851876e-01   4.0332996e-02   4.1060286e-02   3.4528874e-01
   3.0818382e-02   5.8789207e-03   5.9849303e-03   6.0928515e-03   5.1236686e-02   9.5621732e-02   1.7845642e-01   4.0318912e-02   4.1045948e-02   3.4516817e-01
   9.1766682e-03   1.4460115e-02   2.6986548e-02   5.0364311e-02   1.1378880e-02   9.5688548e-02   1.7858112e-01   4.0347085e-02   4.1074629e-02   3.4540935e-01
   1.6816958e-02   3.2080062e-03   2.6977124e-02   5.0346725e-02   1.1374907e-02   9.5655134e-02   1.7851876e-01   4.0332996e-02   4.1060286e-02   3.4528874e-01
   1.6816958e-02   2.6499285e-02   5.9870209e-03   5.0346725e-02   1.1374907e-02   9.5655134e-02   1.7851876e-01   4.0332996e-02   4.1060286e-02   3.4528874e-01
   3.0818382e-02   5.8789207e-03   5.9849303e-03   5.0329144e-02   1.1370935e-02   9.5621732e-02   1.7845642e-01   4.0318912e-02   4.1045948e-02   3.4516817e-01
   1.6816958e-02   2.6499285e-02   4.9454946e-02   1.1173426e-02   1.1374907e-02   9.5655134e-02   1.7851876e-01   4.0332996e-02   4.1060286e-02   3.4528874e-01
   3.0818382e-02   5.8789207e-03   4.9437676e-02   1.1169524e-02   1.1370935e-02   9.5621732e-02   1.7845642e-01   4.0318912e-02   4.1045948e-02   3.4516817e-01
   3.0818382e-02   4.8561999e-02   1.0971681e-02   1.1169524e-02   1.1370935e-02   9.5621732e-02   1.7845642e-01   4.0318912e-02   4.1045948e-02   3.4516817e-01
   5.6477080e-02   1.0773579e-02   1.0967850e-02   1.1165624e-02   1.1366964e-02   9.5588342e-02   1.7839411e-01   4.0304833e-02   4.1031615e-02   3.4504764e-01
   9.1766682e-03   1.4460115e-02   2.6986548e-02   5.0364311e-02   9.3993641e-02   2.1236116e-02   1.7858112e-01   4.0347085e-02   4.1074629e-02   3.4540935e-01
   1.6816958e-02   3.2080062e-03   2.6977124e-02   5.0346725e-02   9.3960819e-02   2.1228701e-02   1.7851876e-01   4.0332996e-02   4.1060286e-02   3.4528874e-01
   1.6816958e-02   2.6499285e-02   5.9870209e-03   5.0346725e-02   9.3960819e-02   2.1228701e-02   1.7851876e-01   4.0332996e-02   4.1060286e-02   3.4528874e-01
   3.0818382e-02   5.8789207e-03   5.9849303e-03   5.0329144e-02   9.3928009e-02   2.1221288e-02   1.7845642e-01   4.0318912e-02   4.1045948e-02   3.4516817e-01
   1.6816958e-02   2.6499285e-02   4.9454946e-02   1.1173426e-02   9.3960819e-02   2.1228701e-02   1.7851876e-01   4.0332996e-02   4.1060286e-02   3.4528874e-01
   3.0818382e-02   5.8789207e-03   4.9437676e-02   1.1169524e-02   9.3928009e-02   2.1221288e-02   1.7845642e-01   4.0318912e-02   4.1045948e-02   3.4516817e-01
   3.0818382e-02   4.8561999e-02   1.0971681e-02   1.1169524e-02   9.3928009e-02   2.1221288e-02   1.7845642e-01   4.0318912e-02   4.1045948e-02   3.4516817e-01
   5.6477080e-02   1.0773579e-02   1.0967850e-02   1.1165624e-02   9.3895210e-02   2.1213878e-02   1.7839411e-01   4.0304833e-02   4.1031615e-02   3.4504764e-01
   1.6816958e-02   2.6499285e-02   4.9454946e-02   9.2296515e-02   2.0852682e-02   2.1228701e-02   1.7851876e-01   4.0332996e-02   4.1060286e-02   3.4528874e-01
   3.0818382e-02   5.8789207e-03   4.9437676e-02   9.2264285e-02   2.0845400e-02   2.1221288e-02   1.7845642e-01   4.0318912e-02   4.1045948e-02   3.4516817e-01
   3.0818382e-02   4.8561999e-02   1.0971681e-02   9.2264285e-02   2.0845400e-02   2.1221288e-02   1.7845642e-01   4.0318912e-02   4.1045948e-02   3.4516817e-01
   5.6477080e-02   1.0773579e-02   1.0967850e-02   9.2232067e-02   2.0838121e-02   2.1213878e-02   1.7839411e-01   4.0304833e-02   4.1031615e-02   3.4504764e-01
   3.0818382e-02   4.8561999e-02   9.0630031e-02   2.0476171e-02   2.0845400e-02   2.1221288e-02   1.7845642e-01   4.0318912e-02   4.1045948e-02   3.4516817e-01
   5.6477080e-02   1.0773579e-02   9.0598384e-02   2.0469021e-02   2.0838121e-02   2.1213878e-02   1.7839411e-01   4.0304833e-02   4.1031615e-02   3.4504764e-01
   5.6477080e-02   8.8993637e-02   2.0106458e-02   2.0469021e-02   2.0838121e-02   2.1213878e-02   1.7839411e-01   4.0304833e-02   4.1031615e-02   3.4504764e-01
   1.0349864e-01   1.9743421e-02   2.0099437e-02   2.0461873e-02   2.0830845e-02   2.1206470e-02   1.7833181e-01   4.0290759e-02   4.1017287e-02   3.4492715e-01
   9.1766682e-03   1.4460115e-02   2.6986548e-02   5.0364311e-02   9.3993641e-02   1.7541796e-01   3.9632427e-02   4.0347085e-02   4.1074629e-02   3.4540935e-01
   1.6816958e-02   3.2080062e-03   2.6977124e-02   5.0346725e-02   9.3960819e-02   1.7535670e-01   3.9618587e-02   4.0332996e-02   4.1060286e-02   3.4528874e-01
   1.6816958e-02   2.6499285e-02   5.9870209e-03   5.0346725e-02   9.3960819e-02   1.7535670e-01   3.9618587e-02   4.0332996e-02   4.1060286e-02   3.4528874e-01
   3.0818382e-02   5.8789207e-03   5.9849303e-03   5.0329144e-02   9.3928009e-02   1.7529547e-01   3.9604753e-02   4.0318912e-02   4.1045948e-02   3.4516817e-01
   1.6816958e-02   2.6499285e-02   4.9454946e-02   1.1173426e-02   9.3960819e-02   1.7535670e-01   3.9618587e-02   4.0332996e-02   4.1060286e-02   3.4528874e-01
   3.0818382e-02   5.8789207e-03   4.9437676e-02   1.1169524e-02   9.3928009e-02   1.7529547e-01   3.9604753e-02   4.0318912e-02   4.1045948e-02   3.4516817e-01
   3.0818382e-02   4.8561999e-02   1.0971681e-02   1.1169524e-02   9.3928009e-02   1.7529547e-01   3.9604753e-02   4.0318912e-02   4.1045948e-02   3.4516817e-01
   5.6477080e-02   1.0773579e-02   1.0967850e-02   1.1165624e-02   9.3895210e-02   1.7523426e-01   3.9590923e-02   4.0304833e-02   4.1031615e-02   3.4504764e-01
   1.6816958e-02   2.6499285e-02   4.9454946e-02   9.2296515e-02   2.0852682e-02   1.7535670e-01   3.9618587e-02   4.0332996e-02   4.1060286e-02   3.4528874e-01
   3.0818382e-02   5.8789207e-03   4.9437676e-02   9.2264285e-02   2.0845400e-02   1.7529547e-01   3.9604753e-02   4.0318912e-02   4.1045948e-02   3.4516817e-01
   3.0818382e-02   4.8561999e-02   1.0971681e-02   9.2264285e-02   2.0845400e-02   1.7529547e-01   3.9604753e-02   4.0318912e-02   4.1045948e-02   3.4516817e-01
   5.6477080e-02   1.0773579e-02   1.0967850e-02   9.2232067e-02   2.0838121e-02   1.7523426e-01   3.9590923e-02   4.0304833e-02   4.1031615e-02   3.4504764e-01
   3.0818382e-02   4.8561999e-02   9.0630031e-02   2.0476171e-02   2.0845400e-02   1.7529547e-01   3.9604753e-02   4.0318912e-02   4.1045948e-02   3.4516817e-01
   5.6477080e-02   1.0773579e-02   9.0598384e-02   2.0469021e-02   2.0838121e-02   1.7523426e-01   3.9590923e-02   4.0304833e-02   4.1031615e-02   3.4504764e-01
   5.6477080e-02   8.8993637e-02   2.0106458e-02   2.0469021e-02   2.0838121e-02   1.7523426e-01   3.9590923e-02   4.0304833e-02   4.1031615e-02   3.4504764e-01
   1.0349864e-01   1.9743421e-02   2.0099437e-02   2.0461873e-02   2.0830845e-02   1.7517307e-01   3.9577098e-02   4.0290759e-02   4.1017287e-02   3.4492715e-01
   1.6816958e-02   2.6499285e-02   4.9454946e-02   9.2296515e-02   1.7225065e-01   3.8916833e-02   3.9618587e-02   4.0332996e-02   4.1060286e-02   3.4528874e-01
   3.0818382e-02   5.8789207e-03   4.9437676e-02   9.2264285e-02   1.7219050e-01   3.8903244e-02   3.9604753e-02   4.0318912e-02   4.1045948e-02   3.4516817e-01
   3.0818382e-02   4.8561999e-02   1.0971681e-02   9.2264285e-02   1.7219050e-01   3.8903244e-02   3.9604753e-02   4.0318912e-02   4.1045948e-02   3.4516817e-01
   5.6477080e-02   1.0773579e-02   1.0967850e-02   9.2232067e-02   1.7213038e-01   3.8889659e-02   3.9590923e-02   4.0304833e-02   4.1031615e-02   3.4504764e-01
   3.0818382e-02   4.8561999e-02   9.0630031e-02   2.0476171e-02   1.7219050e-01   3.8903244e-02   3.9604753e-02   4.0318912e-02   4.1045948e-02   3.4516817e-01
   5.6477080e-02   1.0773579e-02   9.0598384e-02   2.0469021e-02   1.7213038e-01   3.8889659e-02   3.9590923e-02   4.0304833e-02   4.1031615e-02   3.4504764e-01
   5.6477080e-02   8.8993637e-02   2.0106458e-02   2.0469021e-02   1.7213038e-01   3.8889659e-02   3.9590923e-02   4.0304833e-02   4.1031615e-02   3.4504764e-01
   1.0349864e-01   1.9743421e-02   2.0099437e-02   2.0461873e-02   1.7207027e-01   3.8876079e-02   3.9577098e-02   4.0290759e-02   4.1017287e-02   3.4492715e-01
   3.0818382e-02   4.8561999e-02   9.0630031e-02   1.6914054e-01   3.8214160e-02   3.8903244e-02   3.9604753e-02   4.0318912e-02   4.1045948e-02   3.4516817e-01
   5.6477080e-02   1.0773579e-02   9.0598384e-02   1.6908147e-01   3.8200816e-02   3.8889659e-02   3.9590923e-02   4.0304833e-02   4.1031615e-02   3.4504764e-01
   5.6477080e-02   8.8993637e-02   2.0106458e-02   1.6908147e-01   3.8200816e-02   3.8889659e-02   3.9590923e-02   4.0304833e-02   4.1031615e-02   3.4504764e-01
   1.0349864e-01   1.9743421e-02   2.0099437e-02   1.6902243e-01   3.8187477e-02   3.8876079e-02   3.9577098e-02   4.0290759e-02   4.1017287e-02   3.4492715e-01
   5.6477080e-02   8.8993637e-02   1.6608658e-01   3.7524175e-02   3.8200816e-02   3.8889659e-02   3.9590923e-02   4.0304833e-02   4.1031615e-02   3.4504764e-01
   1.0349864e-01   1.9743421e-02   1.6602858e-01   3.7511072e-02   3.8187477e-02   3.8876079e-02   3.9577098e-02   4.0290759e-02   4.1017287e-02   3.4492715e-01
   1.0349864e-01   1.6308776e-01   3.6846648e-02   3.7511072e-02   3.8187477e-02   3.8876079e-02   3.9577098e-02   4.0290759e-02   4.1017287e-02   3.4492715e-01
   1.8966930e-01   3.6181353e-02   3.6833781e-02   3.7497973e-02   3.8174142e-02   3.8862504e-02   3.9563278e-02   4.0276689e-02   4.1002965e-02   3.4480670e-01
   2.7325004e-03   4.3057316e-03   8.0356780e-03   1.4996783e-02   2.7988116e-02   5.2233514e-02   9.7482086e-02   2.2024266e-02   1.8520891e-01   3.4565071e-01
   5.0075193e-03   9.5523539e-04   8.0328720e-03   1.4991546e-02   2.7978343e-02   5.2215274e-02   9.7448046e-02   2.2016575e-02   1.8514424e-01   3.4553001e-01
   5.0075193e-03   7.8905877e-03   1.7827316e-03   1.4991546e-02   2.7978343e-02   5.2215274e-02   9.7448046e-02   2.2016575e-02   1.8514424e-01   3.4553001e-01
   9.1766682e-03   1.7505431e-03   1.7821091e-03   1.4986311e-02   2.7968573e-02   5.2197041e-02   9.7414018e-02   2.2008887e-02   1.8507959e-01   3.4540935e-01
   5.0075193e-03   7.8905877e-03   1.4726004e-02   3.3270670e-03   2.7978343e-02   5.2215274e-02   9.7448046e-02   2.2016575e-02   1.8514424e-01   3.4553001e-01
   9.1766682e-03   1.7505431e-03   1.4720862e-02   3.3259052e-03   2.7968573e-02   5.2197041e-02   9.7414018e-02   2.2008887e-02   1.8507959e-01   3.4540935e-01
   9.1766682e-03   1.4460115e-02   3.2669943e-03   3.3259052e-03   2.7968573e-02   5.2197041e-02   9.7414018e-02   2.2008887e-02   1.8507959e-01   3.4540935e-01
   1.6816958e-02   3.2080062e-03   3.2658535e-03   3.3247438e-03   2.7958807e-02   5.2178814e-02   9.7380002e-02   2.2001202e-02   1.8501496e-01   3.4528874e-01
   5.0075193e-03   7.8905877e-03   1.4726004e-02   2.7482770e-02   6.2092210e-03   5.2215274e-02   9.7448046e-02   2.2016575e-02   1.8514424e-01   3.4553001e-01
   9.1766682e-03   1.7505431e-03   1.4720862e-02   2.7473173e-02   6.2070528e-03   5.2197041e-02   9.7414018e-02   2.2008887e-02   1.8507959e-01   3.4540935e-01
   9.1766682e-03   1.4460115e-02   3.2669943e-03   2.7473173e-02   6.2070528e-03   5.2197041e-02   9.7414018e-02   2.2008887e-02   1.8507959e-01   3.4540935e-01
   1.6816958e-02   3.2080062e-03   3.2658535e-03   2.7463580e-02   6.2048854e-03   5.2178814e-02   9.7380002e-02   2.2001202e-02   1.8501496e-01   3.4528874e-01
   9.1766682e-03   1.4460115e-02   2.6986548e-02   6.0971088e-03   6.2070528e-03   5.2197041e-02   9.7414018e-02   2.2008887e-02   1.8507959e-01   3.4540935e-01
   1.6816958e-02   3.2080062e-03   2.6977124e-02   6.0949798e-03   6.2048854e-03   5.2178814e-02   9.7380002e-02   2.2001202e-02   1.8501496e-01   3.4528874e-01
   1.6816958e-02   2.6499285e-02   5.9870209e-03   6.0949798e-03   6.2048854e-03   5.2178814e-02   9.7380002e-02   2.2001202e-02   1.8501496e-01   3.4528874e-01
   3.0818382e-02   5.8789207e-03   5.9849303e-03   6.0928515e-03   6.2027187e-03   5.2160594e-02   9.7345998e-02   2.1993519e-02   1.8495035e-01   3.4516817e-01
   5.0075193e-03   7.8905877e-03   1.4726004e-02   2.7482770e-02   5.1290398e-02   1.1588112e-02   9.7448046e-02   2.2016575e-02   1.8514424e-01   3.4553001e-01
   9.1766682e-03   1.7505431e-03   1.4720862e-02   2.7473173e-02   5.1272488e-02   1.1584066e-02   9.7414018e-02   2.2008887e-02   1.8507959e-01   3.4540935e-01
   9.1766682e-03   1.4460115e-02   3.2669943e-03   2.7473173e-02   5.1272488e-02   1.1584066e-02   9.7414018e-02   2.2008887e-02   1.8507959e-01   3.4540935e-01
   1.6816958e-02   3.2080062e-03   3.2658535e-03   2.7463580e-02   5.1254584e-02   1.1580021e-02   9.7380002e-02   2.2001202e-02   1.8501496e-01   3.4528874e-01
   9.1766682e-03   1.4460115e-02   2.6986548e-02   6.0971088e-03   5.1272488e-02   1.1584066e-02   9.7414018e-02   2.2008887e-02   1.8507959e-01   3.4540935e-01
   1.6816958e-02   3.2080062e-03   2.6977124e-02   6.0949798e-03   5.1254584e-02   1.1580021e-02   9.7380002e-02   2.2001202e-02   1.8501496e-01   3.4528874e-01
   1.6816958e-02   2.6499285e-02   5.9870209e-03   6.0949798e-03   5.1254584e-02   1.1580021e-02   9.7380002e-02   2.2001202e-02   1.8501496e-01   3.4528874e-01
   3.0818382e-02   5.8789207e-03   5.9849303e-03   6.0928515e-03   5.1236686e-02   1.1575977e-02   9.7345998e-02   2.1993519e-02   1.8495035e-01   3.4516817e-01
   9.1766682e-03   1.4460115e-02   2.6986548e-02   5.0364311e-02   1.1378880e-02   1.1584066e-02   9.7414018e-02   2.2008887e-02   1.8507959e-01   3.4540935e-01
   1.6816958e-02   3.2080062e-03   2.6977124e-02   5.0346725e-02   1.1374907e-02   1.1580021e-02   9.7380002e-02   2.2001202e-02   1.8501496e-01   3.4528874e-01
   1.6816958e-02   2.6499285e-02   5.9870209e-03   5.0346725e-02   1.1374907e-02   1.1580021e-02   9.7380002e-02   2.2001202e-02   1.8501496e-01   3.4528874e-01
   3.0818382e-02   5.8789207e-03   5.9849303e-03   5.0329144e-02   1.1370935e-02   1.1575977e-02   9.7345998e-02   2.1993519e-02   1.8495035e-01   3.4516817e-01
   1.6816958e-02   2.6499285e-02   4.9454946e-02   1.1173426e-02   1.1374907e-02   1.1580021e-02   9.7380002e-02   2.2001202e-02   1.8501496e-01   3.4528874e-01
   3.0818382e-02   5.8789207e-03   4.9437676e-02   1.1169524e-02   1.1370935e-02   1.1575977e-02   9.7345998e-02   2.1993519e-02   1.8495035e-01   3.4516817e-01
   3.0818382e-02   4.8561999e-02   1.0971681e-02   1.1169524e-02   1.1370935e-02   1.1575977e-02   9.7345998e-02   2.1993519e-02   1.8495035e-01   3.4516817e-01
   5.6477080e-02   1.0773579e-02   1.0967850e-02   1.1165624e-02   1.1366964e-02   1.1571935e-02   9.7312005e-02   2.1985839e-02   1.8488577e-01   3.4504764e-01
   5.0075193e-03   7.8905877e-03   1.4726004e-02   2.7482770e-02   5.1290398e-02   9.5721973e-02   2.1626601e-02   2.2016575e-02   1.8514424e-01   3.4553001e-01
   9.1766682e-03   1.7505431e-03   1.4720862e-02   2.7473173e-02   5.1272488e-02   9.5688548e-02   2.1619049e-02   2.2008887e-02   1.8507959e-01   3.4540935e-01
   9.1766682e-03   1.4460115e-02   3.2669943e-03   2.7473173e-02   5.1272488e-02   9.5688548e-02   2.1619049e-02   2.2008887e-02   1.8507959e-01   3.4540935e-01
   1.6816958e-02   3.2080062e-03   3.2658535e-03   2.7463580e-02   5.1254584e-02   9.5655134e-02   2.1611500e-02   2.2001202e-02   1.8501496e-01   3.4528874e-01
   9.1766682e-03   1.4460115e-02   2.6986548e-02   6.0971088e-03   5.1272488e-02   9.5688548e-02   2.1619049e-02   2.2008887e-02   1.8507959e-01   3.4540935e-01
   1.6816958e-02   3.2080062e-03   2.6977124e-02   6.0949798e-03   5.1254584e-02   9.5655134e-02   2.1611500e-02   2.2001202e-02   1.8501496e-01   3.4528874e-01
   1.6816958e-02   2.6499285e-02   5.9870209e-03   6.0949798e-03   5.1254584e-02   9.5655134e-02   2.1611500e-02   2.2001202e-02   1.8501496e-01   3.4528874e-01
   3.0818382e-02   5.8789207e-03   5.9849303e-03   6.0928515e-03   5.1236686e-02   9.5621732e-02   2.1603953e-02   2.1993519e-02   1.8495035e-01   3.4516817e-01
   9.1766682e-03   1.4460115e-02   2.6986548e-02   5.0364311e-02   1.1378880e-02   9.5688548e-02   2.1619049e-02   2.2008887e-02   1.8507959e-01   3.4540935e-01
   1.6816958e-02   3.2080062e-03   2.6977124e-02   5.0346725e-02   1.1374907e-02   9.5655134e-02   2.1611500e-02   2.2001202e-02   1.8501496e-01   3.4528874e-01
   1.6816958e-02   2.6499285e-02   5.9870209e-03   5.0346725e-02   1.1374907e-02   9.5655134e-02   2.1611500e-02   2.2001202e-02   1.8501496e-01   3.4528874e-01
   3.0818382e-02   5.8789207e-03   5.9849303e-03   5.0329144e-02   1.1370935e-02   9.5621732e-02   2.1603953e-02   2.1993519e-02   1.8495035e-01   3.4516817e-01
   1.6816958e-02   2.6499285e-02   4.9454946e-02   1.1173426e-02   1.1374907e-02   9.5655134e-02   2.1611500e-02   2.2001202e-02   1.8501496e-01   3.4528874e-01
   3.0818382e-02   5.8789207e-03   4.9437676e-02   1.1169524e-02   1.1370935e-02   9.5621732e-02   2.1603953e-02   2.1993519e-02   1.8495035e-01   3.4516817e-01
   3.0818382e-02   4.8561999e-02   1.0971681e-02   1.1169524e-02   1.1370935e-02   9.5621732e-02   2.1603953e-02   2.1993519e-02   1.8495035e-01   3.4516817e-01
   5.6477080e-02   1.0773579e-02   1.0967850e-02   1.1165624e-02   1.1366964e-02   9.5588342e-02   2.1596409e-02   2.1985839e-02   1.8488577e-01   3.4504764e-01
   9.1766682e-03   1.4460115e-02   2.6986548e-02   5.0364311e-02   9.3993641e-02   2.1236116e-02   2.1619049e-02   2.2008887e-02   1.8507959e-01   3.4540935e-01
   1.6816958e-02   3.2080062e-03   2.6977124e-02   5.0346725e-02   9.3960819e-02   2.1228701e-02   2.1611500e-02   2.2001202e-02   1.8501496e-01   3.4528874e-01
   1.6816958e-02   2.6499285e-02   5.9870209e-03   5.0346725e-02   9.3960819e-02   2.1228701e-02   2.1611500e-02   2.2001202e-02   1.8501496e-01   3.4528874e-01
   3.0818382e-02   5.8789207e-03   5.9849303e-03   5.0329144e-02   9.3928009e-02   2.1221288e-02   2.1603953e-02   2.1993519e-02   1.8495035e-01   3.4516817e-01
   1.6816958e-02   2.6499285e-02   4.9454946e-02   1.1173426e-02   9.3960819e-02   2.1228701e-02   2.1611500e-02   2.2001202e-02   1.8501496e-01   3.4528874e-01
   3.0818382e-02   5.8789207e-03   4.9437676e-02   1.1169524e-02   9.3928009e-02   2.1221288e-02   2.1603953e-02   2.1993519e-02   1.8495035e-01   3.4516817e-01
   3.0818382e-02   4.8561999e-02   1.0971681e-02   1.1169524e-02   9.3928009e-02   2.1221288e-02   2.1603953e-02   2.1993519e-02   1.8495035e-01   3.4516817e-01
   5.6477080e-02   1.0773579e-02   1.0967850e-02   1.1165624e-02   9.3895210e-02   2.1213878e-02   2.1596409e-02   2.1985839e-02   1.8488577e-01   3.4504764e-01
   1.6816958e-02   2.6499285e-02   4.9454946e-02   9.2296515e-02   2.0852682e-02   2.1228701e-02   2.1611500e-02   2.2001202e-02   1.8501496e-01   3.4528874e-01
   3.0818382e-02   5.8789207e-03   4.9437676e-02   9.2264285e-02   2.0845400e-02   2.1221288e-02   2.1603953e-02   2.1993519e-02   1.8495035e-01   3.4516817e-01
   3.0818382e-02   4.8561999e-02   1.0971681e-02   9.2264285e-02   2.0845400e-02   2.1221288e-02   2.1603953e-02   2.1993519e-02   1.8495035e-01   3.4516817e-01
   5.6477080e-02   1.0773579e-02   1.0967850e-02   9.2232067e-02   2.0838121e-02   2.1213878e-02   2.1596409e-02   2.1985839e-02   1.8488577e-01   3.4504764e-01
   3.0818382e-02   4.8561999e-02   9.0630031e-02   2.0476171e-02   2.0845400e-02   2.1221288e-02   2.1603953e-02   2.1993519e-02   1.8495035e-01   3.4516817e-01
   5.6477080e-02   1.0773579e-02   9.0598384e-02   2.0469021e-02   2.0838121e-02   2.1213878e-02   2.1596409e-02   2.1985839e-02   1.8488577e-01   3.4504764e-01
   5.6477080e-02   8.8993637e-02   2.0106458e-02   2.0469021e-02   2.0838121e-02   2.1213878e-02   2.1596409e-02   2.1985839e-02   1.8488577e-01   3.4504764e-01
   1.0349864e-01   1.9743421e-02   2.0099437e-02   2.0461873e-02   2.0830845e-02   2.1206470e-02   2.1588868e-02   2.1978162e-02   1.8482121e-01   3.4492715e-01
   2.7325004e-03   4.3057316e-03   8.0356780e-03   1.4996783e-02   2.7988116e-02   5.2233514e-02   1.1801192e-02   9.9239898e-02   1.8520891e-01   3.4565071e-01
   5.0075193e-03   9.5523539e-04   8.0328720e-03   1.4991546e-02   2.7978343e-02   5.2215274e-02   1.1797071e-02   9.9205244e-02   1.8514424e-01   3.4553001e-01
   5.0075193e-03   7.8905877e-03   1.7827316e-03   1.4991546e-02   2.7978343e-02   5.2215274e-02   1.1797071e-02   9.9205244e-02   1.8514424e-01   3.4553001e-01
   9.1766682e-03   1.7505431e-03   1.7821091e-03   1.4986311e-02   2.7968573e-02   5.2197041e-02   1.1792951e-02   9.9170602e-02   1.8507959e-01   3.4540935e-01
   5.0075193e-03   7.8905877e-03   1.4726004e-02   3.3270670e-03   2.7978343e-02   5.2215274e-02   1.1797071e-02   9.9205244e-02   1.8514424e-01   3.4553001e-01
   9.1766682e-03   1.7505431e-03   1.4720862e-02   3.3259052e-03   2.7968573e-02   5.2197041e-02   1.1792951e-02   9.9170602e-02   1.8507959e-01   3.4540935e-01
   9.1766682e-03   1.4460115e-02   3.2669943e-03   3.3259052e-03   2.7968573e-02   5.2197041e-02   1.1792951e-02   9.9170602e-02   1.8507959e-01   3.4540935e-01
   1.6816958e-02   3.2080062e-03   3.2658535e-03   3.3247438e-03   2.7958807e-02   5.2178814e-02   1.1788833e-02   9.9135973e-02   1.8501496e-01   3.4528874e-01
   5.0075193e-03   7.8905877e-03   1.4726004e-02   2.7482770e-02   6.2092210e-03   5.2215274e-02   1.1797071e-02   9.9205244e-02   1.8514424e-01   3.4553001e-01
   9.1766682e-03   1.7505431e-03   1.4720862e-02   2.7473173e-02   6.2070528e-03   5.2197041e-02   1.1792951e-02   9.9170602e-02   1.8507959e-01   3.4540935e-01
   9.1766682e-03   1.4460115e-02   3.2669943e-03   2.7473173e-02   6.2070528e-03   5.2197041e-02   1.1792951e-02   9.9170602e-02   1.8507959e-01   3.4540935e-01
   1.6816958e-02   3.2080062e-03   3.2658535e-03   2.7463580e-02   6.2048854e-03   5.2178814e-02   1.1788833e-02   9.9135973e-02   1.8501496e-01   3.4528874e-01
   9.1766682e-03   1.4460115e-02   2.6986548e-02   6.0971088e-03   6.2070528e-03   5.2197041e-02   1.1792951e-02   9.9170602e-02   1.8507959e-01   3.4540935e-01
   1.6816958e-02   3.2080062e-03   2.6977124e-02   6.0949798e-03   6.2048854e-03   5.2178814e-02   1.1788833e-02   9.9135973e-02   1.8501496e-01   3.4528874e-01
   1.6816958e-02   2.6499285e-02   5.9870209e-03   6.0949798e-03   6.2048854e-03   5.2178814e-02   1.1788833e-02   9.9135973e-02   1.8501496e-01   3.4528874e-01
   3.0818382e-02   5.8789207e-03   5.9849303e-03   6.0928515e-03   6.2027187e-03   5.2160594e-02   1.1784717e-02   9.9101355e-02   1.8495035e-01   3.4516817e-01
   5.0075193e-03   7.8905877e-03   1.4726004e-02   2.7482770e-02   5.1290398e-02   1.1588112e-02   1.1797071e-02   9.9205244e-02   1.8514424e-01   3.4553001e-01
   9.1766682e-03   1.7505431e-03   1.4720862e-02   2.7473173e-02   5.1272488e-02   1.1584066e-02   1.1792951e-02   9.9170602e-02   1.8507959e-01   3.4540935e-01
   9.1766682e-03   1.4460115e-02   3.2669943e-03   2.7473173e-02   5.1272488e-02   1.1584066e-02   1.1792951e-02   9.9170602e-02   1.8507959e-01   3.4540935e-01
   1.6816958e-02   3.2080062e-03   3.2658535e-03   2.7463580e-02   5.1254584e-02   1.1580021e-02   1.1788833e-02   9.9135973e-02   1.8501496e-01   3.4528874e-01
   9.1766682e-03   1.4460115e-02   2.6986548e-02   6.0971088e-03   5.1272488e-02   1.1584066e-02   1.1792951e-02   9.9170602e-02   1.8507959e-01   3.4540935e-01
   1.6816958e-02   3.2080062e-03   2.6977124e-02   6.0949798e-03   5.1254584e-02   1.1580021e-02   1.1788833e-02   9.9135973e-02   1.8501496e-01   3.4528874e-01
   1.6816958e-02   2.6499285e-02   5.9870209e-03   6.0949798e-03   5.1254584e-02   1.1580021e-02   1.1788833e-02   9.9135973e-02   1.8501496e-01   3.4528874e-01
   3.0818382e-02   5.8789207e-03   5.9849303e-03   6.0928515e-03   5.1236686e-02   1.1575977e-02   1.1784717e-02   9.9101355e-02   1.8495035e-01   3.4516817e-01
   9.1766682e-03   1.4460115e-02   2.6986548e-02   5.0364311e-02   1.1378880e-02   1.1584066e-02   1.1792951e-02   9.9170602e-02   1.8507959e-01   3.4540935e-01
   1.6816958e-02   3.2080062e-03   2.6977124e-02   5.0346725e-02   1.1374907e-02   1.1580021e-02   1.1788833e-02   9.9135973e-02   1.8501496e-01   3.4528874e-01
   1.6816958e-02   2.6499285e-02   5.9870209e-03   5.0346725e-02   1.1374907e-02   1.1580021e-02   1.1788833e-02   9.9135973e-02   1.8501496e-01   3.4528874e-01
   3.0818382e-02   5.8789207e-03   5.9849303e-03   5.0329144e-02   1.1370935e-02   1.1575977e-02   1.1784717e-02   9.9101355e-02   1.8495035e-01   3.4516817e-01
   1.6816958e-02   2.6499285e-02   4.9454946e-02   1.1173426e-02   1.1374907e-02   1.1580021e-02   1.1788833e-02   9.9135973e-02   1.8501496e-01   3.4528874e-01
   3.0818382e-02   5.8789207e-03   4.9437676e-02   1.1169524e-02   1.1370935e-02   1.1575977e-02   1.1784717e-02   9.9101355e-02   1.8495035e-01   3.4516817e-01
   3.0818382e-02   4.8561999e-02   1.0971681e-02   1.1169524e-02   1.1370935e-02   1.1575977e-02   1.1784717e-02   9.9101355e-02   1.8495035e-01   3.4516817e-01
   5.6477080e-02   1.0773579e-02   1.0967850e-02   1.1165624e-02   1.1366964e-02   1.1571935e-02   1.1780602e-02   9.9066750e-02   1.8488577e-01   3.4504764e-01
   2.7325004e-03   4.3057316e-03   8.0356780e-03   1.4996783e-02   2.7988116e-02   6.3233947e-03   5.3175396e-02   9.9239898e-02   1.8520891e-01   3.4565071e-01
   5.0075193e-03   9.5523539e-04   8.0328720e-03   1.4991546e-02   2.7978343e-02   6.3211866e-03   5.3156828e-02   9.9205244e-02   1.8514424e-01   3.4553001e-01
   5.0075193e-03   7.8905877e-03   1.7827316e-03   1.4991546e-02   2.7978343e-02   6.3211866e-03   5.3156828e-02   9.9205244e-02   1.8514424e-01   3.4553001e-01
   9.1766682e-03   1.7505431e-03   1.7821091e-03   1.4986311e-02   2.7968573e-02   6.3189793e-03   5.3138266e-02   9.9170602e-02   1.8507959e-01   3.4540935e-01
   5.0075193e-03   7.8905877e-03   1.4726004e-02   3.3270670e-03   2.7978343e-02   6.3211866e-03   5.3156828e-02   9.9205244e-02   1.8514424e-01   3.4553001e-01
   9.1766682e-03   1.7505431e-03   1.4720862e-02   3.3259052e-03   2.7968573e-02   6.3189793e-03   5.3138266e-02   9.9170602e-02   1.8507959e-01   3.4540935e-01
   9.1766682e-03   1.4460115e-02   3.2669943e-03   3.3259052e-03   2.7968573e-02   6.3189793e-03   5.3138266e-02   9.9170602e-02   1.8507959e-01   3.4540935e-01
   1.6816958e-02   3.2080062e-03   3.2658535e-03   3.3247438e-03   2.7958807e-02   6.3167728e-03   5.3119710e-02   9.9135973e-02   1.8501496e-01   3.4528874e-01
   5.0075193e-03   7.8905877e-03   1.4726004e-02   2.7482770e-02   6.2092210e-03   6.3211866e-03   5.3156828e-02   9.9205244e-02   1.8514424e-01   3.4553001e-01
   9.1766682e-03   1.7505431e-03   1.4720862e-02   2.7473173e-02   6.2070528e-03   6.3189793e-03   5.3138266e-02   9.9170602e-02   1.8507959e-01   3.4540935e-01
   9.1766682e-03   1.4460115e-02   3.2669943e-03   2.7473173e-02   6.2070528e-03   6.3189793e-03   5.3138266e-02   9.9170602e-02   1.8507959e-01   3.4540935e-01
   1.6816958e-02   3.2080062e-03   3.2658535e-03   2.7463580e-02   6.2048854e-03   6.3167728e-03   5.3119710e-02   9.9135973e-02   1.8501496e-01   3.4528874e-01
   9.1766682e-03   1.4460115e-02   2.6986548e-02   6.0971088e-03   6.2070528e-03   6.3189793e-03   5.3138266e-02   9.9170602e-02   1.8507959e-01   3.4540935e-01
   1.6816958e-02   3.2080062e-03   2.6977124e-02   6.0949798e-03   6.2048854e-03   6.3167728e-03   5.3119710e-02   9.9135973e-02   1.8501496e-01   3.4528874e-01
   1.6816958e-02   2.6499285e-02   5.9870209e-03   6.0949798e-03   6.2048854e-03   6.3167728e-03   5.3119710e-02   9.9135973e-02   1.8501496e-01   3.4528874e-01
   3.0818382e-02   5.8789207e-03   5.9849303e-03   6.0928515e-03   6.2027187e-03   6.3145670e-03   5.3101161e-02   9.9101355e-02   1.8495035e-01   3.4516817e-01
   2.7325004e-03   4.3057316e-03   8.0356780e-03   1.4996783e-02   3.3882443e-03   2.8492802e-02   5.3175396e-02   9.9239898e-02   1.8520891e-01   3.4565071e-01
   5.0075193e-03   9.5523539e-04   8.0328720e-03   1.4991546e-02   3.3870612e-03   2.8482853e-02   5.3156828e-02   9.9205244e-02   1.8514424e-01   3.4553001e-01
   5.0075193e-03   7.8905877e-03   1.7827316e-03   1.4991546e-02   3.3870612e-03   2.8482853e-02   5.3156828e-02   9.9205244e-02   1.8514424e-01   3.4553001e-01
   9.1766682e-03   1.7505431e-03   1.7821091e-03   1.4986311e-02   3.3858784e-03   2.8472907e-02   5.3138266e-02   9.9170602e-02   1.8507959e-01   3.4540935e-01
   5.0075193e-03   7.8905877e-03   1.4726004e-02   3.3270670e-03   3.3870612e-03   2.8482853e-02   5.3156828e-02   9.9205244e-02   1.8514424e-01   3.4553001e-01
   9.1766682e-03   1.7505431e-03   1.4720862e-02   3.3259052e-03   3.3858784e-03   2.8472907e-02   5.3138266e-02   9.9170602e-02   1.8507959e-01   3.4540935e-01
   9.1766682e-03   1.4460115e-02   3.2669943e-03   3.3259052e-03   3.3858784e-03   2.8472907e-02   5.3138266e-02   9.9170602e-02   1.8507959e-01   3.4540935e-01
   1.6816958e-02   3.2080062e-03   3.2658535e-03   3.3247438e-03   3.3846961e-03   2.8462964e-02   5.3119710e-02   9.9135973e-02   1.8501496e-01   3.4528874e-01
   2.7325004e-03   4.3057316e-03   8.0356780e-03   1.8155121e-03   1.5267207e-02   2.8492802e-02   5.3175396e-02   9.9239898e-02   1.8520891e-01   3.4565071e-01
   5.0075193e-03   9.5523539e-04   8.0328720e-03   1.8148781e-03   1.5261876e-02   2.8482853e-02   5.3156828e-02   9.9205244e-02   1.8514424e-01   3.4553001e-01
   5.0075193e-03   7.8905877e-03   1.7827316e-03   1.8148781e-03   1.5261876e-02   2.8482853e-02   5.3156828e-02   9.9205244e-02   1.8514424e-01   3.4553001e-01
   9.1766682e-03   1.7505431e-03   1.7821091e-03   1.8142444e-03   1.5256546e-02   2.8472907e-02   5.3138266e-02   9.9170602e-02   1.8507959e-01   3.4540935e-01
   2.7325004e-03   4.3057316e-03   9.7280003e-04   8.1805785e-03   1.5267207e-02   2.8492802e-02   5.3175396e-02   9.9239898e-02   1.8520891e-01   3.4565071e-01
   5.0075193e-03   9.5523539e-04   9.7246033e-04   8.1777219e-03   1.5261876e-02   2.8482853e-02   5.3156828e-02   9.9205244e-02   1.8514424e-01   3.4553001e-01
   2.7325004e-03   5.2125232e-04   4.3833732e-03   8.1805785e-03   1.5267207e-02   2.8492802e-02   5.3175396e-02   9.9239898e-02   1.8520891e-01   3.4565071e-01
   1.4910693e-03   2.3495492e-03   4.3849043e-03   8.1834361e-03   1.5272540e-02   2.8502755e-02   5.3193971e-02   9.9274564e-02   1.8527361e-01   3.4577145e-01
