   4.4535110e-04   4.9494120e-05   7.8328918e-05   1.2396259e-04   1.9618201e-04   3.1047575e-04   4.9135594e-04   7.7761518e-04   9.9639397e-02   1.4188894e+00
   4.9494120e-05   4.4535110e-04   7.8328918e-05   1.2396259e-04   1.9618201e-04   3.1047575e-04   4.9135594e-04   7.7761518e-04   9.9639397e-02   1.4188894e+00
   4.9494120e-05   5.5005319e-06   7.0480837e-04   1.2396259e-04   1.9618201e-04   3.1047575e-04   4.9135594e-04   7.7761518e-04   9.9639397e-02   1.4188894e+00
   5.5005319e-06   4.9494120e-05   7.0480837e-04   1.2396259e-04   1.9618201e-04   3.1047575e-04   4.9135594e-04   7.7761518e-04   9.9639397e-02   1.4188894e+00
   4.9494120e-05   5.5005319e-06   8.7050888e-06   1.1154229e-03   1.9618201e-04   3.1047575e-04   4.9135594e-04   7.7761518e-04   9.9639397e-02   1.4188894e+00
   5.5005319e-06   4.9494120e-05   8.7050888e-06   1.1154229e-03   1.9618201e-04   3.1047575e-04   4.9135594e-04   7.7761518e-04   9.9639397e-02   1.4188894e+00
   5.5005319e-06   6.1130193e-07   7.8328918e-05   1.1154229e-03   1.9618201e-04   3.1047575e-04   4.9135594e-04   7.7761518e-04   9.9639397e-02   1.4188894e+00
   6.1130193e-07   5.5005319e-06   7.8328918e-05   1.1154229e-03   1.9618201e-04   3.1047575e-04   4.9135594e-04   7.7761518e-04   9.9639397e-02   1.4188894e+00
   4.9494120e-05   5.5005319e-06   8.7050888e-06   1.3776590e-05   1.7652576e-03   3.1047575e-04   4.9135594e-04   7.7761518e-04   9.9639397e-02   1.4188894e+00
   5.5005319e-06   4.9494120e-05   8.7050888e-06   1.3776590e-05   1.7652576e-03   3.1047575e-04   4.9135594e-04   7.7761518e-04   9.9639397e-02   1.4188894e+00
   5.5005319e-06   6.1130193e-07   7.8328918e-05   1.3776590e-05   1.7652576e-03   3.1047575e-04   4.9135594e-04   7.7761518e-04   9.9639397e-02   1.4188894e+00
   6.1130193e-07   5.5005319e-06   7.8328918e-05   1.3776590e-05   1.7652576e-03   3.1047575e-04   4.9135594e-04   7.7761518e-04   9.9639397e-02   1.4188894e+00
   5.5005319e-06   6.1130193e-07   9.6744055e-07   1.2396259e-04   1.7652576e-03   3.1047575e-04   4.9135594e-04   7.7761518e-04   9.9639397e-02   1.4188894e+00
   6.1130193e-07   5.5005319e-06   9.6744055e-07   1.2396259e-04   1.7652576e-03   3.1047575e-04   4.9135594e-04   7.7761518e-04   9.9639397e-02   1.4188894e+00
   6.1130193e-07   6.7937075e-08   8.7050888e-06   1.2396259e-04   1.7652576e-03   3.1047575e-04   4.9135594e-04   7.7761518e-04   9.9639397e-02   1.4188894e+00
   6.7937075e-08   6.1130193e-07   8.7050888e-06   1.2396259e-04   1.7652576e-03   3.1047575e-04   4.9135594e-04   7.7761518e-04   9.9639397e-02   1.4188894e+00
   4.9494120e-05   5.5005319e-06   8.7050888e-06   1.3776590e-05   2.1802698e-05   2.7936797e-03   4.9135594e-04   7.7761518e-04   9.9639397e-02   1.4188894e+00
   5.5005319e-06   4.9494120e-05   8.7050888e-06   1.3776590e-05   2.1802698e-05   2.7936797e-03   4.9135594e-04   7.7761518e-04   9.9639397e-02   1.4188894e+00
   5.5005319e-06   6.1130193e-07   7.8328918e-05   1.3776590e-05   2.1802698e-05   2.7936797e-03   4.9135594e-04   7.7761518e-04   9.9639397e-02   1.4188894e+00
   6.1130193e-07   5.5005319e-06   7.8328918e-05   1.3776590e-05   2.1802698e-05   2.7936797e-03   4.9135594e-04   7.7761518e-04   9.9639397e-02   1.4188894e+00
   5.5005319e-06   6.1130193e-07   9.6744055e-07   1.2396259e-04   2.1802698e-05   2.7936797e-03   4.9135594e-04   7.7761518e-04   9.9639397e-02   1.4188894e+00
   6.1130193e-07   5.5005319e-06   9.6744055e-07   1.2396259e-04   2.1802698e-05   2.7936797e-03   4.9135594e-04   7.7761518e-04   9.9639397e-02   1.4188894e+00
   6.1130193e-07   6.7937075e-08   8.7050888e-06   1.2396259e-04   2.1802698e-05   2.7936797e-03   4.9135594e-04   7.7761518e-04   9.9639397e-02   1.4188894e+00
   6.7937075e-08   6.1130193e-07   8.7050888e-06   1.2396259e-04   2.1802698e-05   2.7936797e-03   4.9135594e-04   7.7761518e-04   9.9639397e-02   1.4188894e+00
   5.5005319e-06   6.1130193e-07   9.6744055e-07   1.5310621e-06   1.9618201e-04   2.7936797e-03   4.9135594e-04   7.7761518e-04   9.9639397e-02   1.4188894e+00
   6.1130193e-07   5.5005319e-06   9.6744055e-07   1.5310621e-06   1.9618201e-04   2.7936797e-03   4.9135594e-04   7.7761518e-04   9.9639397e-02   1.4188894e+00
   6.1130193e-07   6.7937075e-08   8.7050888e-06   1.5310621e-06   1.9618201e-04   2.7936797e-03   4.9135594e-04   7.7761518e-04   9.9639397e-02   1.4188894e+00
   6.7937075e-08   6.1130193e-07   8.7050888e-06   1.5310621e-06   1.9618201e-04   2.7936797e-03   4.9135594e-04   7.7761518e-04   9.9639397e-02   1.4188894e+00
   6.1130193e-07   6.7937075e-08   1.0751656e-07   1.3776590e-05   1.9618201e-04   2.7936797e-03   4.9135594e-04   7.7761518e-04   9.9639397e-02   1.4188894e+00
   6.7937075e-08   6.1130193e-07   1.0751656e-07   1.3776590e-05   1.9618201e-04   2.7936797e-03   4.9135594e-04   7.7761518e-04   9.9639397e-02   1.4188894e+00
   6.7937075e-08   7.5501907e-09   9.6744055e-07   1.3776590e-05   1.9618201e-04   2.7936797e-03   4.9135594e-04   7.7761518e-04   9.9639397e-02   1.4188894e+00
   7.5501907e-09   6.7937075e-08   9.6744055e-07   1.3776590e-05   1.9618201e-04   2.7936797e-03   4.9135594e-04   7.7761518e-04   9.9639397e-02   1.4188894e+00
   4.9494120e-05   5.5005319e-06   8.7050888e-06   1.3776590e-05   2.1802698e-05   3.4504741e-05   4.4212506e-03   7.7761518e-04   9.9639397e-02   1.4188894e+00
   5.5005319e-06   4.9494120e-05   8.7050888e-06   1.3776590e-05   2.1802698e-05   3.4504741e-05   4.4212506e-03   7.7761518e-04   9.9639397e-02   1.4188894e+00
   5.5005319e-06   6.1130193e-07   7.8328918e-05   1.3776590e-05   2.1802698e-05   3.4504741e-05   4.4212506e-03   7.7761518e-04   9.9639397e-02   1.4188894e+00
   6.1130193e-07   5.5005319e-06   7.8328918e-05   1.3776590e-05   2.1802698e-05   3.4504741e-05   4.4212506e-03   7.7761518e-04   9.9639397e-02   1.4188894e+00
   5.5005319e-06   6.1130193e-07   9.6744055e-07   1.2396259e-04   2.1802698e-05   3.4504741e-05   4.4212506e-03   7.7761518e-04   9.9639397e-02   1.4188894e+00
   6.1130193e-07   5.5005319e-06   9.6744055e-07   1.2396259e-04   2.1802698e-05   3.4504741e-05   4.4212506e-03   7.7761518e-04   9.9639397e-02   1.4188894e+00
   6.1130193e-07   6.7937075e-08   8.7050888e-06   1.2396259e-04   2.1802698e-05   3.4504741e-05   4.4212506e-03   7.7761518e-04   9.9639397e-02   1.4188894e+00
   6.7937075e-08   6.1130193e-07   8.7050888e-06   1.2396259e-04   2.1802698e-05   3.4504741e-05   4.4212506e-03   7.7761518e-04   9.9639397e-02   1.4188894e+00
   5.5005319e-06   6.1130193e-07   9.6744055e-07   1.5310621e-06   1.9618201e-04   3.4504741e-05   4.4212506e-03   7.7761518e-04   9.9639397e-02   1.4188894e+00
   6.1130193e-07   5.5005319e-06   9.6744055e-07   1.5310621e-06   1.9618201e-04   3.4504741e-05   4.4212506e-03   7.7761518e-04   9.9639397e-02   1.4188894e+00
   6.1130193e-07   6.7937075e-08   8.7050888e-06   1.5310621e-06   1.9618201e-04   3.4504741e-05   4.4212506e-03   7.7761518e-04   9.9639397e-02   1.4188894e+00
   6.7937075e-08   6.1130193e-07   8.7050888e-06   1.5310621e-06   1.9618201e-04   3.4504741e-05   4.4212506e-03   7.7761518e-04   9.9639397e-02   1.4188894e+00
   6.1130193e-07   6.7937075e-08   1.0751656e-07   1.3776590e-05   1.9618201e-04   3.4504741e-05   4.4212506e-03   7.7761518e-04   9.9639397e-02   1.4188894e+00
   6.7937075e-08   6.1130193e-07   1.0751656e-07   1.3776590e-05   1.9618201e-04   3.4504741e-05   4.4212506e-03   7.7761518e-04   9.9639397e-02   1.4188894e+00
   6.7937075e-08   7.5501907e-09   9.6744055e-07   1.3776590e-05   1.9618201e-04   3.4504741e-05   4.4212506e-03   7.7761518e-04   9.9639397e-02   1.4188894e+00
   7.5501907e-09   6.7937075e-08   9.6744055e-07   1.3776590e-05   1.9618201e-04   3.4504741e-05   4.4212506e-03   7.7761518e-04   9.9639397e-02   1.4188894e+00
   5.5005319e-06   6.1130193e-07   9.6744055e-07   1.5310621e-06   2.4230441e-06   3.1047575e-04   4.4212506e-03   7.7761518e-04   9.9639397e-02   1.4188894e+00
   6.1130193e-07   5.5005319e-06   9.6744055e-07   1.5310621e-06   2.4230441e-06   3.1047575e-04   4.4212506e-03   7.7761518e-04   9.9639397e-02   1.4188894e+00
   6.1130193e-07   6.7937075e-08   8.7050888e-06   1.5310621e-06   2.4230441e-06   3.1047575e-04   4.4212506e-03   7.7761518e-04   9.9639397e-02   1.4188894e+00
   6.7937075e-08   6.1130193e-07   8.7050888e-06   1.5310621e-06   2.4230441e-06   3.1047575e-04   4.4212506e-03   7.7761518e-04   9.9639397e-02   1.4188894e+00
   6.1130193e-07   6.7937075e-08   1.0751656e-07   1.3776590e-05   2.4230441e-06   3.1047575e-04   4.4212506e-03   7.7761518e-04   9.9639397e-02   1.4188894e+00
   6.7937075e-08   6.1130193e-07   1.0751656e-07   1.3776590e-05   2.4230441e-06   3.1047575e-04   4.4212506e-03   7.7761518e-04   9.9639397e-02   1.4188894e+00
   6.7937075e-08   7.5501907e-09   9.6744055e-07   1.3776590e-05   2.4230441e-06   3.1047575e-04   4.4212506e-03   7.7761518e-04   9.9639397e-02   1.4188894e+00
   7.5501907e-09   6.7937075e-08   9.6744055e-07   1.3776590e-05   2.4230441e-06   3.1047575e-04   4.4212506e-03   7.7761518e-04   9.9639397e-02   1.4188894e+00
   6.1130193e-07   6.7937075e-08   1.0751656e-07   1.7015467e-07   2.1802698e-05   3.1047575e-04   4.4212506e-03   7.7761518e-04   9.9639397e-02   1.4188894e+00
   6.7937075e-08   6.1130193e-07   1.0751656e-07   1.7015467e-07   2.1802698e-05   3.1047575e-04   4.4212506e-03   7.7761518e-04   9.9639397e-02   1.4188894e+00
   6.7937075e-08   7.5501907e-09   9.6744055e-07   1.7015467e-07   2.1802698e-05   3.1047575e-04   4.4212506e-03   7.7761518e-04   9.9639397e-02   1.4188894e+00
   7.5501907e-09   6.7937075e-08   9.6744055e-07   1.7015467e-07   2.1802698e-05   3.1047575e-04   4.4212506e-03   7.7761518e-04   9.9639397e-02   1.4188894e+00
   6.7937075e-08   7.5501907e-09   1.1948859e-08   1.5310621e-06   2.1802698e-05   3.1047575e-04   4.4212506e-03   7.7761518e-04   9.9639397e-02   1.4188894e+00
   7.5501907e-09   6.7937075e-08   1.1948859e-08   1.5310621e-06   2.1802698e-05   3.1047575e-04   4.4212506e-03   7.7761518e-04   9.9639397e-02   1.4188894e+00
   7.5501907e-09   8.3909088e-10   1.0751656e-07   1.5310621e-06   2.1802698e-05   3.1047575e-04   4.4212506e-03   7.7761518e-04   9.9639397e-02   1.4188894e+00
   8.3909088e-10   7.5501907e-09   1.0751656e-07   1.5310621e-06   2.1802698e-05   3.1047575e-04   4.4212506e-03   7.7761518e-04   9.9639397e-02   1.4188894e+00
   4.9494120e-05   5.5005319e-06   8.7050888e-06   1.3776590e-05   2.1802698e-05   3.4504741e-05   5.4606870e-05   6.9970286e-03   9.9639397e-02   1.4188894e+00
   5.5005319e-06   4.9494120e-05   8.7050888e-06   1.3776590e-05   2.1802698e-05   3.4504741e-05   5.4606870e-05   6.9970286e-03   9.9639397e-02   1.4188894e+00
   5.5005319e-06   6.1130193e-07   7.8328918e-05   1.3776590e-05   2.1802698e-05   3.4504741e-05   5.4606870e-05   6.9970286e-03   9.9639397e-02   1.4188894e+00
   6.1130193e-07   5.5005319e-06   7.8328918e-05   1.3776590e-05   2.1802698e-05   3.4504741e-05   5.4606870e-05   6.9970286e-03   9.9639397e-02   1.4188894e+00
   5.5005319e-06   6.1130193e-07   9.6744055e-07   1.2396259e-04   2.1802698e-05   3.4504741e-05   5.4606870e-05   6.9970286e-03   9.9639397e-02   1.4188894e+00
   6.1130193e-07   5.5005319e-06   9.6744055e-07   1.2396259e-04   2.1802698e-05   3.4504741e-05   5.4606870e-05   6.9970286e-03   9.9639397e-02   1.4188894e+00
   6.1130193e-07   6.7937075e-08   8.7050888e-06   1.2396259e-04   2.1802698e-05   3.4504741e-05   5.4606870e-05   6.9970286e-03   9.9639397e-02   1.4188894e+00
   6.7937075e-08   6.1130193e-07   8.7050888e-06   1.2396259e-04   2.1802698e-05   3.4504741e-05   5.4606870e-05   6.9970286e-03   9.9639397e-02   1.4188894e+00
   5.5005319e-06   6.1130193e-07   9.6744055e-07   1.5310621e-06   1.9618201e-04   3.4504741e-05   5.4606870e-05   6.9970286e-03   9.9639397e-02   1.4188894e+00
   6.1130193e-07   5.5005319e-06   9.6744055e-07   1.5310621e-06   1.9618201e-04   3.4504741e-05   5.4606870e-05   6.9970286e-03   9.9639397e-02   1.4188894e+00
   6.1130193e-07   6.7937075e-08   8.7050888e-06   1.5310621e-06   1.9618201e-04   3.4504741e-05   5.4606870e-05   6.9970286e-03   9.9639397e-02   1.4188894e+00
   6.7937075e-08   6.1130193e-07   8.7050888e-06   1.5310621e-06   1.9618201e-04   3.4504741e-05   5.4606870e-05   6.9970286e-03   9.9639397e-02   1.4188894e+00
   6.1130193e-07   6.7937075e-08   1.0751656e-07   1.3776590e-05   1.9618201e-04   3.4504741e-05   5.4606870e-05   6.9970286e-03   9.9639397e-02   1.4188894e+00
   6.7937075e-08   6.1130193e-07   1.0751656e-07   1.3776590e-05   1.9618201e-04   3.4504741e-05   5.4606870e-05   6.9970286e-03   9.9639397e-02   1.4188894e+00
   6.7937075e-08   7.5501907e-09   9.6744055e-07   1.3776590e-05   1.9618201e-04   3.4504741e-05   5.4606870e-05   6.9970286e-03   9.9639397e-02   1.4188894e+00
   7.5501907e-09   6.7937075e-08   9.6744055e-07   1.3776590e-05   1.9618201e-04   3.4504741e-05   5.4606870e-05   6.9970286e-03   9.9639397e-02   1.4188894e+00
   5.5005319e-06   6.1130193e-07   9.6744055e-07   1.5310621e-06   2.4230441e-06   3.1047575e-04   5.4606870e-05   6.9970286e-03   9.9639397e-02   1.4188894e+00
   6.1130193e-07   5.5005319e-06   9.6744055e-07   1.5310621e-06   2.4230441e-06   3.1047575e-04   5.4606870e-05   6.9970286e-03   9.9639397e-02   1.4188894e+00
   6.1130193e-07   6.7937075e-08   8.7050888e-06   1.5310621e-06   2.4230441e-06   3.1047575e-04   5.4606870e-05   6.9970286e-03   9.9639397e-02   1.4188894e+00
   6.7937075e-08   6.1130193e-07   8.7050888e-06   1.5310621e-06   2.4230441e-06   3.1047575e-04   5.4606870e-05   6.9970286e-03   9.9639397e-02   1.4188894e+00
   6.1130193e-07   6.7937075e-08   1.0751656e-07   1.3776590e-05   2.4230441e-06   3.1047575e-04   5.4606870e-05   6.9970286e-03   9.9639397e-02   1.4188894e+00
   6.7937075e-08   6.1130193e-07   1.0751656e-07   1.3776590e-05   2.4230441e-06   3.1047575e-04   5.4606870e-05   6.9970286e-03   9.9639397e-02   1.4188894e+00
   6.7937075e-08   7.5501907e-09   9.6744055e-07   1.3776590e-05   2.4230441e-06   3.1047575e-04   5.4606870e-05   6.9970286e-03   9.9639397e-02   1.4188894e+00
   7.5501907e-09   6.7937075e-08   9.6744055e-07   1.3776590e-05   2.4230441e-06   3.1047575e-04   5.4606870e-05   6.9970286e-03   9.9639397e-02   1.4188894e+00
   6.1130193e-07   6.7937075e-08   1.0751656e-07   1.7015467e-07   2.1802698e-05   3.1047575e-04   5.4606870e-05   6.9970286e-03   9.9639397e-02   1.4188894e+00
   6.7937075e-08   6.1130193e-07   1.0751656e-07   1.7015467e-07   2.1802698e-05   3.1047575e-04   5.4606870e-05   6.9970286e-03   9.9639397e-02   1.4188894e+00
   6.7937075e-08   7.5501907e-09   9.6744055e-07   1.7015467e-07   2.1802698e-05   3.1047575e-04   5.4606870e-05   6.9970286e-03   9.9639397e-02   1.4188894e+00
   7.5501907e-09   6.7937075e-08   9.6744055e-07   1.7015467e-07   2.1802698e-05   3.1047575e-04   5.4606870e-05   6.9970286e-03   9.9639397e-02   1.4188894e+00
   6.7937075e-08   7.5501907e-09   1.1948859e-08   1.5310621e-06   2.1802698e-05   3.1047575e-04   5.4606870e-05   6.9970286e-03   9.9639397e-02   1.4188894e+00
   7.5501907e-09   6.7937075e-08   1.1948859e-08   1.5310621e-06   2.1802698e-05   3.1047575e-04   5.4606870e-05   6.9970286e-03   9.9639397e-02   1.4188894e+00
   7.5501907e-09   8.3909088e-10   1.0751656e-07   1.5310621e-06   2.1802698e-05   3.1047575e-04   5.4606870e-05   6.9970286e-03   9.9639397e-02   1.4188894e+00
   8.3909088e-10   7.5501907e-09   1.0751656e-07   1.5310621e-06   2.1802698e-05   3.1047575e-04   5.4606870e-05   6.9970286e-03   9.9639397e-02   1.4188894e+00
   5.5005319e-06   6.1130193e-07   9.6744055e-07   1.5310621e-06   2.4230441e-06   3.8346863e-06   4.9135594e-04   6.9970286e-03   9.9639397e-02   1.4188894e+00
   6.1130193e-07   5.5005319e-06   9.6744055e-07   1.5310621e-06   2.4230441e-06   3.8346863e-06   4.9135594e-04   6.9970286e-03   9.9639397e-02   1.4188894e+00
   6.1130193e-07   6.7937075e-08   8.7050888e-06   1.5310621e-06   2.4230441e-06   3.8346863e-06   4.9135594e-04   6.9970286e-03   9.9639397e-02   1.4188894e+00
   6.7937075e-08   6.1130193e-07   8.7050888e-06   1.5310621e-06   2.4230441e-06   3.8346863e-06   4.9135594e-04   6.9970286e-03   9.9639397e-02   1.4188894e+00
   6.1130193e-07   6.7937075e-08   1.0751656e-07   1.3776590e-05   2.4230441e-06   3.8346863e-06   4.9135594e-04   6.9970286e-03   9.9639397e-02   1.4188894e+00
   6.7937075e-08   6.1130193e-07   1.0751656e-07   1.3776590e-05   2.4230441e-06   3.8346863e-06   4.9135594e-04   6.9970286e-03   9.9639397e-02   1.4188894e+00
   6.7937075e-08   7.5501907e-09   9.6744055e-07   1.3776590e-05   2.4230441e-06   3.8346863e-06   4.9135594e-04   6.9970286e-03   9.9639397e-02   1.4188894e+00
   7.5501907e-09   6.7937075e-08   9.6744055e-07   1.3776590e-05   2.4230441e-06   3.8346863e-06   4.9135594e-04   6.9970286e-03   9.9639397e-02   1.4188894e+00
   6.1130193e-07   6.7937075e-08   1.0751656e-07   1.7015467e-07   2.1802698e-05   3.8346863e-06   4.9135594e-04   6.9970286e-03   9.9639397e-02   1.4188894e+00
   6.7937075e-08   6.1130193e-07   1.0751656e-07   1.7015467e-07   2.1802698e-05   3.8346863e-06   4.9135594e-04   6.9970286e-03   9.9639397e-02   1.4188894e+00
   6.7937075e-08   7.5501907e-09   9.6744055e-07   1.7015467e-07   2.1802698e-05   3.8346863e-06   4.9135594e-04   6.9970286e-03   9.9639397e-02   1.4188894e+00
   7.5501907e-09   6.7937075e-08   9.6744055e-07   1.7015467e-07   2.1802698e-05   3.8346863e-06   4.9135594e-04   6.9970286e-03   9.9639397e-02   1.4188894e+00
   6.7937075e-08   7.5501907e-09   1.1948859e-08   1.5310621e-06   2.1802698e-05   3.8346863e-06   4.9135594e-04   6.9970286e-03   9.9639397e-02   1.4188894e+00
   7.5501907e-09   6.7937075e-08   1.1948859e-08   1.5310621e-06   2.1802698e-05   3.8346863e-06   4.9135594e-04   6.9970286e-03   9.9639397e-02   1.4188894e+00
   7.5501907e-09   8.3909088e-10   1.0751656e-07   1.5310621e-06   2.1802698e-05   3.8346863e-06   4.9135594e-04   6.9970286e-03   9.9639397e-02   1.4188894e+00
   8.3909088e-10   7.5501907e-09   1.0751656e-07   1.5310621e-06   2.1802698e-05   3.8346863e-06   4.9135594e-04   6.9970286e-03   9.9639397e-02   1.4188894e+00
   6.1130193e-07   6.7937075e-08   1.0751656e-07   1.7015467e-07   2.6928515e-07   3.4504741e-05   4.9135594e-04   6.9970286e-03   9.9639397e-02   1.4188894e+00
   6.7937075e-08   6.1130193e-07   1.0751656e-07   1.7015467e-07   2.6928515e-07   3.4504741e-05   4.9135594e-04   6.9970286e-03   9.9639397e-02   1.4188894e+00
   6.7937075e-08   7.5501907e-09   9.6744055e-07   1.7015467e-07   2.6928515e-07   3.4504741e-05   4.9135594e-04   6.9970286e-03   9.9639397e-02   1.4188894e+00
   7.5501907e-09   6.7937075e-08   9.6744055e-07   1.7015467e-07   2.6928515e-07   3.4504741e-05   4.9135594e-04   6.9970286e-03   9.9639397e-02   1.4188894e+00
   6.7937075e-08   7.5501907e-09   1.1948859e-08   1.5310621e-06   2.6928515e-07   3.4504741e-05   4.9135594e-04   6.9970286e-03   9.9639397e-02   1.4188894e+00
   7.5501907e-09   6.7937075e-08   1.1948859e-08   1.5310621e-06   2.6928515e-07   3.4504741e-05   4.9135594e-04   6.9970286e-03   9.9639397e-02   1.4188894e+00
   7.5501907e-09   8.3909088e-10   1.0751656e-07   1.5310621e-06   2.6928515e-07   3.4504741e-05   4.9135594e-04   6.9970286e-03   9.9639397e-02   1.4188894e+00
   8.3909088e-10   7.5501907e-09   1.0751656e-07   1.5310621e-06   2.6928515e-07   3.4504741e-05   4.9135594e-04   6.9970286e-03   9.9639397e-02   1.4188894e+00
   6.7937075e-08   7.5501907e-09   1.1948859e-08   1.8910149e-08   2.4230441e-06   3.4504741e-05   4.9135594e-04   6.9970286e-03   9.9639397e-02   1.4188894e+00
   7.5501907e-09   6.7937075e-08   1.1948859e-08   1.8910149e-08   2.4230441e-06   3.4504741e-05   4.9135594e-04   6.9970286e-03   9.9639397e-02   1.4188894e+00
   7.5501907e-09   8.3909088e-10   1.0751656e-07   1.8910149e-08   2.4230441e-06   3.4504741e-05   4.9135594e-04   6.9970286e-03   9.9639397e-02   1.4188894e+00
   8.3909088e-10   7.5501907e-09   1.0751656e-07   1.8910149e-08   2.4230441e-06   3.4504741e-05   4.9135594e-04   6.9970286e-03   9.9639397e-02   1.4188894e+00
   7.5501907e-09   8.3909088e-10   1.3279372e-09   1.7015467e-07   2.4230441e-06   3.4504741e-05   4.9135594e-04   6.9970286e-03   9.9639397e-02   1.4188894e+00
   8.3909088e-10   7.5501907e-09   1.3279372e-09   1.7015467e-07   2.4230441e-06   3.4504741e-05   4.9135594e-04   6.9970286e-03   9.9639397e-02   1.4188894e+00
   8.3909088e-10   9.3252413e-11   1.1948859e-08   1.7015467e-07   2.4230441e-06   3.4504741e-05   4.9135594e-04   6.9970286e-03   9.9639397e-02   1.4188894e+00
   9.3252413e-11   8.3909088e-10   1.1948859e-08   1.7015467e-07   2.4230441e-06   3.4504741e-05   4.9135594e-04   6.9970286e-03   9.9639397e-02   1.4188894e+00
   4.4535110e-04   4.9494120e-05   7.8328918e-05   1.2396259e-04   1.9618201e-04   3.1047575e-04   4.9135594e-04   6.2959689e-02   1.1073430e-02   1.4188894e+00
   4.9494120e-05   4.4535110e-04   7.8328918e-05   1.2396259e-04   1.9618201e-04   3.1047575e-04   4.9135594e-04   6.2959689e-02   1.1073430e-02   1.4188894e+00
   4.9494120e-05   5.5005319e-06   7.0480837e-04   1.2396259e-04   1.9618201e-04   3.1047575e-04   4.9135594e-04   6.2959689e-02   1.1073430e-02   1.4188894e+00
   5.5005319e-06   4.9494120e-05   7.0480837e-04   1.2396259e-04   1.9618201e-04   3.1047575e-04   4.9135594e-04   6.2959689e-02   1.1073430e-02   1.4188894e+00
   4.9494120e-05   5.5005319e-06   8.7050888e-06   1.1154229e-03   1.9618201e-04   3.1047575e-04   4.9135594e-04   6.2959689e-02   1.1073430e-02   1.4188894e+00
   5.5005319e-06   4.9494120e-05   8.7050888e-06   1.1154229e-03   1.9618201e-04   3.1047575e-04   4.9135594e-04   6.2959689e-02   1.1073430e-02   1.4188894e+00
   5.5005319e-06   6.1130193e-07   7.8328918e-05   1.1154229e-03   1.9618201e-04   3.1047575e-04   4.9135594e-04   6.2959689e-02   1.1073430e-02   1.4188894e+00
   6.1130193e-07   5.5005319e-06   7.8328918e-05   1.1154229e-03   1.9618201e-04   3.1047575e-04   4.9135594e-04   6.2959689e-02   1.1073430e-02   1.4188894e+00
   4.9494120e-05   5.5005319e-06   8.7050888e-06   1.3776590e-05   1.7652576e-03   3.1047575e-04   4.9135594e-04   6.2959689e-02   1.1073430e-02   1.4188894e+00
   5.5005319e-06   4.9494120e-05   8.7050888e-06   1.3776590e-05   1.7652576e-03   3.1047575e-04   4.9135594e-04   6.2959689e-02   1.1073430e-02   1.4188894e+00
   5.5005319e-06   6.1130193e-07   7.8328918e-05   1.3776590e-05   1.7652576e-03   3.1047575e-04   4.9135594e-04   6.2959689e-02   1.1073430e-02   1.4188894e+00
   6.1130193e-07   5.5005319e-06   7.8328918e-05   1.3776590e-05   1.7652576e-03   3.1047575e-04   4.9135594e-04   6.2959689e-02   1.1073430e-02   1.4188894e+00
   5.5005319e-06   6.1130193e-07   9.6744055e-07   1.2396259e-04   1.7652576e-03   3.1047575e-04   4.9135594e-04   6.2959689e-02   1.1073430e-02   1.4188894e+00
   6.1130193e-07   5.5005319e-06   9.6744055e-07   1.2396259e-04   1.7652576e-03   3.1047575e-04   4.9135594e-04   6.2959689e-02   1.1073430e-02   1.4188894e+00
   6.1130193e-07   6.7937075e-08   8.7050888e-06   1.2396259e-04   1.7652576e-03   3.1047575e-04   4.9135594e-04   6.2959689e-02   1.1073430e-02   1.4188894e+00
   6.7937075e-08   6.1130193e-07   8.7050888e-06   1.2396259e-04   1.7652576e-03   3.1047575e-04   4.9135594e-04   6.2959689e-02   1.1073430e-02   1.4188894e+00
   4.9494120e-05   5.5005319e-06   8.7050888e-06   1.3776590e-05   2.1802698e-05   2.7936797e-03   4.9135594e-04   6.2959689e-02   1.1073430e-02   1.4188894e+00
   5.5005319e-06   4.9494120e-05   8.7050888e-06   1.3776590e-05   2.1802698e-05   2.7936797e-03   4.9135594e-04   6.2959689e-02   1.1073430e-02   1.4188894e+00
   5.5005319e-06   6.1130193e-07   7.8328918e-05   1.3776590e-05   2.1802698e-05   2.7936797e-03   4.9135594e-04   6.2959689e-02   1.1073430e-02   1.4188894e+00
   6.1130193e-07   5.5005319e-06   7.8328918e-05   1.3776590e-05   2.1802698e-05   2.7936797e-03   4.9135594e-04   6.2959689e-02   1.1073430e-02   1.4188894e+00
   5.5005319e-06   6.1130193e-07   9.6744055e-07   1.2396259e-04   2.1802698e-05   2.7936797e-03   4.9135594e-04   6.2959689e-02   1.1073430e-02   1.4188894e+00
   6.1130193e-07   5.5005319e-06   9.6744055e-07   1.2396259e-04   2.1802698e-05   2.7936797e-03   4.9135594e-04   6.2959689e-02   1.1073430e-02   1.4188894e+00
   6.1130193e-07   6.7937075e-08   8.7050888e-06   1.2396259e-04   2.1802698e-05   2.7936797e-03   4.9135594e-04   6.2959689e-02   1.1073430e-02   1.4188894e+00
   6.7937075e-08   6.1130193e-07   8.7050888e-06   1.2396259e-04   2.1802698e-05   2.7936797e-03   4.9135594e-04   6.2959689e-02   1.1073430e-02   1.4188894e+00
   5.5005319e-06   6.1130193e-07   9.6744055e-07   1.5310621e-06   1.9618201e-04   2.7936797e-03   4.9135594e-04   6.2959689e-02   1.1073430e-02   1.4188894e+00
   6.1130193e-07   5.5005319e-06   9.6744055e-07   1.5310621e-06   1.9618201e-04   2.7936797e-03   4.9135594e-04   6.2959689e-02   1.1073430e-02   1.4188894e+00
   6.1130193e-07   6.7937075e-08   8.7050888e-06   1.5310621e-06   1.9618201e-04   2.7936797e-03   4.9135594e-04   6.2959689e-02   1.1073430e-02   1.4188894e+00
   6.7937075e-08   6.1130193e-07   8.7050888e-06   1.5310621e-06   1.9618201e-04   2.7936797e-03   4.9135594e-04   6.2959689e-02   1.1073430e-02   1.4188894e+00
   6.1130193e-07   6.7937075e-08   1.0751656e-07   1.3776590e-05   1.9618201e-04   2.7936797e-03   4.9135594e-04   6.2959689e-02   1.1073430e-02   1.4188894e+00
   6.7937075e-08   6.1130193e-07   1.0751656e-07   1.3776590e-05   1.9618201e-04   2.7936797e-03   4.9135594e-04   6.2959689e-02   1.1073430e-02   1.4188894e+00
   6.7937075e-08   7.5501907e-09   9.6744055e-07   1.3776590e-05   1.9618201e-04   2.7936797e-03   4.9135594e-04   6.2959689e-02   1.1073430e-02   1.4188894e+00
   7.5501907e-09   6.7937075e-08   9.6744055e-07   1.3776590e-05   1.9618201e-04   2.7936797e-03   4.9135594e-04   6.2959689e-02   1.1073430e-02   1.4188894e+00
   4.9494120e-05   5.5005319e-06   8.7050888e-06   1.3776590e-05   2.1802698e-05   3.4504741e-05   4.4212506e-03   6.2959689e-02   1.1073430e-02   1.4188894e+00
   5.5005319e-06   4.9494120e-05   8.7050888e-06   1.3776590e-05   2.1802698e-05   3.4504741e-05   4.4212506e-03   6.2959689e-02   1.1073430e-02   1.4188894e+00
   5.5005319e-06   6.1130193e-07   7.8328918e-05   1.3776590e-05   2.1802698e-05   3.4504741e-05   4.4212506e-03   6.2959689e-02   1.1073430e-02   1.4188894e+00
   6.1130193e-07   5.5005319e-06   7.8328918e-05   1.3776590e-05   2.1802698e-05   3.4504741e-05   4.4212506e-03   6.2959689e-02   1.1073430e-02   1.4188894e+00
   5.5005319e-06   6.1130193e-07   9.6744055e-07   1.2396259e-04   2.1802698e-05   3.4504741e-05   4.4212506e-03   6.2959689e-02   1.1073430e-02   1.4188894e+00
   6.1130193e-07   5.5005319e-06   9.6744055e-07   1.2396259e-04   2.1802698e-05   3.4504741e-05   4.4212506e-03   6.2959689e-02   1.1073430e-02   1.4188894e+00
   6.1130193e-07   6.7937075e-08   8.7050888e-06   1.2396259e-04   2.1802698e-05   3.4504741e-05   4.4212506e-03   6.2959689e-02   1.1073430e-02   1.4188894e+00
   6.7937075e-08   6.1130193e-07   8.7050888e-06   1.2396259e-04   2.1802698e-05   3.4504741e-05   4.4212506e-03   6.2959689e-02   1.1073430e-02   1.4188894e+00
   5.5005319e-06   6.1130193e-07   9.6744055e-07   1.5310621e-06   1.9618201e-04   3.4504741e-05   4.4212506e-03   6.2959689e-02   1.1073430e-02   1.4188894e+00
   6.1130193e-07   5.5005319e-06   9.6744055e-07   1.5310621e-06   1.9618201e-04   3.4504741e-05   4.4212506e-03   6.2959689e-02   1.1073430e-02   1.4188894e+00
   6.1130193e-07   6.7937075e-08   8.7050888e-06   1.5310621e-06   1.9618201e-04   3.4504741e-05   4.4212506e-03   6.2959689e-02   1.1073430e-02   1.4188894e+00
   6.7937075e-08   6.1130193e-07   8.7050888e-06   1.5310621e-06   1.9618201e-04   3.4504741e-05   4.4212506e-03   6.2959689e-02   1.1073430e-02   1.4188894e+00
   6.1130193e-07   6.7937075e-08   1.0751656e-07   1.3776590e-05   1.9618201e-04   3.4504741e-05   4.4212506e-03   6.2959689e-02   1.1073430e-02   1.4188894e+00
   6.7937075e-08   6.1130193e-07   1.0751656e-07   1.3776590e-05   1.9618201e-04   3.4504741e-05   4.4212506e-03   6.2959689e-02   1.1073430e-02   1.4188894e+00
   6.7937075e-08   7.5501907e-09   9.6744055e-07   1.3776590e-05   1.9618201e-04   3.4504741e-05   4.4212506e-03   6.2959689e-02   1.1073430e-02   1.4188894e+00
   7.5501907e-09   6.7937075e-08   9.6744055e-07   1.3776590e-05   1.9618201e-04   3.4504741e-05   4.4212506e-03   6.2959689e-02   1.1073430e-02   1.4188894e+00
   5.5005319e-06   6.1130193e-07   9.6744055e-07   1.5310621e-06   2.4230441e-06   3.1047575e-04   4.4212506e-03   6.2959689e-02   1.1073430e-02   1.4188894e+00
   6.1130193e-07   5.5005319e-06   9.6744055e-07   1.5310621e-06   2.4230441e-06   3.1047575e-04   4.4212506e-03   6.2959689e-02   1.1073430e-02   1.4188894e+00
   6.1130193e-07   6.7937075e-08   8.7050888e-06   1.5310621e-06   2.4230441e-06   3.1047575e-04   4.4212506e-03   6.2959689e-02   1.1073430e-02   1.4188894e+00
   6.7937075e-08   6.1130193e-07   8.7050888e-06   1.5310621e-06   2.4230441e-06   3.1047575e-04   4.4212506e-03   6.2959689e-02   1.1073430e-02   1.4188894e+00
   6.1130193e-07   6.7937075e-08   1.0751656e-07   1.3776590e-05   2.4230441e-06   3.1047575e-04   4.4212506e-03   6.2959689e-02   1.1073430e-02   1.4188894e+00
   6.7937075e-08   6.1130193e-07   1.0751656e-07   1.3776590e-05   2.4230441e-06   3.1047575e-04   4.4212506e-03   6.2959689e-02   1.1073430e-02   1.4188894e+00
   6.7937075e-08   7.5501907e-09   9.6744055e-07   1.3776590e-05   2.4230441e-06   3.1047575e-04   4.4212506e-03   6.2959689e-02   1.1073430e-02   1.4188894e+00
   7.5501907e-09   6.7937075e-08   9.6744055e-07   1.3776590e-05   2.4230441e-06   3.1047575e-04   4.4212506e-03   6.2959689e-02   1.1073430e-02   1.4188894e+00
   6.1130193e-07   6.7937075e-08   1.0751656e-07   1.7015467e-07   2.1802698e-05   3.1047575e-04   4.4212506e-03   6.2959689e-02   1.1073430e-02   1.4188894e+00
   6.7937075e-08   6.1130193e-07   1.0751656e-07   1.7015467e-07   2.1802698e-05   3.1047575e-04   4.4212506e-03   6.2959689e-02   1.1073430e-02   1.4188894e+00
   6.7937075e-08   7.5501907e-09   9.6744055e-07   1.7015467e-07   2.1802698e-05   3.1047575e-04   4.4212506e-03   6.2959689e-02   1.1073430e-02   1.4188894e+00
   7.5501907e-09   6.7937075e-08   9.6744055e-07   1.7015467e-07   2.1802698e-05   3.1047575e-04   4.4212506e-03   6.2959689e-02   1.1073430e-02   1.4188894e+00
   6.7937075e-08   7.5501907e-09   1.1948859e-08   1.5310621e-06   2.1802698e-05   3.1047575e-04   4.4212506e-03   6.2959689e-02   1.1073430e-02   1.4188894e+00
   7.5501907e-09   6.7937075e-08   1.1948859e-08   1.5310621e-06   2.1802698e-05   3.1047575e-04   4.4212506e-03   6.2959689e-02   1.1073430e-02   1.4188894e+00
   7.5501907e-09   8.3909088e-10   1.0751656e-07   1.5310621e-06   2.1802698e-05   3.1047575e-04   4.4212506e-03   6.2959689e-02   1.1073430e-02   1.4188894e+00
   8.3909088e-10   7.5501907e-09   1.0751656e-07   1.5310621e-06   2.1802698e-05   3.1047575e-04   4.4212506e-03   6.2959689e-02   1.1073430e-02   1.4188894e+00
   4.4535110e-04   4.9494120e-05   7.8328918e-05   1.2396259e-04   1.9618201e-04   3.1047575e-04   3.9782681e-02   6.9970286e-03   1.1073430e-02   1.4188894e+00
   4.9494120e-05   4.4535110e-04   7.8328918e-05   1.2396259e-04   1.9618201e-04   3.1047575e-04   3.9782681e-02   6.9970286e-03   1.1073430e-02   1.4188894e+00
   4.9494120e-05   5.5005319e-06   7.0480837e-04   1.2396259e-04   1.9618201e-04   3.1047575e-04   3.9782681e-02   6.9970286e-03   1.1073430e-02   1.4188894e+00
   5.5005319e-06   4.9494120e-05   7.0480837e-04   1.2396259e-04   1.9618201e-04   3.1047575e-04   3.9782681e-02   6.9970286e-03   1.1073430e-02   1.4188894e+00
   4.9494120e-05   5.5005319e-06   8.7050888e-06   1.1154229e-03   1.9618201e-04   3.1047575e-04   3.9782681e-02   6.9970286e-03   1.1073430e-02   1.4188894e+00
   5.5005319e-06   4.9494120e-05   8.7050888e-06   1.1154229e-03   1.9618201e-04   3.1047575e-04   3.9782681e-02   6.9970286e-03   1.1073430e-02   1.4188894e+00
   5.5005319e-06   6.1130193e-07   7.8328918e-05   1.1154229e-03   1.9618201e-04   3.1047575e-04   3.9782681e-02   6.9970286e-03   1.1073430e-02   1.4188894e+00
   6.1130193e-07   5.5005319e-06   7.8328918e-05   1.1154229e-03   1.9618201e-04   3.1047575e-04   3.9782681e-02   6.9970286e-03   1.1073430e-02   1.4188894e+00
   4.9494120e-05   5.5005319e-06   8.7050888e-06   1.3776590e-05   1.7652576e-03   3.1047575e-04   3.9782681e-02   6.9970286e-03   1.1073430e-02   1.4188894e+00
   5.5005319e-06   4.9494120e-05   8.7050888e-06   1.3776590e-05   1.7652576e-03   3.1047575e-04   3.9782681e-02   6.9970286e-03   1.1073430e-02   1.4188894e+00
   5.5005319e-06   6.1130193e-07   7.8328918e-05   1.3776590e-05   1.7652576e-03   3.1047575e-04   3.9782681e-02   6.9970286e-03   1.1073430e-02   1.4188894e+00
   6.1130193e-07   5.5005319e-06   7.8328918e-05   1.3776590e-05   1.7652576e-03   3.1047575e-04   3.9782681e-02   6.9970286e-03   1.1073430e-02   1.4188894e+00
   5.5005319e-06   6.1130193e-07   9.6744055e-07   1.2396259e-04   1.7652576e-03   3.1047575e-04   3.9782681e-02   6.9970286e-03   1.1073430e-02   1.4188894e+00
   6.1130193e-07   5.5005319e-06   9.6744055e-07   1.2396259e-04   1.7652576e-03   3.1047575e-04   3.9782681e-02   6.9970286e-03   1.1073430e-02   1.4188894e+00
   6.1130193e-07   6.7937075e-08   8.7050888e-06   1.2396259e-04   1.7652576e-03   3.1047575e-04   3.9782681e-02   6.9970286e-03   1.1073430e-02   1.4188894e+00
   6.7937075e-08   6.1130193e-07   8.7050888e-06   1.2396259e-04   1.7652576e-03   3.1047575e-04   3.9782681e-02   6.9970286e-03   1.1073430e-02   1.4188894e+00
   4.9494120e-05   5.5005319e-06   8.7050888e-06   1.3776590e-05   2.1802698e-05   2.7936797e-03   3.9782681e-02   6.9970286e-03   1.1073430e-02   1.4188894e+00
   5.5005319e-06   4.9494120e-05   8.7050888e-06   1.3776590e-05   2.1802698e-05   2.7936797e-03   3.9782681e-02   6.9970286e-03   1.1073430e-02   1.4188894e+00
   5.5005319e-06   6.1130193e-07   7.8328918e-05   1.3776590e-05   2.1802698e-05   2.7936797e-03   3.9782681e-02   6.9970286e-03   1.1073430e-02   1.4188894e+00
   6.1130193e-07   5.5005319e-06   7.8328918e-05   1.3776590e-05   2.1802698e-05   2.7936797e-03   3.9782681e-02   6.9970286e-03   1.1073430e-02   1.4188894e+00
   5.5005319e-06   6.1130193e-07   9.6744055e-07   1.2396259e-04   2.1802698e-05   2.7936797e-03   3.9782681e-02   6.9970286e-03   1.1073430e-02   1.4188894e+00
   6.1130193e-07   5.5005319e-06   9.6744055e-07   1.2396259e-04   2.1802698e-05   2.7936797e-03   3.9782681e-02   6.9970286e-03   1.1073430e-02   1.4188894e+00
   6.1130193e-07   6.7937075e-08   8.7050888e-06   1.2396259e-04   2.1802698e-05   2.7936797e-03   3.9782681e-02   6.9970286e-03   1.1073430e-02   1.4188894e+00
   6.7937075e-08   6.1130193e-07   8.7050888e-06   1.2396259e-04   2.1802698e-05   2.7936797e-03   3.9782681e-02   6.9970286e-03   1.1073430e-02   1.4188894e+00
   5.5005319e-06   6.1130193e-07   9.6744055e-07   1.5310621e-06   1.9618201e-04   2.7936797e-03   3.9782681e-02   6.9970286e-03   1.1073430e-02   1.4188894e+00
   6.1130193e-07   5.5005319e-06   9.6744055e-07   1.5310621e-06   1.9618201e-04   2.7936797e-03   3.9782681e-02   6.9970286e-03   1.1073430e-02   1.4188894e+00
   6.1130193e-07   6.7937075e-08   8.7050888e-06   1.5310621e-06   1.9618201e-04   2.7936797e-03   3.9782681e-02   6.9970286e-03   1.1073430e-02   1.4188894e+00
   6.7937075e-08   6.1130193e-07   8.7050888e-06   1.5310621e-06   1.9618201e-04   2.7936797e-03   3.9782681e-02   6.9970286e-03   1.1073430e-02   1.4188894e+00
   6.1130193e-07   6.7937075e-08   1.0751656e-07   1.3776590e-05   1.9618201e-04   2.7936797e-03   3.9782681e-02   6.9970286e-03   1.1073430e-02   1.4188894e+00
   6.7937075e-08   6.1130193e-07   1.0751656e-07   1.3776590e-05   1.9618201e-04   2.7936797e-03   3.9782681e-02   6.9970286e-03   1.1073430e-02   1.4188894e+00
   6.7937075e-08   7.5501907e-09   9.6744055e-07   1.3776590e-05   1.9618201e-04   2.7936797e-03   3.9782681e-02   6.9970286e-03   1.1073430e-02   1.4188894e+00
   7.5501907e-09   6.7937075e-08   9.6744055e-07   1.3776590e-05   1.9618201e-04   2.7936797e-03   3.9782681e-02   6.9970286e-03   1.1073430e-02   1.4188894e+00
   4.4535110e-04   4.9494120e-05   7.8328918e-05   1.2396259e-04   1.9618201e-04   2.5137700e-02   4.4212506e-03   6.9970286e-03   1.1073430e-02   1.4188894e+00
   4.9494120e-05   4.4535110e-04   7.8328918e-05   1.2396259e-04   1.9618201e-04   2.5137700e-02   4.4212506e-03   6.9970286e-03   1.1073430e-02   1.4188894e+00
   4.9494120e-05   5.5005319e-06   7.0480837e-04   1.2396259e-04   1.9618201e-04   2.5137700e-02   4.4212506e-03   6.9970286e-03   1.1073430e-02   1.4188894e+00
   5.5005319e-06   4.9494120e-05   7.0480837e-04   1.2396259e-04   1.9618201e-04   2.5137700e-02   4.4212506e-03   6.9970286e-03   1.1073430e-02   1.4188894e+00
   4.9494120e-05   5.5005319e-06   8.7050888e-06   1.1154229e-03   1.9618201e-04   2.5137700e-02   4.4212506e-03   6.9970286e-03   1.1073430e-02   1.4188894e+00
   5.5005319e-06   4.9494120e-05   8.7050888e-06   1.1154229e-03   1.9618201e-04   2.5137700e-02   4.4212506e-03   6.9970286e-03   1.1073430e-02   1.4188894e+00
   5.5005319e-06   6.1130193e-07   7.8328918e-05   1.1154229e-03   1.9618201e-04   2.5137700e-02   4.4212506e-03   6.9970286e-03   1.1073430e-02   1.4188894e+00
   6.1130193e-07   5.5005319e-06   7.8328918e-05   1.1154229e-03   1.9618201e-04   2.5137700e-02   4.4212506e-03   6.9970286e-03   1.1073430e-02   1.4188894e+00
   4.9494120e-05   5.5005319e-06   8.7050888e-06   1.3776590e-05   1.7652576e-03   2.5137700e-02   4.4212506e-03   6.9970286e-03   1.1073430e-02   1.4188894e+00
   5.5005319e-06   4.9494120e-05   8.7050888e-06   1.3776590e-05   1.7652576e-03   2.5137700e-02   4.4212506e-03   6.9970286e-03   1.1073430e-02   1.4188894e+00
   5.5005319e-06   6.1130193e-07   7.8328918e-05   1.3776590e-05   1.7652576e-03   2.5137700e-02   4.4212506e-03   6.9970286e-03   1.1073430e-02   1.4188894e+00
   6.1130193e-07   5.5005319e-06   7.8328918e-05   1.3776590e-05   1.7652576e-03   2.5137700e-02   4.4212506e-03   6.9970286e-03   1.1073430e-02   1.4188894e+00
   5.5005319e-06   6.1130193e-07   9.6744055e-07   1.2396259e-04   1.7652576e-03   2.5137700e-02   4.4212506e-03   6.9970286e-03   1.1073430e-02   1.4188894e+00
   6.1130193e-07   5.5005319e-06   9.6744055e-07   1.2396259e-04   1.7652576e-03   2.5137700e-02   4.4212506e-03   6.9970286e-03   1.1073430e-02   1.4188894e+00
   6.1130193e-07   6.7937075e-08   8.7050888e-06   1.2396259e-04   1.7652576e-03   2.5137700e-02   4.4212506e-03   6.9970286e-03   1.1073430e-02   1.4188894e+00
   6.7937075e-08   6.1130193e-07   8.7050888e-06   1.2396259e-04   1.7652576e-03   2.5137700e-02   4.4212506e-03   6.9970286e-03   1.1073430e-02   1.4188894e+00
   4.4535110e-04   4.9494120e-05   7.8328918e-05   1.2396259e-04   1.5883895e-02   2.7936797e-03   4.4212506e-03   6.9970286e-03   1.1073430e-02   1.4188894e+00
   4.9494120e-05   4.4535110e-04   7.8328918e-05   1.2396259e-04   1.5883895e-02   2.7936797e-03   4.4212506e-03   6.9970286e-03   1.1073430e-02   1.4188894e+00
   4.9494120e-05   5.5005319e-06   7.0480837e-04   1.2396259e-04   1.5883895e-02   2.7936797e-03   4.4212506e-03   6.9970286e-03   1.1073430e-02   1.4188894e+00
   5.5005319e-06   4.9494120e-05   7.0480837e-04   1.2396259e-04   1.5883895e-02   2.7936797e-03   4.4212506e-03   6.9970286e-03   1.1073430e-02   1.4188894e+00
   4.9494120e-05   5.5005319e-06   8.7050888e-06   1.1154229e-03   1.5883895e-02   2.7936797e-03   4.4212506e-03   6.9970286e-03   1.1073430e-02   1.4188894e+00
   5.5005319e-06   4.9494120e-05   8.7050888e-06   1.1154229e-03   1.5883895e-02   2.7936797e-03   4.4212506e-03   6.9970286e-03   1.1073430e-02   1.4188894e+00
   5.5005319e-06   6.1130193e-07   7.8328918e-05   1.1154229e-03   1.5883895e-02   2.7936797e-03   4.4212506e-03   6.9970286e-03   1.1073430e-02   1.4188894e+00
   6.1130193e-07   5.5005319e-06   7.8328918e-05   1.1154229e-03   1.5883895e-02   2.7936797e-03   4.4212506e-03   6.9970286e-03   1.1073430e-02   1.4188894e+00
   4.4535110e-04   4.9494120e-05   7.8328918e-05   1.0036643e-02   1.7652576e-03   2.7936797e-03   4.4212506e-03   6.9970286e-03   1.1073430e-02   1.4188894e+00
   4.9494120e-05   4.4535110e-04   7.8328918e-05   1.0036643e-02   1.7652576e-03   2.7936797e-03   4.4212506e-03   6.9970286e-03   1.1073430e-02   1.4188894e+00
   4.9494120e-05   5.5005319e-06   7.0480837e-04   1.0036643e-02   1.7652576e-03   2.7936797e-03   4.4212506e-03   6.9970286e-03   1.1073430e-02   1.4188894e+00
   5.5005319e-06   4.9494120e-05   7.0480837e-04   1.0036643e-02   1.7652576e-03   2.7936797e-03   4.4212506e-03   6.9970286e-03   1.1073430e-02   1.4188894e+00
   4.4535110e-04   4.9494120e-05   6.3419085e-03   1.1154229e-03   1.7652576e-03   2.7936797e-03   4.4212506e-03   6.9970286e-03   1.1073430e-02   1.4188894e+00
   4.9494120e-05   4.4535110e-04   6.3419085e-03   1.1154229e-03   1.7652576e-03   2.7936797e-03   4.4212506e-03   6.9970286e-03   1.1073430e-02   1.4188894e+00
   4.4535110e-04   4.0072963e-03   7.0480837e-04   1.1154229e-03   1.7652576e-03   2.7936797e-03   4.4212506e-03   6.9970286e-03   1.1073430e-02   1.4188894e+00
   4.0072963e-03   4.4535110e-04   7.0480837e-04   1.1154229e-03   1.7652576e-03   2.7936797e-03   4.4212506e-03   6.9970286e-03   1.1073430e-02   1.4188894e+00
   4.0072963e-03   4.4535110e-04   7.0480837e-04   1.1154229e-03   1.7652576e-03   2.7936797e-03   4.4212506e-03   6.9970286e-03   8.9656135e-01   1.5768835e-01
   4.4535110e-04   4.0072963e-03   7.0480837e-04   1.1154229e-03   1.7652576e-03   2.7936797e-03   4.4212506e-03   6.9970286e-03   8.9656135e-01   1.5768835e-01
   4.4535110e-04   4.9494120e-05   6.3419085e-03   1.1154229e-03   1.7652576e-03   2.7936797e-03   4.4212506e-03   6.9970286e-03   8.9656135e-01   1.5768835e-01
   4.9494120e-05   4.4535110e-04   6.3419085e-03   1.1154229e-03   1.7652576e-03   2.7936797e-03   4.4212506e-03   6.9970286e-03   8.9656135e-01   1.5768835e-01
   4.4535110e-04   4.9494120e-05   7.8328918e-05   1.0036643e-02   1.7652576e-03   2.7936797e-03   4.4212506e-03   6.9970286e-03   8.9656135e-01   1.5768835e-01
   4.9494120e-05   4.4535110e-04   7.8328918e-05   1.0036643e-02   1.7652576e-03   2.7936797e-03   4.4212506e-03   6.9970286e-03   8.9656135e-01   1.5768835e-01
   4.9494120e-05   5.5005319e-06   7.0480837e-04   1.0036643e-02   1.7652576e-03   2.7936797e-03   4.4212506e-03   6.9970286e-03   8.9656135e-01   1.5768835e-01
   5.5005319e-06   4.9494120e-05   7.0480837e-04   1.0036643e-02   1.7652576e-03   2.7936797e-03   4.4212506e-03   6.9970286e-03   8.9656135e-01   1.5768835e-01
   4.4535110e-04   4.9494120e-05   7.8328918e-05   1.2396259e-04   1.5883895e-02   2.7936797e-03   4.4212506e-03   6.9970286e-03   8.9656135e-01   1.5768835e-01
   4.9494120e-05   4.4535110e-04   7.8328918e-05   1.2396259e-04   1.5883895e-02   2.7936797e-03   4.4212506e-03   6.9970286e-03   8.9656135e-01   1.5768835e-01
   4.9494120e-05   5.5005319e-06   7.0480837e-04   1.2396259e-04   1.5883895e-02   2.7936797e-03   4.4212506e-03   6.9970286e-03   8.9656135e-01   1.5768835e-01
   5.5005319e-06   4.9494120e-05   7.0480837e-04   1.2396259e-04   1.5883895e-02   2.7936797e-03   4.4212506e-03   6.9970286e-03   8.9656135e-01   1.5768835e-01
   4.9494120e-05   5.5005319e-06   8.7050888e-06   1.1154229e-03   1.5883895e-02   2.7936797e-03   4.4212506e-03   6.9970286e-03   8.9656135e-01   1.5768835e-01
   5.5005319e-06   4.9494120e-05   8.7050888e-06   1.1154229e-03   1.5883895e-02   2.7936797e-03   4.4212506e-03   6.9970286e-03   8.9656135e-01   1.5768835e-01
   5.5005319e-06   6.1130193e-07   7.8328918e-05   1.1154229e-03   1.5883895e-02   2.7936797e-03   4.4212506e-03   6.9970286e-03   8.9656135e-01   1.5768835e-01
   6.1130193e-07   5.5005319e-06   7.8328918e-05   1.1154229e-03   1.5883895e-02   2.7936797e-03   4.4212506e-03   6.9970286e-03   8.9656135e-01   1.5768835e-01
   4.4535110e-04   4.9494120e-05   7.8328918e-05   1.2396259e-04   1.9618201e-04   2.5137700e-02   4.4212506e-03   6.9970286e-03   8.9656135e-01   1.5768835e-01
   4.9494120e-05   4.4535110e-04   7.8328918e-05   1.2396259e-04   1.9618201e-04   2.5137700e-02   4.4212506e-03   6.9970286e-03   8.9656135e-01   1.5768835e-01
   4.9494120e-05   5.5005319e-06   7.0480837e-04   1.2396259e-04   1.9618201e-04   2.5137700e-02   4.4212506e-03   6.9970286e-03   8.9656135e-01   1.5768835e-01
   5.5005319e-06   4.9494120e-05   7.0480837e-04   1.2396259e-04   1.9618201e-04   2.5137700e-02   4.4212506e-03   6.9970286e-03   8.9656135e-01   1.5768835e-01
   4.9494120e-05   5.5005319e-06   8.7050888e-06   1.1154229e-03   1.9618201e-04   2.5137700e-02   4.4212506e-03   6.9970286e-03   8.9656135e-01   1.5768835e-01
   5.5005319e-06   4.9494120e-05   8.7050888e-06   1.1154229e-03   1.9618201e-04   2.5137700e-02   4.4212506e-03   6.9970286e-03   8.9656135e-01   1.5768835e-01
   5.5005319e-06   6.1130193e-07   7.8328918e-05   1.1154229e-03   1.9618201e-04   2.5137700e-02   4.4212506e-03   6.9970286e-03   8.9656135e-01   1.5768835e-01
   6.1130193e-07   5.5005319e-06   7.8328918e-05   1.1154229e-03   1.9618201e-04   2.5137700e-02   4.4212506e-03   6.9970286e-03   8.9656135e-01   1.5768835e-01
   4.9494120e-05   5.5005319e-06   8.7050888e-06   1.3776590e-05   1.7652576e-03   2.5137700e-02   4.4212506e-03   6.9970286e-03   8.9656135e-01   1.5768835e-01
   5.5005319e-06   4.9494120e-05   8.7050888e-06   1.3776590e-05   1.7652576e-03   2.5137700e-02   4.4212506e-03   6.9970286e-03   8.9656135e-01   1.5768835e-01
   5.5005319e-06   6.1130193e-07   7.8328918e-05   1.3776590e-05   1.7652576e-03   2.5137700e-02   4.4212506e-03   6.9970286e-03   8.9656135e-01   1.5768835e-01
   6.1130193e-07   5.5005319e-06   7.8328918e-05   1.3776590e-05   1.7652576e-03   2.5137700e-02   4.4212506e-03   6.9970286e-03   8.9656135e-01   1.5768835e-01
   5.5005319e-06   6.1130193e-07   9.6744055e-07   1.2396259e-04   1.7652576e-03   2.5137700e-02   4.4212506e-03   6.9970286e-03   8.9656135e-01   1.5768835e-01
   6.1130193e-07   5.5005319e-06   9.6744055e-07   1.2396259e-04   1.7652576e-03   2.5137700e-02   4.4212506e-03   6.9970286e-03   8.9656135e-01   1.5768835e-01
   6.1130193e-07   6.7937075e-08   8.7050888e-06   1.2396259e-04   1.7652576e-03   2.5137700e-02   4.4212506e-03   6.9970286e-03   8.9656135e-01   1.5768835e-01
   6.7937075e-08   6.1130193e-07   8.7050888e-06   1.2396259e-04   1.7652576e-03   2.5137700e-02   4.4212506e-03   6.9970286e-03   8.9656135e-01   1.5768835e-01
   4.4535110e-04   4.9494120e-05   7.8328918e-05   1.2396259e-04   1.9618201e-04   3.1047575e-04   3.9782681e-02   6.9970286e-03   8.9656135e-01   1.5768835e-01
   4.9494120e-05   4.4535110e-04   7.8328918e-05   1.2396259e-04   1.9618201e-04   3.1047575e-04   3.9782681e-02   6.9970286e-03   8.9656135e-01   1.5768835e-01
   4.9494120e-05   5.5005319e-06   7.0480837e-04   1.2396259e-04   1.9618201e-04   3.1047575e-04   3.9782681e-02   6.9970286e-03   8.9656135e-01   1.5768835e-01
   5.5005319e-06   4.9494120e-05   7.0480837e-04   1.2396259e-04   1.9618201e-04   3.1047575e-04   3.9782681e-02   6.9970286e-03   8.9656135e-01   1.5768835e-01
   4.9494120e-05   5.5005319e-06   8.7050888e-06   1.1154229e-03   1.9618201e-04   3.1047575e-04   3.9782681e-02   6.9970286e-03   8.9656135e-01   1.5768835e-01
   5.5005319e-06   4.9494120e-05   8.7050888e-06   1.1154229e-03   1.9618201e-04   3.1047575e-04   3.9782681e-02   6.9970286e-03   8.9656135e-01   1.5768835e-01
   5.5005319e-06   6.1130193e-07   7.8328918e-05   1.1154229e-03   1.9618201e-04   3.1047575e-04   3.9782681e-02   6.9970286e-03   8.9656135e-01   1.5768835e-01
   6.1130193e-07   5.5005319e-06   7.8328918e-05   1.1154229e-03   1.9618201e-04   3.1047575e-04   3.9782681e-02   6.9970286e-03   8.9656135e-01   1.5768835e-01
   4.9494120e-05   5.5005319e-06   8.7050888e-06   1.3776590e-05   1.7652576e-03   3.1047575e-04   3.9782681e-02   6.9970286e-03   8.9656135e-01   1.5768835e-01
   5.5005319e-06   4.9494120e-05   8.7050888e-06   1.3776590e-05   1.7652576e-03   3.1047575e-04   3.9782681e-02   6.9970286e-03   8.9656135e-01   1.5768835e-01
   5.5005319e-06   6.1130193e-07   7.8328918e-05   1.3776590e-05   1.7652576e-03   3.1047575e-04   3.9782681e-02   6.9970286e-03   8.9656135e-01   1.5768835e-01
   6.1130193e-07   5.5005319e-06   7.8328918e-05   1.3776590e-05   1.7652576e-03   3.1047575e-04   3.9782681e-02   6.9970286e-03   8.9656135e-01   1.5768835e-01
   5.5005319e-06   6.1130193e-07   9.6744055e-07   1.2396259e-04   1.7652576e-03   3.1047575e-04   3.9782681e-02   6.9970286e-03   8.9656135e-01   1.5768835e-01
   6.1130193e-07   5.5005319e-06   9.6744055e-07   1.2396259e-04   1.7652576e-03   3.1047575e-04   3.9782681e-02   6.9970286e-03   8.9656135e-01   1.5768835e-01
   6.1130193e-07   6.7937075e-08   8.7050888e-06   1.2396259e-04   1.7652576e-03   3.1047575e-04   3.9782681e-02   6.9970286e-03   8.9656135e-01   1.5768835e-01
   6.7937075e-08   6.1130193e-07   8.7050888e-06   1.2396259e-04   1.7652576e-03   3.1047575e-04   3.9782681e-02   6.9970286e-03   8.9656135e-01   1.5768835e-01
   4.9494120e-05   5.5005319e-06   8.7050888e-06   1.3776590e-05   2.1802698e-05   2.7936797e-03   3.9782681e-02   6.9970286e-03   8.9656135e-01   1.5768835e-01
   5.5005319e-06   4.9494120e-05   8.7050888e-06   1.3776590e-05   2.1802698e-05   2.7936797e-03   3.9782681e-02   6.9970286e-03   8.9656135e-01   1.5768835e-01
   5.5005319e-06   6.1130193e-07   7.8328918e-05   1.3776590e-05   2.1802698e-05   2.7936797e-03   3.9782681e-02   6.9970286e-03   8.9656135e-01   1.5768835e-01
   6.1130193e-07   5.5005319e-06   7.8328918e-05   1.3776590e-05   2.1802698e-05   2.7936797e-03   3.9782681e-02   6.9970286e-03   8.9656135e-01   1.5768835e-01
   5.5005319e-06   6.1130193e-07   9.6744055e-07   1.2396259e-04   2.1802698e-05   2.7936797e-03   3.9782681e-02   6.9970286e-03   8.9656135e-01   1.5768835e-01
   6.1130193e-07   5.5005319e-06   9.6744055e-07   1.2396259e-04   2.1802698e-05   2.7936797e-03   3.9782681e-02   6.9970286e-03   8.9656135e-01   1.5768835e-01
   6.1130193e-07   6.7937075e-08   8.7050888e-06   1.2396259e-04   2.1802698e-05   2.7936797e-03   3.9782681e-02   6.9970286e-03   8.9656135e-01   1.5768835e-01
   6.7937075e-08   6.1130193e-07   8.7050888e-06   1.2396259e-04   2.1802698e-05   2.7936797e-03   3.9782681e-02   6.9970286e-03   8.9656135e-01   1.5768835e-01
   5.5005319e-06   6.1130193e-07   9.6744055e-07   1.5310621e-06   1.9618201e-04   2.7936797e-03   3.9782681e-02   6.9970286e-03   8.9656135e-01   1.5768835e-01
   6.1130193e-07   5.5005319e-06   9.6744055e-07   1.5310621e-06   1.9618201e-04   2.7936797e-03   3.9782681e-02   6.9970286e-03   8.9656135e-01   1.5768835e-01
   6.1130193e-07   6.7937075e-08   8.7050888e-06   1.5310621e-06   1.9618201e-04   2.7936797e-03   3.9782681e-02   6.9970286e-03   8.9656135e-01   1.5768835e-01
   6.7937075e-08   6.1130193e-07   8.7050888e-06   1.5310621e-06   1.9618201e-04   2.7936797e-03   3.9782681e-02   6.9970286e-03   8.9656135e-01   1.5768835e-01
   6.1130193e-07   6.7937075e-08   1.0751656e-07   1.3776590e-05   1.9618201e-04   2.7936797e-03   3.9782681e-02   6.9970286e-03   8.9656135e-01   1.5768835e-01
   6.7937075e-08   6.1130193e-07   1.0751656e-07   1.3776590e-05   1.9618201e-04   2.7936797e-03   3.9782681e-02   6.9970286e-03   8.9656135e-01   1.5768835e-01
   6.7937075e-08   7.5501907e-09   9.6744055e-07   1.3776590e-05   1.9618201e-04   2.7936797e-03   3.9782681e-02   6.9970286e-03   8.9656135e-01   1.5768835e-01
   7.5501907e-09   6.7937075e-08   9.6744055e-07   1.3776590e-05   1.9618201e-04   2.7936797e-03   3.9782681e-02   6.9970286e-03   8.9656135e-01   1.5768835e-01
   4.4535110e-04   4.9494120e-05   7.8328918e-05   1.2396259e-04   1.9618201e-04   3.1047575e-04   4.9135594e-04   6.2959689e-02   8.9656135e-01   1.5768835e-01
   4.9494120e-05   4.4535110e-04   7.8328918e-05   1.2396259e-04   1.9618201e-04   3.1047575e-04   4.9135594e-04   6.2959689e-02   8.9656135e-01   1.5768835e-01
   4.9494120e-05   5.5005319e-06   7.0480837e-04   1.2396259e-04   1.9618201e-04   3.1047575e-04   4.9135594e-04   6.2959689e-02   8.9656135e-01   1.5768835e-01
   5.5005319e-06   4.9494120e-05   7.0480837e-04   1.2396259e-04   1.9618201e-04   3.1047575e-04   4.9135594e-04   6.2959689e-02   8.9656135e-01   1.5768835e-01
   4.9494120e-05   5.5005319e-06   8.7050888e-06   1.1154229e-03   1.9618201e-04   3.1047575e-04   4.9135594e-04   6.2959689e-02   8.9656135e-01   1.5768835e-01
   5.5005319e-06   4.9494120e-05   8.7050888e-06   1.1154229e-03   1.9618201e-04   3.1047575e-04   4.9135594e-04   6.2959689e-02   8.9656135e-01   1.5768835e-01
   5.5005319e-06   6.1130193e-07   7.8328918e-05   1.1154229e-03   1.9618201e-04   3.1047575e-04   4.9135594e-04   6.2959689e-02   8.9656135e-01   1.5768835e-01
   6.1130193e-07   5.5005319e-06   7.8328918e-05   1.1154229e-03   1.9618201e-04   3.1047575e-04   4.9135594e-04   6.2959689e-02   8.9656135e-01   1.5768835e-01
   4.9494120e-05   5.5005319e-06   8.7050888e-06   1.3776590e-05   1.7652576e-03   3.1047575e-04   4.9135594e-04   6.2959689e-02   8.9656135e-01   1.5768835e-01
   5.5005319e-06   4.9494120e-05   8.7050888e-06   1.3776590e-05   1.7652576e-03   3.1047575e-04   4.9135594e-04   6.2959689e-02   8.9656135e-01   1.5768835e-01
   5.5005319e-06   6.1130193e-07   7.8328918e-05   1.3776590e-05   1.7652576e-03   3.1047575e-04   4.9135594e-04   6.2959689e-02   8.9656135e-01   1.5768835e-01
   6.1130193e-07   5.5005319e-06   7.8328918e-05   1.3776590e-05   1.7652576e-03   3.1047575e-04   4.9135594e-04   6.2959689e-02   8.9656135e-01   1.5768835e-01
   5.5005319e-06   6.1130193e-07   9.6744055e-07   1.2396259e-04   1.7652576e-03   3.1047575e-04   4.9135594e-04   6.2959689e-02   8.9656135e-01   1.5768835e-01
   6.1130193e-07   5.5005319e-06   9.6744055e-07   1.2396259e-04   1.7652576e-03   3.1047575e-04   4.9135594e-04   6.2959689e-02   8.9656135e-01   1.5768835e-01
   6.1130193e-07   6.7937075e-08   8.7050888e-06   1.2396259e-04   1.7652576e-03   3.1047575e-04   4.9135594e-04   6.2959689e-02   8.9656135e-01   1.5768835e-01
   6.7937075e-08   6.1130193e-07   8.7050888e-06   1.2396259e-04   1.7652576e-03   3.1047575e-04   4.9135594e-04   6.2959689e-02   8.9656135e-01   1.5768835e-01
   4.9494120e-05   5.5005319e-06   8.7050888e-06   1.3776590e-05   2.1802698e-05   2.7936797e-03   4.9135594e-04   6.2959689e-02   8.9656135e-01   1.5768835e-01
   5.5005319e-06   4.9494120e-05   8.7050888e-06   1.3776590e-05   2.1802698e-05   2.7936797e-03   4.9135594e-04   6.2959689e-02   8.9656135e-01   1.5768835e-01
   5.5005319e-06   6.1130193e-07   7.8328918e-05   1.3776590e-05   2.1802698e-05   2.7936797e-03   4.9135594e-04   6.2959689e-02   8.9656135e-01   1.5768835e-01
   6.1130193e-07   5.5005319e-06   7.8328918e-05   1.3776590e-05   2.1802698e-05   2.7936797e-03   4.9135594e-04   6.2959689e-02   8.9656135e-01   1.5768835e-01
   5.5005319e-06   6.1130193e-07   9.6744055e-07   1.2396259e-04   2.1802698e-05   2.7936797e-03   4.9135594e-04   6.2959689e-02   8.9656135e-01   1.5768835e-01
   6.1130193e-07   5.5005319e-06   9.6744055e-07   1.2396259e-04   2.1802698e-05   2.7936797e-03   4.9135594e-04   6.2959689e-02   8.9656135e-01   1.5768835e-01
   6.1130193e-07   6.7937075e-08   8.7050888e-06   1.2396259e-04   2.1802698e-05   2.7936797e-03   4.9135594e-04   6.2959689e-02   8.9656135e-01   1.5768835e-01
   6.7937075e-08   6.1130193e-07   8.7050888e-06   1.2396259e-04   2.1802698e-05   2.7936797e-03   4.9135594e-04   6.2959689e-02   8.9656135e-01   1.5768835e-01
   5.5005319e-06   6.1130193e-07   9.6744055e-07   1.5310621e-06   1.9618201e-04   2.7936797e-03   4.9135594e-04   6.2959689e-02   8.9656135e-01   1.5768835e-01
   6.1130193e-07   5.5005319e-06   9.6744055e-07   1.5310621e-06   1.9618201e-04   2.7936797e-03   4.9135594e-04   6.2959689e-02   8.9656135e-01   1.5768835e-01
   6.1130193e-07   6.7937075e-08   8.7050888e-06   1.5310621e-06   1.9618201e-04   2.7936797e-03   4.9135594e-04   6.2959689e-02   8.9656135e-01   1.5768835e-01
   6.7937075e-08   6.1130193e-07   8.7050888e-06   1.5310621e-06   1.9618201e-04   2.7936797e-03   4.9135594e-04   6.2959689e-02   8.9656135e-01   1.5768835e-01
   6.1130193e-07   6.7937075e-08   1.0751656e-07   1.3776590e-05   1.9618201e-04   2.7936797e-03   4.9135594e-04   6.2959689e-02   8.9656135e-01   1.5768835e-01
   6.7937075e-08   6.1130193e-07   1.0751656e-07   1.3776590e-05   1.9618201e-04   2.7936797e-03   4.9135594e-04   6.2959689e-02   8.9656135e-01   1.5768835e-01
   6.7937075e-08   7.5501907e-09   9.6744055e-07   1.3776590e-05   1.9618201e-04   2.7936797e-03   4.9135594e-04   6.2959689e-02   8.9656135e-01   1.5768835e-01
   7.5501907e-09   6.7937075e-08   9.6744055e-07   1.3776590e-05   1.9618201e-04   2.7936797e-03   4.9135594e-04   6.2959689e-02   8.9656135e-01   1.5768835e-01
   4.9494120e-05   5.5005319e-06   8.7050888e-06   1.3776590e-05   2.1802698e-05   3.4504741e-05   4.4212506e-03   6.2959689e-02   8.9656135e-01   1.5768835e-01
   5.5005319e-06   4.9494120e-05   8.7050888e-06   1.3776590e-05   2.1802698e-05   3.4504741e-05   4.4212506e-03   6.2959689e-02   8.9656135e-01   1.5768835e-01
   5.5005319e-06   6.1130193e-07   7.8328918e-05   1.3776590e-05   2.1802698e-05   3.4504741e-05   4.4212506e-03   6.2959689e-02   8.9656135e-01   1.5768835e-01
   6.1130193e-07   5.5005319e-06   7.8328918e-05   1.3776590e-05   2.1802698e-05   3.4504741e-05   4.4212506e-03   6.2959689e-02   8.9656135e-01   1.5768835e-01
   5.5005319e-06   6.1130193e-07   9.6744055e-07   1.2396259e-04   2.1802698e-05   3.4504741e-05   4.4212506e-03   6.2959689e-02   8.9656135e-01   1.5768835e-01
   6.1130193e-07   5.5005319e-06   9.6744055e-07   1.2396259e-04   2.1802698e-05   3.4504741e-05   4.4212506e-03   6.2959689e-02   8.9656135e-01   1.5768835e-01
   6.1130193e-07   6.7937075e-08   8.7050888e-06   1.2396259e-04   2.1802698e-05   3.4504741e-05   4.4212506e-03   6.2959689e-02   8.9656135e-01   1.5768835e-01
   6.7937075e-08   6.1130193e-07   8.7050888e-06   1.2396259e-04   2.1802698e-05   3.4504741e-05   4.4212506e-03   6.2959689e-02   8.9656135e-01   1.5768835e-01
   5.5005319e-06   6.1130193e-07   9.6744055e-07   1.5310621e-06   1.9618201e-04   3.4504741e-05   4.4212506e-03   6.2959689e-02   8.9656135e-01   1.5768835e-01
   6.1130193e-07   5.5005319e-06   9.6744055e-07   1.5310621e-06   1.9618201e-04   3.4504741e-05   4.4212506e-03   6.2959689e-02   8.9656135e-01   1.5768835e-01
   6.1130193e-07   6.7937075e-08   8.7050888e-06   1.5310621e-06   1.9618201e-04   3.4504741e-05   4.4212506e-03   6.2959689e-02   8.9656135e-01   1.5768835e-01
   6.7937075e-08   6.1130193e-07   8.7050888e-06   1.5310621e-06   1.9618201e-04   3.4504741e-05   4.4212506e-03   6.2959689e-02   8.9656135e-01   1.5768835e-01
   6.1130193e-07   6.7937075e-08   1.0751656e-07   1.3776590e-05   1.9618201e-04   3.4504741e-05   4.4212506e-03   6.2959689e-02   8.9656135e-01   1.5768835e-01
   6.7937075e-08   6.1130193e-07   1.0751656e-07   1.3776590e-05   1.9618201e-04   3.4504741e-05   4.4212506e-03   6.2959689e-02   8.9656135e-01   1.5768835e-01
   6.7937075e-08   7.5501907e-09   9.6744055e-07   1.3776590e-05   1.9618201e-04   3.4504741e-05   4.4212506e-03   6.2959689e-02   8.9656135e-01   1.5768835e-01
   7.5501907e-09   6.7937075e-08   9.6744055e-07   1.3776590e-05   1.9618201e-04   3.4504741e-05   4.4212506e-03   6.2959689e-02   8.9656135e-01   1.5768835e-01
   5.5005319e-06   6.1130193e-07   9.6744055e-07   1.5310621e-06   2.4230441e-06   3.1047575e-04   4.4212506e-03   6.2959689e-02   8.9656135e-01   1.5768835e-01
   6.1130193e-07   5.5005319e-06   9.6744055e-07   1.5310621e-06   2.4230441e-06   3.1047575e-04   4.4212506e-03   6.2959689e-02   8.9656135e-01   1.5768835e-01
   6.1130193e-07   6.7937075e-08   8.7050888e-06   1.5310621e-06   2.4230441e-06   3.1047575e-04   4.4212506e-03   6.2959689e-02   8.9656135e-01   1.5768835e-01
   6.7937075e-08   6.1130193e-07   8.7050888e-06   1.5310621e-06   2.4230441e-06   3.1047575e-04   4.4212506e-03   6.2959689e-02   8.9656135e-01   1.5768835e-01
   6.1130193e-07   6.7937075e-08   1.0751656e-07   1.3776590e-05   2.4230441e-06   3.1047575e-04   4.4212506e-03   6.2959689e-02   8.9656135e-01   1.5768835e-01
   6.7937075e-08   6.1130193e-07   1.0751656e-07   1.3776590e-05   2.4230441e-06   3.1047575e-04   4.4212506e-03   6.2959689e-02   8.9656135e-01   1.5768835e-01
   6.7937075e-08   7.5501907e-09   9.6744055e-07   1.3776590e-05   2.4230441e-06   3.1047575e-04   4.4212506e-03   6.2959689e-02   8.9656135e-01   1.5768835e-01
   7.5501907e-09   6.7937075e-08   9.6744055e-07   1.3776590e-05   2.4230441e-06   3.1047575e-04   4.4212506e-03   6.2959689e-02   8.9656135e-01   1.5768835e-01
   6.1130193e-07   6.7937075e-08   1.0751656e-07   1.7015467e-07   2.1802698e-05   3.1047575e-04   4.4212506e-03   6.2959689e-02   8.9656135e-01   1.5768835e-01
   6.7937075e-08   6.1130193e-07   1.0751656e-07   1.7015467e-07   2.1802698e-05   3.1047575e-04   4.4212506e-03   6.2959689e-02   8.9656135e-01   1.5768835e-01
   6.7937075e-08   7.5501907e-09   9.6744055e-07   1.7015467e-07   2.1802698e-05   3.1047575e-04   4.4212506e-03   6.2959689e-02   8.9656135e-01   1.5768835e-01
   7.5501907e-09   6.7937075e-08   9.6744055e-07   1.7015467e-07   2.1802698e-05   3.1047575e-04   4.4212506e-03   6.2959689e-02   8.9656135e-01   1.5768835e-01
   6.7937075e-08   7.5501907e-09   1.1948859e-08   1.5310621e-06   2.1802698e-05   3.1047575e-04   4.4212506e-03   6.2959689e-02   8.9656135e-01   1.5768835e-01
   7.5501907e-09   6.7937075e-08   1.1948859e-08   1.5310621e-06   2.1802698e-05   3.1047575e-04   4.4212506e-03   6.2959689e-02   8.9656135e-01   1.5768835e-01
   7.5501907e-09   8.3909088e-10   1.0751656e-07   1.5310621e-06   2.1802698e-05   3.1047575e-04   4.4212506e-03   6.2959689e-02   8.9656135e-01   1.5768835e-01
   8.3909088e-10   7.5501907e-09   1.0751656e-07   1.5310621e-06   2.1802698e-05   3.1047575e-04   4.4212506e-03   6.2959689e-02   8.9656135e-01   1.5768835e-01
   4.0072963e-03   4.4535110e-04   7.0480837e-04   1.1154229e-03   1.7652576e-03   2.7936797e-03   4.4212506e-03   5.6651510e-01   9.9639397e-02   1.5768835e-01
   4.4535110e-04   4.0072963e-03   7.0480837e-04   1.1154229e-03   1.7652576e-03   2.7936797e-03   4.4212506e-03   5.6651510e-01   9.9639397e-02   1.5768835e-01
   4.4535110e-04   4.9494120e-05   6.3419085e-03   1.1154229e-03   1.7652576e-03   2.7936797e-03   4.4212506e-03   5.6651510e-01   9.9639397e-02   1.5768835e-01
   4.9494120e-05   4.4535110e-04   6.3419085e-03   1.1154229e-03   1.7652576e-03   2.7936797e-03   4.4212506e-03   5.6651510e-01   9.9639397e-02   1.5768835e-01
   4.4535110e-04   4.9494120e-05   7.8328918e-05   1.0036643e-02   1.7652576e-03   2.7936797e-03   4.4212506e-03   5.6651510e-01   9.9639397e-02   1.5768835e-01
   4.9494120e-05   4.4535110e-04   7.8328918e-05   1.0036643e-02   1.7652576e-03   2.7936797e-03   4.4212506e-03   5.6651510e-01   9.9639397e-02   1.5768835e-01
   4.9494120e-05   5.5005319e-06   7.0480837e-04   1.0036643e-02   1.7652576e-03   2.7936797e-03   4.4212506e-03   5.6651510e-01   9.9639397e-02   1.5768835e-01
   5.5005319e-06   4.9494120e-05   7.0480837e-04   1.0036643e-02   1.7652576e-03   2.7936797e-03   4.4212506e-03   5.6651510e-01   9.9639397e-02   1.5768835e-01
   4.4535110e-04   4.9494120e-05   7.8328918e-05   1.2396259e-04   1.5883895e-02   2.7936797e-03   4.4212506e-03   5.6651510e-01   9.9639397e-02   1.5768835e-01
   4.9494120e-05   4.4535110e-04   7.8328918e-05   1.2396259e-04   1.5883895e-02   2.7936797e-03   4.4212506e-03   5.6651510e-01   9.9639397e-02   1.5768835e-01
   4.9494120e-05   5.5005319e-06   7.0480837e-04   1.2396259e-04   1.5883895e-02   2.7936797e-03   4.4212506e-03   5.6651510e-01   9.9639397e-02   1.5768835e-01
   5.5005319e-06   4.9494120e-05   7.0480837e-04   1.2396259e-04   1.5883895e-02   2.7936797e-03   4.4212506e-03   5.6651510e-01   9.9639397e-02   1.5768835e-01
   4.9494120e-05   5.5005319e-06   8.7050888e-06   1.1154229e-03   1.5883895e-02   2.7936797e-03   4.4212506e-03   5.6651510e-01   9.9639397e-02   1.5768835e-01
   5.5005319e-06   4.9494120e-05   8.7050888e-06   1.1154229e-03   1.5883895e-02   2.7936797e-03   4.4212506e-03   5.6651510e-01   9.9639397e-02   1.5768835e-01
   5.5005319e-06   6.1130193e-07   7.8328918e-05   1.1154229e-03   1.5883895e-02   2.7936797e-03   4.4212506e-03   5.6651510e-01   9.9639397e-02   1.5768835e-01
   6.1130193e-07   5.5005319e-06   7.8328918e-05   1.1154229e-03   1.5883895e-02   2.7936797e-03   4.4212506e-03   5.6651510e-01   9.9639397e-02   1.5768835e-01
   4.4535110e-04   4.9494120e-05   7.8328918e-05   1.2396259e-04   1.9618201e-04   2.5137700e-02   4.4212506e-03   5.6651510e-01   9.9639397e-02   1.5768835e-01
   4.9494120e-05   4.4535110e-04   7.8328918e-05   1.2396259e-04   1.9618201e-04   2.5137700e-02   4.4212506e-03   5.6651510e-01   9.9639397e-02   1.5768835e-01
   4.9494120e-05   5.5005319e-06   7.0480837e-04   1.2396259e-04   1.9618201e-04   2.5137700e-02   4.4212506e-03   5.6651510e-01   9.9639397e-02   1.5768835e-01
   5.5005319e-06   4.9494120e-05   7.0480837e-04   1.2396259e-04   1.9618201e-04   2.5137700e-02   4.4212506e-03   5.6651510e-01   9.9639397e-02   1.5768835e-01
   4.9494120e-05   5.5005319e-06   8.7050888e-06   1.1154229e-03   1.9618201e-04   2.5137700e-02   4.4212506e-03   5.6651510e-01   9.9639397e-02   1.5768835e-01
   5.5005319e-06   4.9494120e-05   8.7050888e-06   1.1154229e-03   1.9618201e-04   2.5137700e-02   4.4212506e-03   5.6651510e-01   9.9639397e-02   1.5768835e-01
   5.5005319e-06   6.1130193e-07   7.8328918e-05   1.1154229e-03   1.9618201e-04   2.5137700e-02   4.4212506e-03   5.6651510e-01   9.9639397e-02   1.5768835e-01
   6.1130193e-07   5.5005319e-06   7.8328918e-05   1.1154229e-03   1.9618201e-04   2.5137700e-02   4.4212506e-03   5.6651510e-01   9.9639397e-02   1.5768835e-01
   4.9494120e-05   5.5005319e-06   8.7050888e-06   1.3776590e-05   1.7652576e-03   2.5137700e-02   4.4212506e-03   5.6651510e-01   9.9639397e-02   1.5768835e-01
   5.5005319e-06   4.9494120e-05   8.7050888e-06   1.3776590e-05   1.7652576e-03   2.5137700e-02   4.4212506e-03   5.6651510e-01   9.9639397e-02   1.5768835e-01
   5.5005319e-06   6.1130193e-07   7.8328918e-05   1.3776590e-05   1.7652576e-03   2.5137700e-02   4.4212506e-03   5.6651510e-01   9.9639397e-02   1.5768835e-01
   6.1130193e-07   5.5005319e-06   7.8328918e-05   1.3776590e-05   1.7652576e-03   2.5137700e-02   4.4212506e-03   5.6651510e-01   9.9639397e-02   1.5768835e-01
   5.5005319e-06   6.1130193e-07   9.6744055e-07   1.2396259e-04   1.7652576e-03   2.5137700e-02   4.4212506e-03   5.6651510e-01   9.9639397e-02   1.5768835e-01
   6.1130193e-07   5.5005319e-06   9.6744055e-07   1.2396259e-04   1.7652576e-03   2.5137700e-02   4.4212506e-03   5.6651510e-01   9.9639397e-02   1.5768835e-01
   6.1130193e-07   6.7937075e-08   8.7050888e-06   1.2396259e-04   1.7652576e-03   2.5137700e-02   4.4212506e-03   5.6651510e-01   9.9639397e-02   1.5768835e-01
   6.7937075e-08   6.1130193e-07   8.7050888e-06   1.2396259e-04   1.7652576e-03   2.5137700e-02   4.4212506e-03   5.6651510e-01   9.9639397e-02   1.5768835e-01
   4.4535110e-04   4.9494120e-05   7.8328918e-05   1.2396259e-04   1.9618201e-04   3.1047575e-04   3.9782681e-02   5.6651510e-01   9.9639397e-02   1.5768835e-01
   4.9494120e-05   4.4535110e-04   7.8328918e-05   1.2396259e-04   1.9618201e-04   3.1047575e-04   3.9782681e-02   5.6651510e-01   9.9639397e-02   1.5768835e-01
   4.9494120e-05   5.5005319e-06   7.0480837e-04   1.2396259e-04   1.9618201e-04   3.1047575e-04   3.9782681e-02   5.6651510e-01   9.9639397e-02   1.5768835e-01
   5.5005319e-06   4.9494120e-05   7.0480837e-04   1.2396259e-04   1.9618201e-04   3.1047575e-04   3.9782681e-02   5.6651510e-01   9.9639397e-02   1.5768835e-01
   4.9494120e-05   5.5005319e-06   8.7050888e-06   1.1154229e-03   1.9618201e-04   3.1047575e-04   3.9782681e-02   5.6651510e-01   9.9639397e-02   1.5768835e-01
   5.5005319e-06   4.9494120e-05   8.7050888e-06   1.1154229e-03   1.9618201e-04   3.1047575e-04   3.9782681e-02   5.6651510e-01   9.9639397e-02   1.5768835e-01
   5.5005319e-06   6.1130193e-07   7.8328918e-05   1.1154229e-03   1.9618201e-04   3.1047575e-04   3.9782681e-02   5.6651510e-01   9.9639397e-02   1.5768835e-01
   6.1130193e-07   5.5005319e-06   7.8328918e-05   1.1154229e-03   1.9618201e-04   3.1047575e-04   3.9782681e-02   5.6651510e-01   9.9639397e-02   1.5768835e-01
   4.9494120e-05   5.5005319e-06   8.7050888e-06   1.3776590e-05   1.7652576e-03   3.1047575e-04   3.9782681e-02   5.6651510e-01   9.9639397e-02   1.5768835e-01
   5.5005319e-06   4.9494120e-05   8.7050888e-06   1.3776590e-05   1.7652576e-03   3.1047575e-04   3.9782681e-02   5.6651510e-01   9.9639397e-02   1.5768835e-01
   5.5005319e-06   6.1130193e-07   7.8328918e-05   1.3776590e-05   1.7652576e-03   3.1047575e-04   3.9782681e-02   5.6651510e-01   9.9639397e-02   1.5768835e-01
   6.1130193e-07   5.5005319e-06   7.8328918e-05   1.3776590e-05   1.7652576e-03   3.1047575e-04   3.9782681e-02   5.6651510e-01   9.9639397e-02   1.5768835e-01
   5.5005319e-06   6.1130193e-07   9.6744055e-07   1.2396259e-04   1.7652576e-03   3.1047575e-04   3.9782681e-02   5.6651510e-01   9.9639397e-02   1.5768835e-01
   6.1130193e-07   5.5005319e-06   9.6744055e-07   1.2396259e-04   1.7652576e-03   3.1047575e-04   3.9782681e-02   5.6651510e-01   9.9639397e-02   1.5768835e-01
   6.1130193e-07   6.7937075e-08   8.7050888e-06   1.2396259e-04   1.7652576e-03   3.1047575e-04   3.9782681e-02   5.6651510e-01   9.9639397e-02   1.5768835e-01
   6.7937075e-08   6.1130193e-07   8.7050888e-06   1.2396259e-04   1.7652576e-03   3.1047575e-04   3.9782681e-02   5.6651510e-01   9.9639397e-02   1.5768835e-01
   4.9494120e-05   5.5005319e-06   8.7050888e-06   1.3776590e-05   2.1802698e-05   2.7936797e-03   3.9782681e-02   5.6651510e-01   9.9639397e-02   1.5768835e-01
   5.5005319e-06   4.9494120e-05   8.7050888e-06   1.3776590e-05   2.1802698e-05   2.7936797e-03   3.9782681e-02   5.6651510e-01   9.9639397e-02   1.5768835e-01
   5.5005319e-06   6.1130193e-07   7.8328918e-05   1.3776590e-05   2.1802698e-05   2.7936797e-03   3.9782681e-02   5.6651510e-01   9.9639397e-02   1.5768835e-01
   6.1130193e-07   5.5005319e-06   7.8328918e-05   1.3776590e-05   2.1802698e-05   2.7936797e-03   3.9782681e-02   5.6651510e-01   9.9639397e-02   1.5768835e-01
   5.5005319e-06   6.1130193e-07   9.6744055e-07   1.2396259e-04   2.1802698e-05   2.7936797e-03   3.9782681e-02   5.6651510e-01   9.9639397e-02   1.5768835e-01
   6.1130193e-07   5.5005319e-06   9.6744055e-07   1.2396259e-04   2.1802698e-05   2.7936797e-03   3.9782681e-02   5.6651510e-01   9.9639397e-02   1.5768835e-01
   6.1130193e-07   6.7937075e-08   8.7050888e-06   1.2396259e-04   2.1802698e-05   2.7936797e-03   3.9782681e-02   5.6651510e-01   9.9639397e-02   1.5768835e-01
   6.7937075e-08   6.1130193e-07   8.7050888e-06   1.2396259e-04   2.1802698e-05   2.7936797e-03   3.9782681e-02   5.6651510e-01   9.9639397e-02   1.5768835e-01
   5.5005319e-06   6.1130193e-07   9.6744055e-07   1.5310621e-06   1.9618201e-04   2.7936797e-03   3.9782681e-02   5.6651510e-01   9.9639397e-02   1.5768835e-01
   6.1130193e-07   5.5005319e-06   9.6744055e-07   1.5310621e-06   1.9618201e-04   2.7936797e-03   3.9782681e-02   5.6651510e-01   9.9639397e-02   1.5768835e-01
   6.1130193e-07   6.7937075e-08   8.7050888e-06   1.5310621e-06   1.9618201e-04   2.7936797e-03   3.9782681e-02   5.6651510e-01   9.9639397e-02   1.5768835e-01
   6.7937075e-08   6.1130193e-07   8.7050888e-06   1.5310621e-06   1.9618201e-04   2.7936797e-03   3.9782681e-02   5.6651510e-01   9.9639397e-02   1.5768835e-01
   6.1130193e-07   6.7937075e-08   1.0751656e-07   1.3776590e-05   1.9618201e-04   2.7936797e-03   3.9782681e-02   5.6651510e-01   9.9639397e-02   1.5768835e-01
   6.7937075e-08   6.1130193e-07   1.0751656e-07   1.3776590e-05   1.9618201e-04   2.7936797e-03   3.9782681e-02   5.6651510e-01   9.9639397e-02   1.5768835e-01
   6.7937075e-08   7.5501907e-09   9.6744055e-07   1.3776590e-05   1.9618201e-04   2.7936797e-03   3.9782681e-02   5.6651510e-01   9.9639397e-02   1.5768835e-01
   7.5501907e-09   6.7937075e-08   9.6744055e-07   1.3776590e-05   1.9618201e-04   2.7936797e-03   3.9782681e-02   5.6651510e-01   9.9639397e-02   1.5768835e-01
   4.0072963e-03   4.4535110e-04   7.0480837e-04   1.1154229e-03   1.7652576e-03   2.7936797e-03   3.5796699e-01   6.2959689e-02   9.9639397e-02   1.5768835e-01
   4.4535110e-04   4.0072963e-03   7.0480837e-04   1.1154229e-03   1.7652576e-03   2.7936797e-03   3.5796699e-01   6.2959689e-02   9.9639397e-02   1.5768835e-01
   4.4535110e-04   4.9494120e-05   6.3419085e-03   1.1154229e-03   1.7652576e-03   2.7936797e-03   3.5796699e-01   6.2959689e-02   9.9639397e-02   1.5768835e-01
   4.9494120e-05   4.4535110e-04   6.3419085e-03   1.1154229e-03   1.7652576e-03   2.7936797e-03   3.5796699e-01   6.2959689e-02   9.9639397e-02   1.5768835e-01
   4.4535110e-04   4.9494120e-05   7.8328918e-05   1.0036643e-02   1.7652576e-03   2.7936797e-03   3.5796699e-01   6.2959689e-02   9.9639397e-02   1.5768835e-01
   4.9494120e-05   4.4535110e-04   7.8328918e-05   1.0036643e-02   1.7652576e-03   2.7936797e-03   3.5796699e-01   6.2959689e-02   9.9639397e-02   1.5768835e-01
   4.9494120e-05   5.5005319e-06   7.0480837e-04   1.0036643e-02   1.7652576e-03   2.7936797e-03   3.5796699e-01   6.2959689e-02   9.9639397e-02   1.5768835e-01
   5.5005319e-06   4.9494120e-05   7.0480837e-04   1.0036643e-02   1.7652576e-03   2.7936797e-03   3.5796699e-01   6.2959689e-02   9.9639397e-02   1.5768835e-01
   4.4535110e-04   4.9494120e-05   7.8328918e-05   1.2396259e-04   1.5883895e-02   2.7936797e-03   3.5796699e-01   6.2959689e-02   9.9639397e-02   1.5768835e-01
   4.9494120e-05   4.4535110e-04   7.8328918e-05   1.2396259e-04   1.5883895e-02   2.7936797e-03   3.5796699e-01   6.2959689e-02   9.9639397e-02   1.5768835e-01
   4.9494120e-05   5.5005319e-06   7.0480837e-04   1.2396259e-04   1.5883895e-02   2.7936797e-03   3.5796699e-01   6.2959689e-02   9.9639397e-02   1.5768835e-01
   5.5005319e-06   4.9494120e-05   7.0480837e-04   1.2396259e-04   1.5883895e-02   2.7936797e-03   3.5796699e-01   6.2959689e-02   9.9639397e-02   1.5768835e-01
   4.9494120e-05   5.5005319e-06   8.7050888e-06   1.1154229e-03   1.5883895e-02   2.7936797e-03   3.5796699e-01   6.2959689e-02   9.9639397e-02   1.5768835e-01
   5.5005319e-06   4.9494120e-05   8.7050888e-06   1.1154229e-03   1.5883895e-02   2.7936797e-03   3.5796699e-01   6.2959689e-02   9.9639397e-02   1.5768835e-01
   5.5005319e-06   6.1130193e-07   7.8328918e-05   1.1154229e-03   1.5883895e-02   2.7936797e-03   3.5796699e-01   6.2959689e-02   9.9639397e-02   1.5768835e-01
   6.1130193e-07   5.5005319e-06   7.8328918e-05   1.1154229e-03   1.5883895e-02   2.7936797e-03   3.5796699e-01   6.2959689e-02   9.9639397e-02   1.5768835e-01
   4.4535110e-04   4.9494120e-05   7.8328918e-05   1.2396259e-04   1.9618201e-04   2.5137700e-02   3.5796699e-01   6.2959689e-02   9.9639397e-02   1.5768835e-01
   4.9494120e-05   4.4535110e-04   7.8328918e-05   1.2396259e-04   1.9618201e-04   2.5137700e-02   3.5796699e-01   6.2959689e-02   9.9639397e-02   1.5768835e-01
   4.9494120e-05   5.5005319e-06   7.0480837e-04   1.2396259e-04   1.9618201e-04   2.5137700e-02   3.5796699e-01   6.2959689e-02   9.9639397e-02   1.5768835e-01
   5.5005319e-06   4.9494120e-05   7.0480837e-04   1.2396259e-04   1.9618201e-04   2.5137700e-02   3.5796699e-01   6.2959689e-02   9.9639397e-02   1.5768835e-01
   4.9494120e-05   5.5005319e-06   8.7050888e-06   1.1154229e-03   1.9618201e-04   2.5137700e-02   3.5796699e-01   6.2959689e-02   9.9639397e-02   1.5768835e-01
   5.5005319e-06   4.9494120e-05   8.7050888e-06   1.1154229e-03   1.9618201e-04   2.5137700e-02   3.5796699e-01   6.2959689e-02   9.9639397e-02   1.5768835e-01
   5.5005319e-06   6.1130193e-07   7.8328918e-05   1.1154229e-03   1.9618201e-04   2.5137700e-02   3.5796699e-01   6.2959689e-02   9.9639397e-02   1.5768835e-01
   6.1130193e-07   5.5005319e-06   7.8328918e-05   1.1154229e-03   1.9618201e-04   2.5137700e-02   3.5796699e-01   6.2959689e-02   9.9639397e-02   1.5768835e-01
   4.9494120e-05   5.5005319e-06   8.7050888e-06   1.3776590e-05   1.7652576e-03   2.5137700e-02   3.5796699e-01   6.2959689e-02   9.9639397e-02   1.5768835e-01
   5.5005319e-06   4.9494120e-05   8.7050888e-06   1.3776590e-05   1.7652576e-03   2.5137700e-02   3.5796699e-01   6.2959689e-02   9.9639397e-02   1.5768835e-01
   5.5005319e-06   6.1130193e-07   7.8328918e-05   1.3776590e-05   1.7652576e-03   2.5137700e-02   3.5796699e-01   6.2959689e-02   9.9639397e-02   1.5768835e-01
   6.1130193e-07   5.5005319e-06   7.8328918e-05   1.3776590e-05   1.7652576e-03   2.5137700e-02   3.5796699e-01   6.2959689e-02   9.9639397e-02   1.5768835e-01
   5.5005319e-06   6.1130193e-07   9.6744055e-07   1.2396259e-04   1.7652576e-03   2.5137700e-02   3.5796699e-01   6.2959689e-02   9.9639397e-02   1.5768835e-01
   6.1130193e-07   5.5005319e-06   9.6744055e-07   1.2396259e-04   1.7652576e-03   2.5137700e-02   3.5796699e-01   6.2959689e-02   9.9639397e-02   1.5768835e-01
   6.1130193e-07   6.7937075e-08   8.7050888e-06   1.2396259e-04   1.7652576e-03   2.5137700e-02   3.5796699e-01   6.2959689e-02   9.9639397e-02   1.5768835e-01
   6.7937075e-08   6.1130193e-07   8.7050888e-06   1.2396259e-04   1.7652576e-03   2.5137700e-02   3.5796699e-01   6.2959689e-02   9.9639397e-02   1.5768835e-01
   4.0072963e-03   4.4535110e-04   7.0480837e-04   1.1154229e-03   1.7652576e-03   2.2619055e-01   3.9782681e-02   6.2959689e-02   9.9639397e-02   1.5768835e-01
   4.4535110e-04   4.0072963e-03   7.0480837e-04   1.1154229e-03   1.7652576e-03   2.2619055e-01   3.9782681e-02   6.2959689e-02   9.9639397e-02   1.5768835e-01
   4.4535110e-04   4.9494120e-05   6.3419085e-03   1.1154229e-03   1.7652576e-03   2.2619055e-01   3.9782681e-02   6.2959689e-02   9.9639397e-02   1.5768835e-01
   4.9494120e-05   4.4535110e-04   6.3419085e-03   1.1154229e-03   1.7652576e-03   2.2619055e-01   3.9782681e-02   6.2959689e-02   9.9639397e-02   1.5768835e-01
   4.4535110e-04   4.9494120e-05   7.8328918e-05   1.0036643e-02   1.7652576e-03   2.2619055e-01   3.9782681e-02   6.2959689e-02   9.9639397e-02   1.5768835e-01
   4.9494120e-05   4.4535110e-04   7.8328918e-05   1.0036643e-02   1.7652576e-03   2.2619055e-01   3.9782681e-02   6.2959689e-02   9.9639397e-02   1.5768835e-01
   4.9494120e-05   5.5005319e-06   7.0480837e-04   1.0036643e-02   1.7652576e-03   2.2619055e-01   3.9782681e-02   6.2959689e-02   9.9639397e-02   1.5768835e-01
   5.5005319e-06   4.9494120e-05   7.0480837e-04   1.0036643e-02   1.7652576e-03   2.2619055e-01   3.9782681e-02   6.2959689e-02   9.9639397e-02   1.5768835e-01
   4.4535110e-04   4.9494120e-05   7.8328918e-05   1.2396259e-04   1.5883895e-02   2.2619055e-01   3.9782681e-02   6.2959689e-02   9.9639397e-02   1.5768835e-01
   4.9494120e-05   4.4535110e-04   7.8328918e-05   1.2396259e-04   1.5883895e-02   2.2619055e-01   3.9782681e-02   6.2959689e-02   9.9639397e-02   1.5768835e-01
   4.9494120e-05   5.5005319e-06   7.0480837e-04   1.2396259e-04   1.5883895e-02   2.2619055e-01   3.9782681e-02   6.2959689e-02   9.9639397e-02   1.5768835e-01
   5.5005319e-06   4.9494120e-05   7.0480837e-04   1.2396259e-04   1.5883895e-02   2.2619055e-01   3.9782681e-02   6.2959689e-02   9.9639397e-02   1.5768835e-01
   4.9494120e-05   5.5005319e-06   8.7050888e-06   1.1154229e-03   1.5883895e-02   2.2619055e-01   3.9782681e-02   6.2959689e-02   9.9639397e-02   1.5768835e-01
   5.5005319e-06   4.9494120e-05   8.7050888e-06   1.1154229e-03   1.5883895e-02   2.2619055e-01   3.9782681e-02   6.2959689e-02   9.9639397e-02   1.5768835e-01
   5.5005319e-06   6.1130193e-07   7.8328918e-05   1.1154229e-03   1.5883895e-02   2.2619055e-01   3.9782681e-02   6.2959689e-02   9.9639397e-02   1.5768835e-01
   6.1130193e-07   5.5005319e-06   7.8328918e-05   1.1154229e-03   1.5883895e-02   2.2619055e-01   3.9782681e-02   6.2959689e-02   9.9639397e-02   1.5768835e-01
   4.0072963e-03   4.4535110e-04   7.0480837e-04   1.1154229e-03   1.4292425e-01   2.5137700e-02   3.9782681e-02   6.2959689e-02   9.9639397e-02   1.5768835e-01
   4.4535110e-04   4.0072963e-03   7.0480837e-04   1.1154229e-03   1.4292425e-01   2.5137700e-02   3.9782681e-02   6.2959689e-02   9.9639397e-02   1.5768835e-01
   4.4535110e-04   4.9494120e-05   6.3419085e-03   1.1154229e-03   1.4292425e-01   2.5137700e-02   3.9782681e-02   6.2959689e-02   9.9639397e-02   1.5768835e-01
   4.9494120e-05   4.4535110e-04   6.3419085e-03   1.1154229e-03   1.4292425e-01   2.5137700e-02   3.9782681e-02   6.2959689e-02   9.9639397e-02   1.5768835e-01
   4.4535110e-04   4.9494120e-05   7.8328918e-05   1.0036643e-02   1.4292425e-01   2.5137700e-02   3.9782681e-02   6.2959689e-02   9.9639397e-02   1.5768835e-01
   4.9494120e-05   4.4535110e-04   7.8328918e-05   1.0036643e-02   1.4292425e-01   2.5137700e-02   3.9782681e-02   6.2959689e-02   9.9639397e-02   1.5768835e-01
   4.9494120e-05   5.5005319e-06   7.0480837e-04   1.0036643e-02   1.4292425e-01   2.5137700e-02   3.9782681e-02   6.2959689e-02   9.9639397e-02   1.5768835e-01
   5.5005319e-06   4.9494120e-05   7.0480837e-04   1.0036643e-02   1.4292425e-01   2.5137700e-02   3.9782681e-02   6.2959689e-02   9.9639397e-02   1.5768835e-01
   4.0072963e-03   4.4535110e-04   7.0480837e-04   9.0310327e-02   1.5883895e-02   2.5137700e-02   3.9782681e-02   6.2959689e-02   9.9639397e-02   1.5768835e-01
   4.4535110e-04   4.0072963e-03   7.0480837e-04   9.0310327e-02   1.5883895e-02   2.5137700e-02   3.9782681e-02   6.2959689e-02   9.9639397e-02   1.5768835e-01
   4.4535110e-04   4.9494120e-05   6.3419085e-03   9.0310327e-02   1.5883895e-02   2.5137700e-02   3.9782681e-02   6.2959689e-02   9.9639397e-02   1.5768835e-01
   4.9494120e-05   4.4535110e-04   6.3419085e-03   9.0310327e-02   1.5883895e-02   2.5137700e-02   3.9782681e-02   6.2959689e-02   9.9639397e-02   1.5768835e-01
   4.0072963e-03   4.4535110e-04   5.7064878e-02   1.0036643e-02   1.5883895e-02   2.5137700e-02   3.9782681e-02   6.2959689e-02   9.9639397e-02   1.5768835e-01
   4.4535110e-04   4.0072963e-03   5.7064878e-02   1.0036643e-02   1.5883895e-02   2.5137700e-02   3.9782681e-02   6.2959689e-02   9.9639397e-02   1.5768835e-01
   4.0072963e-03   3.6057896e-02   6.3419085e-03   1.0036643e-02   1.5883895e-02   2.5137700e-02   3.9782681e-02   6.2959689e-02   9.9639397e-02   1.5768835e-01
   3.6057896e-02   4.0072963e-03   6.3419085e-03   1.0036643e-02   1.5883895e-02   2.5137700e-02   3.9782681e-02   6.2959689e-02   9.9639397e-02   1.5768835e-01
