   9.2151864e-02   1.0241303e-02   1.6207787e-02   2.5650288e-02   4.0593898e-02   6.4243513e-02   1.0167116e-01   1.6090381e-01
   1.0241303e-02   9.2151864e-02   1.6207787e-02   2.5650288e-02   4.0593898e-02   6.4243513e-02   1.0167116e-01   1.6090381e-01
   1.0241303e-02   1.1381678e-03   1.4583865e-01   2.5650288e-02   4.0593898e-02   6.4243513e-02   1.0167116e-01   1.6090381e-01
   1.1381678e-03   1.0241303e-02   1.4583865e-01   2.5650288e-02   4.0593898e-02   6.4243513e-02   1.0167116e-01   1.6090381e-01
   1.0241303e-02   1.1381678e-03   1.8012533e-03   2.3080285e-01   4.0593898e-02   6.4243513e-02   1.0167116e-01   1.6090381e-01
   1.1381678e-03   1.0241303e-02   1.8012533e-03   2.3080285e-01   4.0593898e-02   6.4243513e-02   1.0167116e-01   1.6090381e-01
   1.1381678e-03   1.2649034e-04   1.6207787e-02   2.3080285e-01   4.0593898e-02   6.4243513e-02   1.0167116e-01   1.6090381e-01
   1.2649034e-04   1.1381678e-03   1.6207787e-02   2.3080285e-01   4.0593898e-02   6.4243513e-02   1.0167116e-01   1.6090381e-01
   1.0241303e-02   1.1381678e-03   1.8012533e-03   2.8506462e-03   3.6526636e-01   6.4243513e-02   1.0167116e-01   1.6090381e-01
   1.1381678e-03   1.0241303e-02   1.8012533e-03   2.8506462e-03   3.6526636e-01   6.4243513e-02   1.0167116e-01   1.6090381e-01
   1.1381678e-03   1.2649034e-04   1.6207787e-02   2.8506462e-03   3.6526636e-01   6.4243513e-02   1.0167116e-01   1.6090381e-01
   1.2649034e-04   1.1381678e-03   1.6207787e-02   2.8506462e-03   3.6526636e-01   6.4243513e-02   1.0167116e-01   1.6090381e-01
   1.1381678e-03   1.2649034e-04   2.0018239e-04   2.5650288e-02   3.6526636e-01   6.4243513e-02   1.0167116e-01   1.6090381e-01
   1.2649034e-04   1.1381678e-03   2.0018239e-04   2.5650288e-02   3.6526636e-01   6.4243513e-02   1.0167116e-01   1.6090381e-01
   1.2649034e-04   1.4057511e-05   1.8012533e-03   2.5650288e-02   3.6526636e-01   6.4243513e-02   1.0167116e-01   1.6090381e-01
   1.4057511e-05   1.2649034e-04   1.8012533e-03   2.5650288e-02   3.6526636e-01   6.4243513e-02   1.0167116e-01   1.6090381e-01
   1.0241303e-02   1.1381678e-03   1.8012533e-03   2.8506462e-03   4.5114052e-03   5.7806703e-01   1.0167116e-01   1.6090381e-01
   1.1381678e-03   1.0241303e-02   1.8012533e-03   2.8506462e-03   4.5114052e-03   5.7806703e-01   1.0167116e-01   1.6090381e-01
   1.1381678e-03   1.2649034e-04   1.6207787e-02   2.8506462e-03   4.5114052e-03   5.7806703e-01   1.0167116e-01   1.6090381e-01
   1.2649034e-04   1.1381678e-03   1.6207787e-02   2.8506462e-03   4.5114052e-03   5.7806703e-01   1.0167116e-01   1.6090381e-01
   1.1381678e-03   1.2649034e-04   2.0018239e-04   2.5650288e-02   4.5114052e-03   5.7806703e-01   1.0167116e-01   1.6090381e-01
   1.2649034e-04   1.1381678e-03   2.0018239e-04   2.5650288e-02   4.5114052e-03   5.7806703e-01   1.0167116e-01   1.6090381e-01
   1.2649034e-04   1.4057511e-05   1.8012533e-03   2.5650288e-02   4.5114052e-03   5.7806703e-01   1.0167116e-01   1.6090381e-01
   1.4057511e-05   1.2649034e-04   1.8012533e-03   2.5650288e-02   4.5114052e-03   5.7806703e-01   1.0167116e-01   1.6090381e-01
   1.1381678e-03   1.2649034e-04   2.0018239e-04   3.1680673e-04   4.0593898e-02   5.7806703e-01   1.0167116e-01   1.6090381e-01
   1.2649034e-04   1.1381678e-03   2.0018239e-04   3.1680673e-04   4.0593898e-02   5.7806703e-01   1.0167116e-01   1.6090381e-01
   1.2649034e-04   1.4057511e-05   1.8012533e-03   3.1680673e-04   4.0593898e-02   5.7806703e-01   1.0167116e-01   1.6090381e-01
   1.4057511e-05   1.2649034e-04   1.8012533e-03   3.1680673e-04   4.0593898e-02   5.7806703e-01   1.0167116e-01   1.6090381e-01
   1.2649034e-04   1.4057511e-05   2.2247282e-05   2.8506462e-03   4.0593898e-02   5.7806703e-01   1.0167116e-01   1.6090381e-01
   1.4057511e-05   1.2649034e-04   2.2247282e-05   2.8506462e-03   4.0593898e-02   5.7806703e-01   1.0167116e-01   1.6090381e-01
   1.4057511e-05   1.5622823e-06   2.0018239e-04   2.8506462e-03   4.0593898e-02   5.7806703e-01   1.0167116e-01   1.6090381e-01
   1.5622823e-06   1.4057511e-05   2.0018239e-04   2.8506462e-03   4.0593898e-02   5.7806703e-01   1.0167116e-01   1.6090381e-01
   1.0241303e-02   1.1381678e-03   1.8012533e-03   2.8506462e-03   4.5114052e-03   7.1397065e-03   9.1484332e-01   1.6090381e-01
   1.1381678e-03   1.0241303e-02   1.8012533e-03   2.8506462e-03   4.5114052e-03   7.1397065e-03   9.1484332e-01   1.6090381e-01
   1.1381678e-03   1.2649034e-04   1.6207787e-02   2.8506462e-03   4.5114052e-03   7.1397065e-03   9.1484332e-01   1.6090381e-01
   1.2649034e-04   1.1381678e-03   1.6207787e-02   2.8506462e-03   4.5114052e-03   7.1397065e-03   9.1484332e-01   1.6090381e-01
   1.1381678e-03   1.2649034e-04   2.0018239e-04   2.5650288e-02   4.5114052e-03   7.1397065e-03   9.1484332e-01   1.6090381e-01
   1.2649034e-04   1.1381678e-03   2.0018239e-04   2.5650288e-02   4.5114052e-03   7.1397065e-03   9.1484332e-01   1.6090381e-01
   1.2649034e-04   1.4057511e-05   1.8012533e-03   2.5650288e-02   4.5114052e-03   7.1397065e-03   9.1484332e-01   1.6090381e-01
   1.4057511e-05   1.2649034e-04   1.8012533e-03   2.5650288e-02   4.5114052e-03   7.1397065e-03   9.1484332e-01   1.6090381e-01
   1.1381678e-03   1.2649034e-04   2.0018239e-04   3.1680673e-04   4.0593898e-02   7.1397065e-03   9.1484332e-01   1.6090381e-01
   1.2649034e-04   1.1381678e-03   2.0018239e-04   3.1680673e-04   4.0593898e-02   7.1397065e-03   9.1484332e-01   1.6090381e-01
   1.2649034e-04   1.4057511e-05   1.8012533e-03   3.1680673e-04   4.0593898e-02   7.1397065e-03   9.1484332e-01   1.6090381e-01
   1.4057511e-05   1.2649034e-04   1.8012533e-03   3.1680673e-04   4.0593898e-02   7.1397065e-03   9.1484332e-01   1.6090381e-01
   1.2649034e-04   1.4057511e-05   2.2247282e-05   2.8506462e-03   4.0593898e-02   7.1397065e-03   9.1484332e-01   1.6090381e-01
   1.4057511e-05   1.2649034e-04   2.2247282e-05   2.8506462e-03   4.0593898e-02   7.1397065e-03   9.1484332e-01   1.6090381e-01
   1.4057511e-05   1.5622823e-06   2.0018239e-04   2.8506462e-03   4.0593898e-02   7.1397065e-03   9.1484332e-01   1.6090381e-01
   1.5622823e-06   1.4057511e-05   2.0018239e-04   2.8506462e-03   4.0593898e-02   7.1397065e-03   9.1484332e-01   1.6090381e-01
   1.1381678e-03   1.2649034e-04   2.0018239e-04   3.1680673e-04   5.0137528e-04   6.4243513e-02   9.1484332e-01   1.6090381e-01
   1.2649034e-04   1.1381678e-03   2.0018239e-04   3.1680673e-04   5.0137528e-04   6.4243513e-02   9.1484332e-01   1.6090381e-01
   1.2649034e-04   1.4057511e-05   1.8012533e-03   3.1680673e-04   5.0137528e-04   6.4243513e-02   9.1484332e-01   1.6090381e-01
   1.4057511e-05   1.2649034e-04   1.8012533e-03   3.1680673e-04   5.0137528e-04   6.4243513e-02   9.1484332e-01   1.6090381e-01
   1.2649034e-04   1.4057511e-05   2.2247282e-05   2.8506462e-03   5.0137528e-04   6.4243513e-02   9.1484332e-01   1.6090381e-01
   1.4057511e-05   1.2649034e-04   2.2247282e-05   2.8506462e-03   5.0137528e-04   6.4243513e-02   9.1484332e-01   1.6090381e-01
   1.4057511e-05   1.5622823e-06   2.0018239e-04   2.8506462e-03   5.0137528e-04   6.4243513e-02   9.1484332e-01   1.6090381e-01
   1.5622823e-06   1.4057511e-05   2.0018239e-04   2.8506462e-03   5.0137528e-04   6.4243513e-02   9.1484332e-01   1.6090381e-01
   1.2649034e-04   1.4057511e-05   2.2247282e-05   3.5208334e-05   4.5114052e-03   6.4243513e-02   9.1484332e-01   1.6090381e-01
   1.4057511e-05   1.2649034e-04   2.2247282e-05   3.5208334e-05   4.5114052e-03   6.4243513e-02   9.1484332e-01   1.6090381e-01
   1.4057511e-05   1.5622823e-06   2.0018239e-04   3.5208334e-05   4.5114052e-03   6.4243513e-02   9.1484332e-01   1.6090381e-01
   1.5622823e-06   1.4057511e-05   2.0018239e-04   3.5208334e-05   4.5114052e-03   6.4243513e-02   9.1484332e-01   1.6090381e-01
   1.4057511e-05   1.5622823e-06   2.4724529e-06   3.1680673e-04   4.5114052e-03   6.4243513e-02   9.1484332e-01   1.6090381e-01
   1.5622823e-06   1.4057511e-05   2.4724529e-06   3.1680673e-04   4.5114052e-03   6.4243513e-02   9.1484332e-01   1.6090381e-01
   1.5622823e-06   1.7362433e-07   2.2247282e-05   3.1680673e-04   4.5114052e-03   6.4243513e-02   9.1484332e-01   1.6090381e-01
   1.7362433e-07   1.5622823e-06   2.2247282e-05   3.1680673e-04   4.5114052e-03   6.4243513e-02   9.1484332e-01   1.6090381e-01
   1.0241303e-02   1.1381678e-03   1.8012533e-03   2.8506462e-03   4.5114052e-03   7.1397065e-03   1.1299231e-02   1.4478222e+00
   1.1381678e-03   1.0241303e-02   1.8012533e-03   2.8506462e-03   4.5114052e-03   7.1397065e-03   1.1299231e-02   1.4478222e+00
   1.1381678e-03   1.2649034e-04   1.6207787e-02   2.8506462e-03   4.5114052e-03   7.1397065e-03   1.1299231e-02   1.4478222e+00
   1.2649034e-04   1.1381678e-03   1.6207787e-02   2.8506462e-03   4.5114052e-03   7.1397065e-03   1.1299231e-02   1.4478222e+00
   1.1381678e-03   1.2649034e-04   2.0018239e-04   2.5650288e-02   4.5114052e-03   7.1397065e-03   1.1299231e-02   1.4478222e+00
   1.2649034e-04   1.1381678e-03   2.0018239e-04   2.5650288e-02   4.5114052e-03   7.1397065e-03   1.1299231e-02   1.4478222e+00
   1.2649034e-04   1.4057511e-05   1.8012533e-03   2.5650288e-02   4.5114052e-03   7.1397065e-03   1.1299231e-02   1.4478222e+00
   1.4057511e-05   1.2649034e-04   1.8012533e-03   2.5650288e-02   4.5114052e-03   7.1397065e-03   1.1299231e-02   1.4478222e+00
   1.1381678e-03   1.2649034e-04   2.0018239e-04   3.1680673e-04   4.0593898e-02   7.1397065e-03   1.1299231e-02   1.4478222e+00
   1.2649034e-04   1.1381678e-03   2.0018239e-04   3.1680673e-04   4.0593898e-02   7.1397065e-03   1.1299231e-02   1.4478222e+00
   1.2649034e-04   1.4057511e-05   1.8012533e-03   3.1680673e-04   4.0593898e-02   7.1397065e-03   1.1299231e-02   1.4478222e+00
   1.4057511e-05   1.2649034e-04   1.8012533e-03   3.1680673e-04   4.0593898e-02   7.1397065e-03   1.1299231e-02   1.4478222e+00
   1.2649034e-04   1.4057511e-05   2.2247282e-05   2.8506462e-03   4.0593898e-02   7.1397065e-03   1.1299231e-02   1.4478222e+00
   1.4057511e-05   1.2649034e-04   2.2247282e-05   2.8506462e-03   4.0593898e-02   7.1397065e-03   1.1299231e-02   1.4478222e+00
   1.4057511e-05   1.5622823e-06   2.0018239e-04   2.8506462e-03   4.0593898e-02   7.1397065e-03   1.1299231e-02   1.4478222e+00
   1.5622823e-06   1.4057511e-05   2.0018239e-04   2.8506462e-03   4.0593898e-02   7.1397065e-03   1.1299231e-02   1.4478222e+00
   1.1381678e-03   1.2649034e-04   2.0018239e-04   3.1680673e-04   5.0137528e-04   6.4243513e-02   1.1299231e-02   1.4478222e+00
   1.2649034e-04   1.1381678e-03   2.0018239e-04   3.1680673e-04   5.0137528e-04   6.4243513e-02   1.1299231e-02   1.4478222e+00
   1.2649034e-04   1.4057511e-05   1.8012533e-03   3.1680673e-04   5.0137528e-04   6.4243513e-02   1.1299231e-02   1.4478222e+00
   1.4057511e-05   1.2649034e-04   1.8012533e-03   3.1680673e-04   5.0137528e-04   6.4243513e-02   1.1299231e-02   1.4478222e+00
   1.2649034e-04   1.4057511e-05   2.2247282e-05   2.8506462e-03   5.0137528e-04   6.4243513e-02   1.1299231e-02   1.4478222e+00
   1.4057511e-05   1.2649034e-04   2.2247282e-05   2.8506462e-03   5.0137528e-04   6.4243513e-02   1.1299231e-02   1.4478222e+00
   1.4057511e-05   1.5622823e-06   2.0018239e-04   2.8506462e-03   5.0137528e-04   6.4243513e-02   1.1299231e-02   1.4478222e+00
   1.5622823e-06   1.4057511e-05   2.0018239e-04   2.8506462e-03   5.0137528e-04   6.4243513e-02   1.1299231e-02   1.4478222e+00
   1.2649034e-04   1.4057511e-05   2.2247282e-05   3.5208334e-05   4.5114052e-03   6.4243513e-02   1.1299231e-02   1.4478222e+00
   1.4057511e-05   1.2649034e-04   2.2247282e-05   3.5208334e-05   4.5114052e-03   6.4243513e-02   1.1299231e-02   1.4478222e+00
   1.4057511e-05   1.5622823e-06   2.0018239e-04   3.5208334e-05   4.5114052e-03   6.4243513e-02   1.1299231e-02   1.4478222e+00
   1.5622823e-06   1.4057511e-05   2.0018239e-04   3.5208334e-05   4.5114052e-03   6.4243513e-02   1.1299231e-02   1.4478222e+00
   1.4057511e-05   1.5622823e-06   2.4724529e-06   3.1680673e-04   4.5114052e-03   6.4243513e-02   1.1299231e-02   1.4478222e+00
   1.5622823e-06   1.4057511e-05   2.4724529e-06   3.1680673e-04   4.5114052e-03   6.4243513e-02   1.1299231e-02   1.4478222e+00
   1.5622823e-06   1.7362433e-07   2.2247282e-05   3.1680673e-04   4.5114052e-03   6.4243513e-02   1.1299231e-02   1.4478222e+00
   1.7362433e-07   1.5622823e-06   2.2247282e-05   3.1680673e-04   4.5114052e-03   6.4243513e-02   1.1299231e-02   1.4478222e+00
   1.1381678e-03   1.2649034e-04   2.0018239e-04   3.1680673e-04   5.0137528e-04   7.9347169e-04   1.0167116e-01   1.4478222e+00
   1.2649034e-04   1.1381678e-03   2.0018239e-04   3.1680673e-04   5.0137528e-04   7.9347169e-04   1.0167116e-01   1.4478222e+00
   1.2649034e-04   1.4057511e-05   1.8012533e-03   3.1680673e-04   5.0137528e-04   7.9347169e-04   1.0167116e-01   1.4478222e+00
   1.4057511e-05   1.2649034e-04   1.8012533e-03   3.1680673e-04   5.0137528e-04   7.9347169e-04   1.0167116e-01   1.4478222e+00
   1.2649034e-04   1.4057511e-05   2.2247282e-05   2.8506462e-03   5.0137528e-04   7.9347169e-04   1.0167116e-01   1.4478222e+00
   1.4057511e-05   1.2649034e-04   2.2247282e-05   2.8506462e-03   5.0137528e-04   7.9347169e-04   1.0167116e-01   1.4478222e+00
   1.4057511e-05   1.5622823e-06   2.0018239e-04   2.8506462e-03   5.0137528e-04   7.9347169e-04   1.0167116e-01   1.4478222e+00
   1.5622823e-06   1.4057511e-05   2.0018239e-04   2.8506462e-03   5.0137528e-04   7.9347169e-04   1.0167116e-01   1.4478222e+00
   1.2649034e-04   1.4057511e-05   2.2247282e-05   3.5208334e-05   4.5114052e-03   7.9347169e-04   1.0167116e-01   1.4478222e+00
   1.4057511e-05   1.2649034e-04   2.2247282e-05   3.5208334e-05   4.5114052e-03   7.9347169e-04   1.0167116e-01   1.4478222e+00
   1.4057511e-05   1.5622823e-06   2.0018239e-04   3.5208334e-05   4.5114052e-03   7.9347169e-04   1.0167116e-01   1.4478222e+00
   1.5622823e-06   1.4057511e-05   2.0018239e-04   3.5208334e-05   4.5114052e-03   7.9347169e-04   1.0167116e-01   1.4478222e+00
   1.4057511e-05   1.5622823e-06   2.4724529e-06   3.1680673e-04   4.5114052e-03   7.9347169e-04   1.0167116e-01   1.4478222e+00
   1.5622823e-06   1.4057511e-05   2.4724529e-06   3.1680673e-04   4.5114052e-03   7.9347169e-04   1.0167116e-01   1.4478222e+00
   1.5622823e-06   1.7362433e-07   2.2247282e-05   3.1680673e-04   4.5114052e-03   7.9347169e-04   1.0167116e-01   1.4478222e+00
   1.7362433e-07   1.5622823e-06   2.2247282e-05   3.1680673e-04   4.5114052e-03   7.9347169e-04   1.0167116e-01   1.4478222e+00
   1.2649034e-04   1.4057511e-05   2.2247282e-05   3.5208334e-05   5.5720370e-05   7.1397065e-03   1.0167116e-01   1.4478222e+00
   1.4057511e-05   1.2649034e-04   2.2247282e-05   3.5208334e-05   5.5720370e-05   7.1397065e-03   1.0167116e-01   1.4478222e+00
   1.4057511e-05   1.5622823e-06   2.0018239e-04   3.5208334e-05   5.5720370e-05   7.1397065e-03   1.0167116e-01   1.4478222e+00
   1.5622823e-06   1.4057511e-05   2.0018239e-04   3.5208334e-05   5.5720370e-05   7.1397065e-03   1.0167116e-01   1.4478222e+00
   1.4057511e-05   1.5622823e-06   2.4724529e-06   3.1680673e-04   5.5720370e-05   7.1397065e-03   1.0167116e-01   1.4478222e+00
   1.5622823e-06   1.4057511e-05   2.4724529e-06   3.1680673e-04   5.5720370e-05   7.1397065e-03   1.0167116e-01   1.4478222e+00
   1.5622823e-06   1.7362433e-07   2.2247282e-05   3.1680673e-04   5.5720370e-05   7.1397065e-03   1.0167116e-01   1.4478222e+00
   1.7362433e-07   1.5622823e-06   2.2247282e-05   3.1680673e-04   5.5720370e-05   7.1397065e-03   1.0167116e-01   1.4478222e+00
   1.4057511e-05   1.5622823e-06   2.4724529e-06   3.9128802e-06   5.0137528e-04   7.1397065e-03   1.0167116e-01   1.4478222e+00
   1.5622823e-06   1.4057511e-05   2.4724529e-06   3.9128802e-06   5.0137528e-04   7.1397065e-03   1.0167116e-01   1.4478222e+00
   1.5622823e-06   1.7362433e-07   2.2247282e-05   3.9128802e-06   5.0137528e-04   7.1397065e-03   1.0167116e-01   1.4478222e+00
   1.7362433e-07   1.5622823e-06   2.2247282e-05   3.9128802e-06   5.0137528e-04   7.1397065e-03   1.0167116e-01   1.4478222e+00
   1.5622823e-06   1.7362433e-07   2.7477620e-07   3.5208334e-05   5.0137528e-04   7.1397065e-03   1.0167116e-01   1.4478222e+00
   1.7362433e-07   1.5622823e-06   2.7477620e-07   3.5208334e-05   5.0137528e-04   7.1397065e-03   1.0167116e-01   1.4478222e+00
   1.7362433e-07   1.9295750e-08   2.4724529e-06   3.5208334e-05   5.0137528e-04   7.1397065e-03   1.0167116e-01   1.4478222e+00
   1.9295750e-08   1.7362433e-07   2.4724529e-06   3.5208334e-05   5.0137528e-04   7.1397065e-03   1.0167116e-01   1.4478222e+00
