   9.3080091e-03   1.7729541e-03   2.1106597e-03   2.5126901e-03   2.9912977e-03   3.5610687e-03   4.2393675e-03   5.0468661e-03   1.6560029e-01   1.0350018e+00
   1.7729541e-03   9.3080091e-03   2.1106597e-03   2.5126901e-03   2.9912977e-03   3.5610687e-03   4.2393675e-03   5.0468661e-03   1.6560029e-01   1.0350018e+00
   1.7729541e-03   3.3770555e-04   1.1080963e-02   2.5126901e-03   2.9912977e-03   3.5610687e-03   4.2393675e-03   5.0468661e-03   1.6560029e-01   1.0350018e+00
   3.3770555e-04   1.7729541e-03   1.1080963e-02   2.5126901e-03   2.9912977e-03   3.5610687e-03   4.2393675e-03   5.0468661e-03   1.6560029e-01   1.0350018e+00
   1.7729541e-03   3.3770555e-04   4.0203041e-04   1.3191623e-02   2.9912977e-03   3.5610687e-03   4.2393675e-03   5.0468661e-03   1.6560029e-01   1.0350018e+00
   3.3770555e-04   1.7729541e-03   4.0203041e-04   1.3191623e-02   2.9912977e-03   3.5610687e-03   4.2393675e-03   5.0468661e-03   1.6560029e-01   1.0350018e+00
   3.3770555e-04   6.4324866e-05   2.1106597e-03   1.3191623e-02   2.9912977e-03   3.5610687e-03   4.2393675e-03   5.0468661e-03   1.6560029e-01   1.0350018e+00
   6.4324866e-05   3.3770555e-04   2.1106597e-03   1.3191623e-02   2.9912977e-03   3.5610687e-03   4.2393675e-03   5.0468661e-03   1.6560029e-01   1.0350018e+00
   1.7729541e-03   3.3770555e-04   4.0203041e-04   4.7860763e-04   1.5704313e-02   3.5610687e-03   4.2393675e-03   5.0468661e-03   1.6560029e-01   1.0350018e+00
   3.3770555e-04   1.7729541e-03   4.0203041e-04   4.7860763e-04   1.5704313e-02   3.5610687e-03   4.2393675e-03   5.0468661e-03   1.6560029e-01   1.0350018e+00
   3.3770555e-04   6.4324866e-05   2.1106597e-03   4.7860763e-04   1.5704313e-02   3.5610687e-03   4.2393675e-03   5.0468661e-03   1.6560029e-01   1.0350018e+00
   6.4324866e-05   3.3770555e-04   2.1106597e-03   4.7860763e-04   1.5704313e-02   3.5610687e-03   4.2393675e-03   5.0468661e-03   1.6560029e-01   1.0350018e+00
   3.3770555e-04   6.4324866e-05   7.6577221e-05   2.5126901e-03   1.5704313e-02   3.5610687e-03   4.2393675e-03   5.0468661e-03   1.6560029e-01   1.0350018e+00
   6.4324866e-05   3.3770555e-04   7.6577221e-05   2.5126901e-03   1.5704313e-02   3.5610687e-03   4.2393675e-03   5.0468661e-03   1.6560029e-01   1.0350018e+00
   6.4324866e-05   1.2252355e-05   4.0203041e-04   2.5126901e-03   1.5704313e-02   3.5610687e-03   4.2393675e-03   5.0468661e-03   1.6560029e-01   1.0350018e+00
   1.2252355e-05   6.4324866e-05   4.0203041e-04   2.5126901e-03   1.5704313e-02   3.5610687e-03   4.2393675e-03   5.0468661e-03   1.6560029e-01   1.0350018e+00
   1.7729541e-03   3.3770555e-04   4.0203041e-04   4.7860763e-04   5.6977099e-04   1.8695611e-02   4.2393675e-03   5.0468661e-03   1.6560029e-01   1.0350018e+00
   3.3770555e-04   1.7729541e-03   4.0203041e-04   4.7860763e-04   5.6977099e-04   1.8695611e-02   4.2393675e-03   5.0468661e-03   1.6560029e-01   1.0350018e+00
   3.3770555e-04   6.4324866e-05   2.1106597e-03   4.7860763e-04   5.6977099e-04   1.8695611e-02   4.2393675e-03   5.0468661e-03   1.6560029e-01   1.0350018e+00
   6.4324866e-05   3.3770555e-04   2.1106597e-03   4.7860763e-04   5.6977099e-04   1.8695611e-02   4.2393675e-03   5.0468661e-03   1.6560029e-01   1.0350018e+00
   3.3770555e-04   6.4324866e-05   7.6577221e-05   2.5126901e-03   5.6977099e-04   1.8695611e-02   4.2393675e-03   5.0468661e-03   1.6560029e-01   1.0350018e+00
   6.4324866e-05   3.3770555e-04   7.6577221e-05   2.5126901e-03   5.6977099e-04   1.8695611e-02   4.2393675e-03   5.0468661e-03   1.6560029e-01   1.0350018e+00
   6.4324866e-05   1.2252355e-05   4.0203041e-04   2.5126901e-03   5.6977099e-04   1.8695611e-02   4.2393675e-03   5.0468661e-03   1.6560029e-01   1.0350018e+00
   1.2252355e-05   6.4324866e-05   4.0203041e-04   2.5126901e-03   5.6977099e-04   1.8695611e-02   4.2393675e-03   5.0468661e-03   1.6560029e-01   1.0350018e+00
   3.3770555e-04   6.4324866e-05   7.6577221e-05   9.1163359e-05   2.9912977e-03   1.8695611e-02   4.2393675e-03   5.0468661e-03   1.6560029e-01   1.0350018e+00
   6.4324866e-05   3.3770555e-04   7.6577221e-05   9.1163359e-05   2.9912977e-03   1.8695611e-02   4.2393675e-03   5.0468661e-03   1.6560029e-01   1.0350018e+00
   6.4324866e-05   1.2252355e-05   4.0203041e-04   9.1163359e-05   2.9912977e-03   1.8695611e-02   4.2393675e-03   5.0468661e-03   1.6560029e-01   1.0350018e+00
   1.2252355e-05   6.4324866e-05   4.0203041e-04   9.1163359e-05   2.9912977e-03   1.8695611e-02   4.2393675e-03   5.0468661e-03   1.6560029e-01   1.0350018e+00
   6.4324866e-05   1.2252355e-05   1.4586137e-05   4.7860763e-04   2.9912977e-03   1.8695611e-02   4.2393675e-03   5.0468661e-03   1.6560029e-01   1.0350018e+00
   1.2252355e-05   6.4324866e-05   1.4586137e-05   4.7860763e-04   2.9912977e-03   1.8695611e-02   4.2393675e-03   5.0468661e-03   1.6560029e-01   1.0350018e+00
   1.2252355e-05   2.3337820e-06   7.6577221e-05   4.7860763e-04   2.9912977e-03   1.8695611e-02   4.2393675e-03   5.0468661e-03   1.6560029e-01   1.0350018e+00
   2.3337820e-06   1.2252355e-05   7.6577221e-05   4.7860763e-04   2.9912977e-03   1.8695611e-02   4.2393675e-03   5.0468661e-03   1.6560029e-01   1.0350018e+00
   1.7729541e-03   3.3770555e-04   4.0203041e-04   4.7860763e-04   5.6977099e-04   6.7829880e-04   2.2256679e-02   5.0468661e-03   1.6560029e-01   1.0350018e+00
   3.3770555e-04   1.7729541e-03   4.0203041e-04   4.7860763e-04   5.6977099e-04   6.7829880e-04   2.2256679e-02   5.0468661e-03   1.6560029e-01   1.0350018e+00
   3.3770555e-04   6.4324866e-05   2.1106597e-03   4.7860763e-04   5.6977099e-04   6.7829880e-04   2.2256679e-02   5.0468661e-03   1.6560029e-01   1.0350018e+00
   6.4324866e-05   3.3770555e-04   2.1106597e-03   4.7860763e-04   5.6977099e-04   6.7829880e-04   2.2256679e-02   5.0468661e-03   1.6560029e-01   1.0350018e+00
   3.3770555e-04   6.4324866e-05   7.6577221e-05   2.5126901e-03   5.6977099e-04   6.7829880e-04   2.2256679e-02   5.0468661e-03   1.6560029e-01   1.0350018e+00
   6.4324866e-05   3.3770555e-04   7.6577221e-05   2.5126901e-03   5.6977099e-04   6.7829880e-04   2.2256679e-02   5.0468661e-03   1.6560029e-01   1.0350018e+00
   6.4324866e-05   1.2252355e-05   4.0203041e-04   2.5126901e-03   5.6977099e-04   6.7829880e-04   2.2256679e-02   5.0468661e-03   1.6560029e-01   1.0350018e+00
   1.2252355e-05   6.4324866e-05   4.0203041e-04   2.5126901e-03   5.6977099e-04   6.7829880e-04   2.2256679e-02   5.0468661e-03   1.6560029e-01   1.0350018e+00
   3.3770555e-04   6.4324866e-05   7.6577221e-05   9.1163359e-05   2.9912977e-03   6.7829880e-04   2.2256679e-02   5.0468661e-03   1.6560029e-01   1.0350018e+00
   6.4324866e-05   3.3770555e-04   7.6577221e-05   9.1163359e-05   2.9912977e-03   6.7829880e-04   2.2256679e-02   5.0468661e-03   1.6560029e-01   1.0350018e+00
   6.4324866e-05   1.2252355e-05   4.0203041e-04   9.1163359e-05   2.9912977e-03   6.7829880e-04   2.2256679e-02   5.0468661e-03   1.6560029e-01   1.0350018e+00
   1.2252355e-05   6.4324866e-05   4.0203041e-04   9.1163359e-05   2.9912977e-03   6.7829880e-04   2.2256679e-02   5.0468661e-03   1.6560029e-01   1.0350018e+00
   6.4324866e-05   1.2252355e-05   1.4586137e-05   4.7860763e-04   2.9912977e-03   6.7829880e-04   2.2256679e-02   5.0468661e-03   1.6560029e-01   1.0350018e+00
   1.2252355e-05   6.4324866e-05   1.4586137e-05   4.7860763e-04   2.9912977e-03   6.7829880e-04   2.2256679e-02   5.0468661e-03   1.6560029e-01   1.0350018e+00
   1.2252355e-05   2.3337820e-06   7.6577221e-05   4.7860763e-04   2.9912977e-03   6.7829880e-04   2.2256679e-02   5.0468661e-03   1.6560029e-01   1.0350018e+00
   2.3337820e-06   1.2252355e-05   7.6577221e-05   4.7860763e-04   2.9912977e-03   6.7829880e-04   2.2256679e-02   5.0468661e-03   1.6560029e-01   1.0350018e+00
   3.3770555e-04   6.4324866e-05   7.6577221e-05   9.1163359e-05   1.0852781e-04   3.5610687e-03   2.2256679e-02   5.0468661e-03   1.6560029e-01   1.0350018e+00
   6.4324866e-05   3.3770555e-04   7.6577221e-05   9.1163359e-05   1.0852781e-04   3.5610687e-03   2.2256679e-02   5.0468661e-03   1.6560029e-01   1.0350018e+00
   6.4324866e-05   1.2252355e-05   4.0203041e-04   9.1163359e-05   1.0852781e-04   3.5610687e-03   2.2256679e-02   5.0468661e-03   1.6560029e-01   1.0350018e+00
   1.2252355e-05   6.4324866e-05   4.0203041e-04   9.1163359e-05   1.0852781e-04   3.5610687e-03   2.2256679e-02   5.0468661e-03   1.6560029e-01   1.0350018e+00
   6.4324866e-05   1.2252355e-05   1.4586137e-05   4.7860763e-04   1.0852781e-04   3.5610687e-03   2.2256679e-02   5.0468661e-03   1.6560029e-01   1.0350018e+00
   1.2252355e-05   6.4324866e-05   1.4586137e-05   4.7860763e-04   1.0852781e-04   3.5610687e-03   2.2256679e-02   5.0468661e-03   1.6560029e-01   1.0350018e+00
   1.2252355e-05   2.3337820e-06   7.6577221e-05   4.7860763e-04   1.0852781e-04   3.5610687e-03   2.2256679e-02   5.0468661e-03   1.6560029e-01   1.0350018e+00
   2.3337820e-06   1.2252355e-05   7.6577221e-05   4.7860763e-04   1.0852781e-04   3.5610687e-03   2.2256679e-02   5.0468661e-03   1.6560029e-01   1.0350018e+00
   6.4324866e-05   1.2252355e-05   1.4586137e-05   1.7364449e-05   5.6977099e-04   3.5610687e-03   2.2256679e-02   5.0468661e-03   1.6560029e-01   1.0350018e+00
   1.2252355e-05   6.4324866e-05   1.4586137e-05   1.7364449e-05   5.6977099e-04   3.5610687e-03   2.2256679e-02   5.0468661e-03   1.6560029e-01   1.0350018e+00
   1.2252355e-05   2.3337820e-06   7.6577221e-05   1.7364449e-05   5.6977099e-04   3.5610687e-03   2.2256679e-02   5.0468661e-03   1.6560029e-01   1.0350018e+00
   2.3337820e-06   1.2252355e-05   7.6577221e-05   1.7364449e-05   5.6977099e-04   3.5610687e-03   2.2256679e-02   5.0468661e-03   1.6560029e-01   1.0350018e+00
   1.2252355e-05   2.3337820e-06   2.7783119e-06   9.1163359e-05   5.6977099e-04   3.5610687e-03   2.2256679e-02   5.0468661e-03   1.6560029e-01   1.0350018e+00
   2.3337820e-06   1.2252355e-05   2.7783119e-06   9.1163359e-05   5.6977099e-04   3.5610687e-03   2.2256679e-02   5.0468661e-03   1.6560029e-01   1.0350018e+00
   2.3337820e-06   4.4452990e-07   1.4586137e-05   9.1163359e-05   5.6977099e-04   3.5610687e-03   2.2256679e-02   5.0468661e-03   1.6560029e-01   1.0350018e+00
   4.4452990e-07   2.3337820e-06   1.4586137e-05   9.1163359e-05   5.6977099e-04   3.5610687e-03   2.2256679e-02   5.0468661e-03   1.6560029e-01   1.0350018e+00
   1.7729541e-03   3.3770555e-04   4.0203041e-04   4.7860763e-04   5.6977099e-04   6.7829880e-04   8.0749857e-04   2.6496047e-02   1.6560029e-01   1.0350018e+00
   3.3770555e-04   1.7729541e-03   4.0203041e-04   4.7860763e-04   5.6977099e-04   6.7829880e-04   8.0749857e-04   2.6496047e-02   1.6560029e-01   1.0350018e+00
   3.3770555e-04   6.4324866e-05   2.1106597e-03   4.7860763e-04   5.6977099e-04   6.7829880e-04   8.0749857e-04   2.6496047e-02   1.6560029e-01   1.0350018e+00
   6.4324866e-05   3.3770555e-04   2.1106597e-03   4.7860763e-04   5.6977099e-04   6.7829880e-04   8.0749857e-04   2.6496047e-02   1.6560029e-01   1.0350018e+00
   3.3770555e-04   6.4324866e-05   7.6577221e-05   2.5126901e-03   5.6977099e-04   6.7829880e-04   8.0749857e-04   2.6496047e-02   1.6560029e-01   1.0350018e+00
   6.4324866e-05   3.3770555e-04   7.6577221e-05   2.5126901e-03   5.6977099e-04   6.7829880e-04   8.0749857e-04   2.6496047e-02   1.6560029e-01   1.0350018e+00
   6.4324866e-05   1.2252355e-05   4.0203041e-04   2.5126901e-03   5.6977099e-04   6.7829880e-04   8.0749857e-04   2.6496047e-02   1.6560029e-01   1.0350018e+00
   1.2252355e-05   6.4324866e-05   4.0203041e-04   2.5126901e-03   5.6977099e-04   6.7829880e-04   8.0749857e-04   2.6496047e-02   1.6560029e-01   1.0350018e+00
   3.3770555e-04   6.4324866e-05   7.6577221e-05   9.1163359e-05   2.9912977e-03   6.7829880e-04   8.0749857e-04   2.6496047e-02   1.6560029e-01   1.0350018e+00
   6.4324866e-05   3.3770555e-04   7.6577221e-05   9.1163359e-05   2.9912977e-03   6.7829880e-04   8.0749857e-04   2.6496047e-02   1.6560029e-01   1.0350018e+00
   6.4324866e-05   1.2252355e-05   4.0203041e-04   9.1163359e-05   2.9912977e-03   6.7829880e-04   8.0749857e-04   2.6496047e-02   1.6560029e-01   1.0350018e+00
   1.2252355e-05   6.4324866e-05   4.0203041e-04   9.1163359e-05   2.9912977e-03   6.7829880e-04   8.0749857e-04   2.6496047e-02   1.6560029e-01   1.0350018e+00
   6.4324866e-05   1.2252355e-05   1.4586137e-05   4.7860763e-04   2.9912977e-03   6.7829880e-04   8.0749857e-04   2.6496047e-02   1.6560029e-01   1.0350018e+00
   1.2252355e-05   6.4324866e-05   1.4586137e-05   4.7860763e-04   2.9912977e-03   6.7829880e-04   8.0749857e-04   2.6496047e-02   1.6560029e-01   1.0350018e+00
   1.2252355e-05   2.3337820e-06   7.6577221e-05   4.7860763e-04   2.9912977e-03   6.7829880e-04   8.0749857e-04   2.6496047e-02   1.6560029e-01   1.0350018e+00
   2.3337820e-06   1.2252355e-05   7.6577221e-05   4.7860763e-04   2.9912977e-03   6.7829880e-04   8.0749857e-04   2.6496047e-02   1.6560029e-01   1.0350018e+00
   3.3770555e-04   6.4324866e-05   7.6577221e-05   9.1163359e-05   1.0852781e-04   3.5610687e-03   8.0749857e-04   2.6496047e-02   1.6560029e-01   1.0350018e+00
   6.4324866e-05   3.3770555e-04   7.6577221e-05   9.1163359e-05   1.0852781e-04   3.5610687e-03   8.0749857e-04   2.6496047e-02   1.6560029e-01   1.0350018e+00
   6.4324866e-05   1.2252355e-05   4.0203041e-04   9.1163359e-05   1.0852781e-04   3.5610687e-03   8.0749857e-04   2.6496047e-02   1.6560029e-01   1.0350018e+00
   1.2252355e-05   6.4324866e-05   4.0203041e-04   9.1163359e-05   1.0852781e-04   3.5610687e-03   8.0749857e-04   2.6496047e-02   1.6560029e-01   1.0350018e+00
   6.4324866e-05   1.2252355e-05   1.4586137e-05   4.7860763e-04   1.0852781e-04   3.5610687e-03   8.0749857e-04   2.6496047e-02   1.6560029e-01   1.0350018e+00
   1.2252355e-05   6.4324866e-05   1.4586137e-05   4.7860763e-04   1.0852781e-04   3.5610687e-03   8.0749857e-04   2.6496047e-02   1.6560029e-01   1.0350018e+00
   1.2252355e-05   2.3337820e-06   7.6577221e-05   4.7860763e-04   1.0852781e-04   3.5610687e-03   8.0749857e-04   2.6496047e-02   1.6560029e-01   1.0350018e+00
   2.3337820e-06   1.2252355e-05   7.6577221e-05   4.7860763e-04   1.0852781e-04   3.5610687e-03   8.0749857e-04   2.6496047e-02   1.6560029e-01   1.0350018e+00
   6.4324866e-05   1.2252355e-05   1.4586137e-05   1.7364449e-05   5.6977099e-04   3.5610687e-03   8.0749857e-04   2.6496047e-02   1.6560029e-01   1.0350018e+00
   1.2252355e-05   6.4324866e-05   1.4586137e-05   1.7364449e-05   5.6977099e-04   3.5610687e-03   8.0749857e-04   2.6496047e-02   1.6560029e-01   1.0350018e+00
   1.2252355e-05   2.3337820e-06   7.6577221e-05   1.7364449e-05   5.6977099e-04   3.5610687e-03   8.0749857e-04   2.6496047e-02   1.6560029e-01   1.0350018e+00
   2.3337820e-06   1.2252355e-05   7.6577221e-05   1.7364449e-05   5.6977099e-04   3.5610687e-03   8.0749857e-04   2.6496047e-02   1.6560029e-01   1.0350018e+00
   1.2252355e-05   2.3337820e-06   2.7783119e-06   9.1163359e-05   5.6977099e-04   3.5610687e-03   8.0749857e-04   2.6496047e-02   1.6560029e-01   1.0350018e+00
   2.3337820e-06   1.2252355e-05   2.7783119e-06   9.1163359e-05   5.6977099e-04   3.5610687e-03   8.0749857e-04   2.6496047e-02   1.6560029e-01   1.0350018e+00
   2.3337820e-06   4.4452990e-07   1.4586137e-05   9.1163359e-05   5.6977099e-04   3.5610687e-03   8.0749857e-04   2.6496047e-02   1.6560029e-01   1.0350018e+00
   4.4452990e-07   2.3337820e-06   1.4586137e-05   9.1163359e-05   5.6977099e-04   3.5610687e-03   8.0749857e-04   2.6496047e-02   1.6560029e-01   1.0350018e+00
   3.3770555e-04   6.4324866e-05   7.6577221e-05   9.1163359e-05   1.0852781e-04   1.2919977e-04   4.2393675e-03   2.6496047e-02   1.6560029e-01   1.0350018e+00
   6.4324866e-05   3.3770555e-04   7.6577221e-05   9.1163359e-05   1.0852781e-04   1.2919977e-04   4.2393675e-03   2.6496047e-02   1.6560029e-01   1.0350018e+00
   6.4324866e-05   1.2252355e-05   4.0203041e-04   9.1163359e-05   1.0852781e-04   1.2919977e-04   4.2393675e-03   2.6496047e-02   1.6560029e-01   1.0350018e+00
   1.2252355e-05   6.4324866e-05   4.0203041e-04   9.1163359e-05   1.0852781e-04   1.2919977e-04   4.2393675e-03   2.6496047e-02   1.6560029e-01   1.0350018e+00
   6.4324866e-05   1.2252355e-05   1.4586137e-05   4.7860763e-04   1.0852781e-04   1.2919977e-04   4.2393675e-03   2.6496047e-02   1.6560029e-01   1.0350018e+00
   1.2252355e-05   6.4324866e-05   1.4586137e-05   4.7860763e-04   1.0852781e-04   1.2919977e-04   4.2393675e-03   2.6496047e-02   1.6560029e-01   1.0350018e+00
   1.2252355e-05   2.3337820e-06   7.6577221e-05   4.7860763e-04   1.0852781e-04   1.2919977e-04   4.2393675e-03   2.6496047e-02   1.6560029e-01   1.0350018e+00
   2.3337820e-06   1.2252355e-05   7.6577221e-05   4.7860763e-04   1.0852781e-04   1.2919977e-04   4.2393675e-03   2.6496047e-02   1.6560029e-01   1.0350018e+00
   6.4324866e-05   1.2252355e-05   1.4586137e-05   1.7364449e-05   5.6977099e-04   1.2919977e-04   4.2393675e-03   2.6496047e-02   1.6560029e-01   1.0350018e+00
   1.2252355e-05   6.4324866e-05   1.4586137e-05   1.7364449e-05   5.6977099e-04   1.2919977e-04   4.2393675e-03   2.6496047e-02   1.6560029e-01   1.0350018e+00
   1.2252355e-05   2.3337820e-06   7.6577221e-05   1.7364449e-05   5.6977099e-04   1.2919977e-04   4.2393675e-03   2.6496047e-02   1.6560029e-01   1.0350018e+00
   2.3337820e-06   1.2252355e-05   7.6577221e-05   1.7364449e-05   5.6977099e-04   1.2919977e-04   4.2393675e-03   2.6496047e-02   1.6560029e-01   1.0350018e+00
   1.2252355e-05   2.3337820e-06   2.7783119e-06   9.1163359e-05   5.6977099e-04   1.2919977e-04   4.2393675e-03   2.6496047e-02   1.6560029e-01   1.0350018e+00
   2.3337820e-06   1.2252355e-05   2.7783119e-06   9.1163359e-05   5.6977099e-04   1.2919977e-04   4.2393675e-03   2.6496047e-02   1.6560029e-01   1.0350018e+00
   2.3337820e-06   4.4452990e-07   1.4586137e-05   9.1163359e-05   5.6977099e-04   1.2919977e-04   4.2393675e-03   2.6496047e-02   1.6560029e-01   1.0350018e+00
   4.4452990e-07   2.3337820e-06   1.4586137e-05   9.1163359e-05   5.6977099e-04   1.2919977e-04   4.2393675e-03   2.6496047e-02   1.6560029e-01   1.0350018e+00
   6.4324866e-05   1.2252355e-05   1.4586137e-05   1.7364449e-05   2.0671963e-05   6.7829880e-04   4.2393675e-03   2.6496047e-02   1.6560029e-01   1.0350018e+00
   1.2252355e-05   6.4324866e-05   1.4586137e-05   1.7364449e-05   2.0671963e-05   6.7829880e-04   4.2393675e-03   2.6496047e-02   1.6560029e-01   1.0350018e+00
   1.2252355e-05   2.3337820e-06   7.6577221e-05   1.7364449e-05   2.0671963e-05   6.7829880e-04   4.2393675e-03   2.6496047e-02   1.6560029e-01   1.0350018e+00
   2.3337820e-06   1.2252355e-05   7.6577221e-05   1.7364449e-05   2.0671963e-05   6.7829880e-04   4.2393675e-03   2.6496047e-02   1.6560029e-01   1.0350018e+00
   1.2252355e-05   2.3337820e-06   2.7783119e-06   9.1163359e-05   2.0671963e-05   6.7829880e-04   4.2393675e-03   2.6496047e-02   1.6560029e-01   1.0350018e+00
   2.3337820e-06   1.2252355e-05   2.7783119e-06   9.1163359e-05   2.0671963e-05   6.7829880e-04   4.2393675e-03   2.6496047e-02   1.6560029e-01   1.0350018e+00
   2.3337820e-06   4.4452990e-07   1.4586137e-05   9.1163359e-05   2.0671963e-05   6.7829880e-04   4.2393675e-03   2.6496047e-02   1.6560029e-01   1.0350018e+00
   4.4452990e-07   2.3337820e-06   1.4586137e-05   9.1163359e-05   2.0671963e-05   6.7829880e-04   4.2393675e-03   2.6496047e-02   1.6560029e-01   1.0350018e+00
   1.2252355e-05   2.3337820e-06   2.7783119e-06   3.3075141e-06   1.0852781e-04   6.7829880e-04   4.2393675e-03   2.6496047e-02   1.6560029e-01   1.0350018e+00
   2.3337820e-06   1.2252355e-05   2.7783119e-06   3.3075141e-06   1.0852781e-04   6.7829880e-04   4.2393675e-03   2.6496047e-02   1.6560029e-01   1.0350018e+00
   2.3337820e-06   4.4452990e-07   1.4586137e-05   3.3075141e-06   1.0852781e-04   6.7829880e-04   4.2393675e-03   2.6496047e-02   1.6560029e-01   1.0350018e+00
   4.4452990e-07   2.3337820e-06   1.4586137e-05   3.3075141e-06   1.0852781e-04   6.7829880e-04   4.2393675e-03   2.6496047e-02   1.6560029e-01   1.0350018e+00
   2.3337820e-06   4.4452990e-07   5.2920226e-07   1.7364449e-05   1.0852781e-04   6.7829880e-04   4.2393675e-03   2.6496047e-02   1.6560029e-01   1.0350018e+00
   4.4452990e-07   2.3337820e-06   5.2920226e-07   1.7364449e-05   1.0852781e-04   6.7829880e-04   4.2393675e-03   2.6496047e-02   1.6560029e-01   1.0350018e+00
   4.4452990e-07   8.4672362e-08   2.7783119e-06   1.7364449e-05   1.0852781e-04   6.7829880e-04   4.2393675e-03   2.6496047e-02   1.6560029e-01   1.0350018e+00
   8.4672362e-08   4.4452990e-07   2.7783119e-06   1.7364449e-05   1.0852781e-04   6.7829880e-04   4.2393675e-03   2.6496047e-02   1.6560029e-01   1.0350018e+00
   9.3080091e-03   1.7729541e-03   2.1106597e-03   2.5126901e-03   2.9912977e-03   3.5610687e-03   4.2393675e-03   1.3910425e-01   3.1542913e-02   1.0350018e+00
   1.7729541e-03   9.3080091e-03   2.1106597e-03   2.5126901e-03   2.9912977e-03   3.5610687e-03   4.2393675e-03   1.3910425e-01   3.1542913e-02   1.0350018e+00
   1.7729541e-03   3.3770555e-04   1.1080963e-02   2.5126901e-03   2.9912977e-03   3.5610687e-03   4.2393675e-03   1.3910425e-01   3.1542913e-02   1.0350018e+00
   3.3770555e-04   1.7729541e-03   1.1080963e-02   2.5126901e-03   2.9912977e-03   3.5610687e-03   4.2393675e-03   1.3910425e-01   3.1542913e-02   1.0350018e+00
   1.7729541e-03   3.3770555e-04   4.0203041e-04   1.3191623e-02   2.9912977e-03   3.5610687e-03   4.2393675e-03   1.3910425e-01   3.1542913e-02   1.0350018e+00
   3.3770555e-04   1.7729541e-03   4.0203041e-04   1.3191623e-02   2.9912977e-03   3.5610687e-03   4.2393675e-03   1.3910425e-01   3.1542913e-02   1.0350018e+00
   3.3770555e-04   6.4324866e-05   2.1106597e-03   1.3191623e-02   2.9912977e-03   3.5610687e-03   4.2393675e-03   1.3910425e-01   3.1542913e-02   1.0350018e+00
   6.4324866e-05   3.3770555e-04   2.1106597e-03   1.3191623e-02   2.9912977e-03   3.5610687e-03   4.2393675e-03   1.3910425e-01   3.1542913e-02   1.0350018e+00
   1.7729541e-03   3.3770555e-04   4.0203041e-04   4.7860763e-04   1.5704313e-02   3.5610687e-03   4.2393675e-03   1.3910425e-01   3.1542913e-02   1.0350018e+00
   3.3770555e-04   1.7729541e-03   4.0203041e-04   4.7860763e-04   1.5704313e-02   3.5610687e-03   4.2393675e-03   1.3910425e-01   3.1542913e-02   1.0350018e+00
   3.3770555e-04   6.4324866e-05   2.1106597e-03   4.7860763e-04   1.5704313e-02   3.5610687e-03   4.2393675e-03   1.3910425e-01   3.1542913e-02   1.0350018e+00
   6.4324866e-05   3.3770555e-04   2.1106597e-03   4.7860763e-04   1.5704313e-02   3.5610687e-03   4.2393675e-03   1.3910425e-01   3.1542913e-02   1.0350018e+00
   3.3770555e-04   6.4324866e-05   7.6577221e-05   2.5126901e-03   1.5704313e-02   3.5610687e-03   4.2393675e-03   1.3910425e-01   3.1542913e-02   1.0350018e+00
   6.4324866e-05   3.3770555e-04   7.6577221e-05   2.5126901e-03   1.5704313e-02   3.5610687e-03   4.2393675e-03   1.3910425e-01   3.1542913e-02   1.0350018e+00
   6.4324866e-05   1.2252355e-05   4.0203041e-04   2.5126901e-03   1.5704313e-02   3.5610687e-03   4.2393675e-03   1.3910425e-01   3.1542913e-02   1.0350018e+00
   1.2252355e-05   6.4324866e-05   4.0203041e-04   2.5126901e-03   1.5704313e-02   3.5610687e-03   4.2393675e-03   1.3910425e-01   3.1542913e-02   1.0350018e+00
   1.7729541e-03   3.3770555e-04   4.0203041e-04   4.7860763e-04   5.6977099e-04   1.8695611e-02   4.2393675e-03   1.3910425e-01   3.1542913e-02   1.0350018e+00
   3.3770555e-04   1.7729541e-03   4.0203041e-04   4.7860763e-04   5.6977099e-04   1.8695611e-02   4.2393675e-03   1.3910425e-01   3.1542913e-02   1.0350018e+00
   3.3770555e-04   6.4324866e-05   2.1106597e-03   4.7860763e-04   5.6977099e-04   1.8695611e-02   4.2393675e-03   1.3910425e-01   3.1542913e-02   1.0350018e+00
   6.4324866e-05   3.3770555e-04   2.1106597e-03   4.7860763e-04   5.6977099e-04   1.8695611e-02   4.2393675e-03   1.3910425e-01   3.1542913e-02   1.0350018e+00
   3.3770555e-04   6.4324866e-05   7.6577221e-05   2.5126901e-03   5.6977099e-04   1.8695611e-02   4.2393675e-03   1.3910425e-01   3.1542913e-02   1.0350018e+00
   6.4324866e-05   3.3770555e-04   7.6577221e-05   2.5126901e-03   5.6977099e-04   1.8695611e-02   4.2393675e-03   1.3910425e-01   3.1542913e-02   1.0350018e+00
   6.4324866e-05   1.2252355e-05   4.0203041e-04   2.5126901e-03   5.6977099e-04   1.8695611e-02   4.2393675e-03   1.3910425e-01   3.1542913e-02   1.0350018e+00
   1.2252355e-05   6.4324866e-05   4.0203041e-04   2.5126901e-03   5.6977099e-04   1.8695611e-02   4.2393675e-03   1.3910425e-01   3.1542913e-02   1.0350018e+00
   3.3770555e-04   6.4324866e-05   7.6577221e-05   9.1163359e-05   2.9912977e-03   1.8695611e-02   4.2393675e-03   1.3910425e-01   3.1542913e-02   1.0350018e+00
   6.4324866e-05   3.3770555e-04   7.6577221e-05   9.1163359e-05   2.9912977e-03   1.8695611e-02   4.2393675e-03   1.3910425e-01   3.1542913e-02   1.0350018e+00
   6.4324866e-05   1.2252355e-05   4.0203041e-04   9.1163359e-05   2.9912977e-03   1.8695611e-02   4.2393675e-03   1.3910425e-01   3.1542913e-02   1.0350018e+00
   1.2252355e-05   6.4324866e-05   4.0203041e-04   9.1163359e-05   2.9912977e-03   1.8695611e-02   4.2393675e-03   1.3910425e-01   3.1542913e-02   1.0350018e+00
   6.4324866e-05   1.2252355e-05   1.4586137e-05   4.7860763e-04   2.9912977e-03   1.8695611e-02   4.2393675e-03   1.3910425e-01   3.1542913e-02   1.0350018e+00
   1.2252355e-05   6.4324866e-05   1.4586137e-05   4.7860763e-04   2.9912977e-03   1.8695611e-02   4.2393675e-03   1.3910425e-01   3.1542913e-02   1.0350018e+00
   1.2252355e-05   2.3337820e-06   7.6577221e-05   4.7860763e-04   2.9912977e-03   1.8695611e-02   4.2393675e-03   1.3910425e-01   3.1542913e-02   1.0350018e+00
   2.3337820e-06   1.2252355e-05   7.6577221e-05   4.7860763e-04   2.9912977e-03   1.8695611e-02   4.2393675e-03   1.3910425e-01   3.1542913e-02   1.0350018e+00
   1.7729541e-03   3.3770555e-04   4.0203041e-04   4.7860763e-04   5.6977099e-04   6.7829880e-04   2.2256679e-02   1.3910425e-01   3.1542913e-02   1.0350018e+00
   3.3770555e-04   1.7729541e-03   4.0203041e-04   4.7860763e-04   5.6977099e-04   6.7829880e-04   2.2256679e-02   1.3910425e-01   3.1542913e-02   1.0350018e+00
   3.3770555e-04   6.4324866e-05   2.1106597e-03   4.7860763e-04   5.6977099e-04   6.7829880e-04   2.2256679e-02   1.3910425e-01   3.1542913e-02   1.0350018e+00
   6.4324866e-05   3.3770555e-04   2.1106597e-03   4.7860763e-04   5.6977099e-04   6.7829880e-04   2.2256679e-02   1.3910425e-01   3.1542913e-02   1.0350018e+00
   3.3770555e-04   6.4324866e-05   7.6577221e-05   2.5126901e-03   5.6977099e-04   6.7829880e-04   2.2256679e-02   1.3910425e-01   3.1542913e-02   1.0350018e+00
   6.4324866e-05   3.3770555e-04   7.6577221e-05   2.5126901e-03   5.6977099e-04   6.7829880e-04   2.2256679e-02   1.3910425e-01   3.1542913e-02   1.0350018e+00
   6.4324866e-05   1.2252355e-05   4.0203041e-04   2.5126901e-03   5.6977099e-04   6.7829880e-04   2.2256679e-02   1.3910425e-01   3.1542913e-02   1.0350018e+00
   1.2252355e-05   6.4324866e-05   4.0203041e-04   2.5126901e-03   5.6977099e-04   6.7829880e-04   2.2256679e-02   1.3910425e-01   3.1542913e-02   1.0350018e+00
   3.3770555e-04   6.4324866e-05   7.6577221e-05   9.1163359e-05   2.9912977e-03   6.7829880e-04   2.2256679e-02   1.3910425e-01   3.1542913e-02   1.0350018e+00
   6.4324866e-05   3.3770555e-04   7.6577221e-05   9.1163359e-05   2.9912977e-03   6.7829880e-04   2.2256679e-02   1.3910425e-01   3.1542913e-02   1.0350018e+00
   6.4324866e-05   1.2252355e-05   4.0203041e-04   9.1163359e-05   2.9912977e-03   6.7829880e-04   2.2256679e-02   1.3910425e-01   3.1542913e-02   1.0350018e+00
   1.2252355e-05   6.4324866e-05   4.0203041e-04   9.1163359e-05   2.9912977e-03   6.7829880e-04   2.2256679e-02   1.3910425e-01   3.1542913e-02   1.0350018e+00
   6.4324866e-05   1.2252355e-05   1.4586137e-05   4.7860763e-04   2.9912977e-03   6.7829880e-04   2.2256679e-02   1.3910425e-01   3.1542913e-02   1.0350018e+00
   1.2252355e-05   6.4324866e-05   1.4586137e-05   4.7860763e-04   2.9912977e-03   6.7829880e-04   2.2256679e-02   1.3910425e-01   3.1542913e-02   1.0350018e+00
   1.2252355e-05   2.3337820e-06   7.6577221e-05   4.7860763e-04   2.9912977e-03   6.7829880e-04   2.2256679e-02   1.3910425e-01   3.1542913e-02   1.0350018e+00
   2.3337820e-06   1.2252355e-05   7.6577221e-05   4.7860763e-04   2.9912977e-03   6.7829880e-04   2.2256679e-02   1.3910425e-01   3.1542913e-02   1.0350018e+00
   3.3770555e-04   6.4324866e-05   7.6577221e-05   9.1163359e-05   1.0852781e-04   3.5610687e-03   2.2256679e-02   1.3910425e-01   3.1542913e-02   1.0350018e+00
   6.4324866e-05   3.3770555e-04   7.6577221e-05   9.1163359e-05   1.0852781e-04   3.5610687e-03   2.2256679e-02   1.3910425e-01   3.1542913e-02   1.0350018e+00
   6.4324866e-05   1.2252355e-05   4.0203041e-04   9.1163359e-05   1.0852781e-04   3.5610687e-03   2.2256679e-02   1.3910425e-01   3.1542913e-02   1.0350018e+00
   1.2252355e-05   6.4324866e-05   4.0203041e-04   9.1163359e-05   1.0852781e-04   3.5610687e-03   2.2256679e-02   1.3910425e-01   3.1542913e-02   1.0350018e+00
   6.4324866e-05   1.2252355e-05   1.4586137e-05   4.7860763e-04   1.0852781e-04   3.5610687e-03   2.2256679e-02   1.3910425e-01   3.1542913e-02   1.0350018e+00
   1.2252355e-05   6.4324866e-05   1.4586137e-05   4.7860763e-04   1.0852781e-04   3.5610687e-03   2.2256679e-02   1.3910425e-01   3.1542913e-02   1.0350018e+00
   1.2252355e-05   2.3337820e-06   7.6577221e-05   4.7860763e-04   1.0852781e-04   3.5610687e-03   2.2256679e-02   1.3910425e-01   3.1542913e-02   1.0350018e+00
   2.3337820e-06   1.2252355e-05   7.6577221e-05   4.7860763e-04   1.0852781e-04   3.5610687e-03   2.2256679e-02   1.3910425e-01   3.1542913e-02   1.0350018e+00
   6.4324866e-05   1.2252355e-05   1.4586137e-05   1.7364449e-05   5.6977099e-04   3.5610687e-03   2.2256679e-02   1.3910425e-01   3.1542913e-02   1.0350018e+00
   1.2252355e-05   6.4324866e-05   1.4586137e-05   1.7364449e-05   5.6977099e-04   3.5610687e-03   2.2256679e-02   1.3910425e-01   3.1542913e-02   1.0350018e+00
   1.2252355e-05   2.3337820e-06   7.6577221e-05   1.7364449e-05   5.6977099e-04   3.5610687e-03   2.2256679e-02   1.3910425e-01   3.1542913e-02   1.0350018e+00
   2.3337820e-06   1.2252355e-05   7.6577221e-05   1.7364449e-05   5.6977099e-04   3.5610687e-03   2.2256679e-02   1.3910425e-01   3.1542913e-02   1.0350018e+00
   1.2252355e-05   2.3337820e-06   2.7783119e-06   9.1163359e-05   5.6977099e-04   3.5610687e-03   2.2256679e-02   1.3910425e-01   3.1542913e-02   1.0350018e+00
   2.3337820e-06   1.2252355e-05   2.7783119e-06   9.1163359e-05   5.6977099e-04   3.5610687e-03   2.2256679e-02   1.3910425e-01   3.1542913e-02   1.0350018e+00
   2.3337820e-06   4.4452990e-07   1.4586137e-05   9.1163359e-05   5.6977099e-04   3.5610687e-03   2.2256679e-02   1.3910425e-01   3.1542913e-02   1.0350018e+00
   4.4452990e-07   2.3337820e-06   1.4586137e-05   9.1163359e-05   5.6977099e-04   3.5610687e-03   2.2256679e-02   1.3910425e-01   3.1542913e-02   1.0350018e+00
   9.3080091e-03   1.7729541e-03   2.1106597e-03   2.5126901e-03   2.9912977e-03   3.5610687e-03   1.1684757e-01   2.6496047e-02   3.1542913e-02   1.0350018e+00
   1.7729541e-03   9.3080091e-03   2.1106597e-03   2.5126901e-03   2.9912977e-03   3.5610687e-03   1.1684757e-01   2.6496047e-02   3.1542913e-02   1.0350018e+00
   1.7729541e-03   3.3770555e-04   1.1080963e-02   2.5126901e-03   2.9912977e-03   3.5610687e-03   1.1684757e-01   2.6496047e-02   3.1542913e-02   1.0350018e+00
   3.3770555e-04   1.7729541e-03   1.1080963e-02   2.5126901e-03   2.9912977e-03   3.5610687e-03   1.1684757e-01   2.6496047e-02   3.1542913e-02   1.0350018e+00
   1.7729541e-03   3.3770555e-04   4.0203041e-04   1.3191623e-02   2.9912977e-03   3.5610687e-03   1.1684757e-01   2.6496047e-02   3.1542913e-02   1.0350018e+00
   3.3770555e-04   1.7729541e-03   4.0203041e-04   1.3191623e-02   2.9912977e-03   3.5610687e-03   1.1684757e-01   2.6496047e-02   3.1542913e-02   1.0350018e+00
   3.3770555e-04   6.4324866e-05   2.1106597e-03   1.3191623e-02   2.9912977e-03   3.5610687e-03   1.1684757e-01   2.6496047e-02   3.1542913e-02   1.0350018e+00
   6.4324866e-05   3.3770555e-04   2.1106597e-03   1.3191623e-02   2.9912977e-03   3.5610687e-03   1.1684757e-01   2.6496047e-02   3.1542913e-02   1.0350018e+00
   1.7729541e-03   3.3770555e-04   4.0203041e-04   4.7860763e-04   1.5704313e-02   3.5610687e-03   1.1684757e-01   2.6496047e-02   3.1542913e-02   1.0350018e+00
   3.3770555e-04   1.7729541e-03   4.0203041e-04   4.7860763e-04   1.5704313e-02   3.5610687e-03   1.1684757e-01   2.6496047e-02   3.1542913e-02   1.0350018e+00
   3.3770555e-04   6.4324866e-05   2.1106597e-03   4.7860763e-04   1.5704313e-02   3.5610687e-03   1.1684757e-01   2.6496047e-02   3.1542913e-02   1.0350018e+00
   6.4324866e-05   3.3770555e-04   2.1106597e-03   4.7860763e-04   1.5704313e-02   3.5610687e-03   1.1684757e-01   2.6496047e-02   3.1542913e-02   1.0350018e+00
   3.3770555e-04   6.4324866e-05   7.6577221e-05   2.5126901e-03   1.5704313e-02   3.5610687e-03   1.1684757e-01   2.6496047e-02   3.1542913e-02   1.0350018e+00
   6.4324866e-05   3.3770555e-04   7.6577221e-05   2.5126901e-03   1.5704313e-02   3.5610687e-03   1.1684757e-01   2.6496047e-02   3.1542913e-02   1.0350018e+00
   6.4324866e-05   1.2252355e-05   4.0203041e-04   2.5126901e-03   1.5704313e-02   3.5610687e-03   1.1684757e-01   2.6496047e-02   3.1542913e-02   1.0350018e+00
   1.2252355e-05   6.4324866e-05   4.0203041e-04   2.5126901e-03   1.5704313e-02   3.5610687e-03   1.1684757e-01   2.6496047e-02   3.1542913e-02   1.0350018e+00
   1.7729541e-03   3.3770555e-04   4.0203041e-04   4.7860763e-04   5.6977099e-04   1.8695611e-02   1.1684757e-01   2.6496047e-02   3.1542913e-02   1.0350018e+00
   3.3770555e-04   1.7729541e-03   4.0203041e-04   4.7860763e-04   5.6977099e-04   1.8695611e-02   1.1684757e-01   2.6496047e-02   3.1542913e-02   1.0350018e+00
   3.3770555e-04   6.4324866e-05   2.1106597e-03   4.7860763e-04   5.6977099e-04   1.8695611e-02   1.1684757e-01   2.6496047e-02   3.1542913e-02   1.0350018e+00
   6.4324866e-05   3.3770555e-04   2.1106597e-03   4.7860763e-04   5.6977099e-04   1.8695611e-02   1.1684757e-01   2.6496047e-02   3.1542913e-02   1.0350018e+00
   3.3770555e-04   6.4324866e-05   7.6577221e-05   2.5126901e-03   5.6977099e-04   1.8695611e-02   1.1684757e-01   2.6496047e-02   3.1542913e-02   1.0350018e+00
   6.4324866e-05   3.3770555e-04   7.6577221e-05   2.5126901e-03   5.6977099e-04   1.8695611e-02   1.1684757e-01   2.6496047e-02   3.1542913e-02   1.0350018e+00
   6.4324866e-05   1.2252355e-05   4.0203041e-04   2.5126901e-03   5.6977099e-04   1.8695611e-02   1.1684757e-01   2.6496047e-02   3.1542913e-02   1.0350018e+00
   1.2252355e-05   6.4324866e-05   4.0203041e-04   2.5126901e-03   5.6977099e-04   1.8695611e-02   1.1684757e-01   2.6496047e-02   3.1542913e-02   1.0350018e+00
   3.3770555e-04   6.4324866e-05   7.6577221e-05   9.1163359e-05   2.9912977e-03   1.8695611e-02   1.1684757e-01   2.6496047e-02   3.1542913e-02   1.0350018e+00
   6.4324866e-05   3.3770555e-04   7.6577221e-05   9.1163359e-05   2.9912977e-03   1.8695611e-02   1.1684757e-01   2.6496047e-02   3.1542913e-02   1.0350018e+00
   6.4324866e-05   1.2252355e-05   4.0203041e-04   9.1163359e-05   2.9912977e-03   1.8695611e-02   1.1684757e-01   2.6496047e-02   3.1542913e-02   1.0350018e+00
   1.2252355e-05   6.4324866e-05   4.0203041e-04   9.1163359e-05   2.9912977e-03   1.8695611e-02   1.1684757e-01   2.6496047e-02   3.1542913e-02   1.0350018e+00
   6.4324866e-05   1.2252355e-05   1.4586137e-05   4.7860763e-04   2.9912977e-03   1.8695611e-02   1.1684757e-01   2.6496047e-02   3.1542913e-02   1.0350018e+00
   1.2252355e-05   6.4324866e-05   1.4586137e-05   4.7860763e-04   2.9912977e-03   1.8695611e-02   1.1684757e-01   2.6496047e-02   3.1542913e-02   1.0350018e+00
   1.2252355e-05   2.3337820e-06   7.6577221e-05   4.7860763e-04   2.9912977e-03   1.8695611e-02   1.1684757e-01   2.6496047e-02   3.1542913e-02   1.0350018e+00
   2.3337820e-06   1.2252355e-05   7.6577221e-05   4.7860763e-04   2.9912977e-03   1.8695611e-02   1.1684757e-01   2.6496047e-02   3.1542913e-02   1.0350018e+00
   9.3080091e-03   1.7729541e-03   2.1106597e-03   2.5126901e-03   2.9912977e-03   9.8151956e-02   2.2256679e-02   2.6496047e-02   3.1542913e-02   1.0350018e+00
   1.7729541e-03   9.3080091e-03   2.1106597e-03   2.5126901e-03   2.9912977e-03   9.8151956e-02   2.2256679e-02   2.6496047e-02   3.1542913e-02   1.0350018e+00
   1.7729541e-03   3.3770555e-04   1.1080963e-02   2.5126901e-03   2.9912977e-03   9.8151956e-02   2.2256679e-02   2.6496047e-02   3.1542913e-02   1.0350018e+00
   3.3770555e-04   1.7729541e-03   1.1080963e-02   2.5126901e-03   2.9912977e-03   9.8151956e-02   2.2256679e-02   2.6496047e-02   3.1542913e-02   1.0350018e+00
   1.7729541e-03   3.3770555e-04   4.0203041e-04   1.3191623e-02   2.9912977e-03   9.8151956e-02   2.2256679e-02   2.6496047e-02   3.1542913e-02   1.0350018e+00
   3.3770555e-04   1.7729541e-03   4.0203041e-04   1.3191623e-02   2.9912977e-03   9.8151956e-02   2.2256679e-02   2.6496047e-02   3.1542913e-02   1.0350018e+00
   3.3770555e-04   6.4324866e-05   2.1106597e-03   1.3191623e-02   2.9912977e-03   9.8151956e-02   2.2256679e-02   2.6496047e-02   3.1542913e-02   1.0350018e+00
   6.4324866e-05   3.3770555e-04   2.1106597e-03   1.3191623e-02   2.9912977e-03   9.8151956e-02   2.2256679e-02   2.6496047e-02   3.1542913e-02   1.0350018e+00
   1.7729541e-03   3.3770555e-04   4.0203041e-04   4.7860763e-04   1.5704313e-02   9.8151956e-02   2.2256679e-02   2.6496047e-02   3.1542913e-02   1.0350018e+00
   3.3770555e-04   1.7729541e-03   4.0203041e-04   4.7860763e-04   1.5704313e-02   9.8151956e-02   2.2256679e-02   2.6496047e-02   3.1542913e-02   1.0350018e+00
   3.3770555e-04   6.4324866e-05   2.1106597e-03   4.7860763e-04   1.5704313e-02   9.8151956e-02   2.2256679e-02   2.6496047e-02   3.1542913e-02   1.0350018e+00
   6.4324866e-05   3.3770555e-04   2.1106597e-03   4.7860763e-04   1.5704313e-02   9.8151956e-02   2.2256679e-02   2.6496047e-02   3.1542913e-02   1.0350018e+00
   3.3770555e-04   6.4324866e-05   7.6577221e-05   2.5126901e-03   1.5704313e-02   9.8151956e-02   2.2256679e-02   2.6496047e-02   3.1542913e-02   1.0350018e+00
   6.4324866e-05   3.3770555e-04   7.6577221e-05   2.5126901e-03   1.5704313e-02   9.8151956e-02   2.2256679e-02   2.6496047e-02   3.1542913e-02   1.0350018e+00
   6.4324866e-05   1.2252355e-05   4.0203041e-04   2.5126901e-03   1.5704313e-02   9.8151956e-02   2.2256679e-02   2.6496047e-02   3.1542913e-02   1.0350018e+00
   1.2252355e-05   6.4324866e-05   4.0203041e-04   2.5126901e-03   1.5704313e-02   9.8151956e-02   2.2256679e-02   2.6496047e-02   3.1542913e-02   1.0350018e+00
   9.3080091e-03   1.7729541e-03   2.1106597e-03   2.5126901e-03   8.2447643e-02   1.8695611e-02   2.2256679e-02   2.6496047e-02   3.1542913e-02   1.0350018e+00
   1.7729541e-03   9.3080091e-03   2.1106597e-03   2.5126901e-03   8.2447643e-02   1.8695611e-02   2.2256679e-02   2.6496047e-02   3.1542913e-02   1.0350018e+00
   1.7729541e-03   3.3770555e-04   1.1080963e-02   2.5126901e-03   8.2447643e-02   1.8695611e-02   2.2256679e-02   2.6496047e-02   3.1542913e-02   1.0350018e+00
   3.3770555e-04   1.7729541e-03   1.1080963e-02   2.5126901e-03   8.2447643e-02   1.8695611e-02   2.2256679e-02   2.6496047e-02   3.1542913e-02   1.0350018e+00
   1.7729541e-03   3.3770555e-04   4.0203041e-04   1.3191623e-02   8.2447643e-02   1.8695611e-02   2.2256679e-02   2.6496047e-02   3.1542913e-02   1.0350018e+00
   3.3770555e-04   1.7729541e-03   4.0203041e-04   1.3191623e-02   8.2447643e-02   1.8695611e-02   2.2256679e-02   2.6496047e-02   3.1542913e-02   1.0350018e+00
   3.3770555e-04   6.4324866e-05   2.1106597e-03   1.3191623e-02   8.2447643e-02   1.8695611e-02   2.2256679e-02   2.6496047e-02   3.1542913e-02   1.0350018e+00
   6.4324866e-05   3.3770555e-04   2.1106597e-03   1.3191623e-02   8.2447643e-02   1.8695611e-02   2.2256679e-02   2.6496047e-02   3.1542913e-02   1.0350018e+00
   9.3080091e-03   1.7729541e-03   2.1106597e-03   6.9256020e-02   1.5704313e-02   1.8695611e-02   2.2256679e-02   2.6496047e-02   3.1542913e-02   1.0350018e+00
   1.7729541e-03   9.3080091e-03   2.1106597e-03   6.9256020e-02   1.5704313e-02   1.8695611e-02   2.2256679e-02   2.6496047e-02   3.1542913e-02   1.0350018e+00
   1.7729541e-03   3.3770555e-04   1.1080963e-02   6.9256020e-02   1.5704313e-02   1.8695611e-02   2.2256679e-02   2.6496047e-02   3.1542913e-02   1.0350018e+00
   3.3770555e-04   1.7729541e-03   1.1080963e-02   6.9256020e-02   1.5704313e-02   1.8695611e-02   2.2256679e-02   2.6496047e-02   3.1542913e-02   1.0350018e+00
   9.3080091e-03   1.7729541e-03   5.8175057e-02   1.3191623e-02   1.5704313e-02   1.8695611e-02   2.2256679e-02   2.6496047e-02   3.1542913e-02   1.0350018e+00
   1.7729541e-03   9.3080091e-03   5.8175057e-02   1.3191623e-02   1.5704313e-02   1.8695611e-02   2.2256679e-02   2.6496047e-02   3.1542913e-02   1.0350018e+00
   9.3080091e-03   4.8867048e-02   1.1080963e-02   1.3191623e-02   1.5704313e-02   1.8695611e-02   2.2256679e-02   2.6496047e-02   3.1542913e-02   1.0350018e+00
   4.8867048e-02   9.3080091e-03   1.1080963e-02   1.3191623e-02   1.5704313e-02   1.8695611e-02   2.2256679e-02   2.6496047e-02   3.1542913e-02   1.0350018e+00
   4.8867048e-02   9.3080091e-03   1.1080963e-02   1.3191623e-02   1.5704313e-02   1.8695611e-02   2.2256679e-02   2.6496047e-02   8.6940154e-01   1.9714321e-01
   9.3080091e-03   4.8867048e-02   1.1080963e-02   1.3191623e-02   1.5704313e-02   1.8695611e-02   2.2256679e-02   2.6496047e-02   8.6940154e-01   1.9714321e-01
   9.3080091e-03   1.7729541e-03   5.8175057e-02   1.3191623e-02   1.5704313e-02   1.8695611e-02   2.2256679e-02   2.6496047e-02   8.6940154e-01   1.9714321e-01
   1.7729541e-03   9.3080091e-03   5.8175057e-02   1.3191623e-02   1.5704313e-02   1.8695611e-02   2.2256679e-02   2.6496047e-02   8.6940154e-01   1.9714321e-01
   9.3080091e-03   1.7729541e-03   2.1106597e-03   6.9256020e-02   1.5704313e-02   1.8695611e-02   2.2256679e-02   2.6496047e-02   8.6940154e-01   1.9714321e-01
   1.7729541e-03   9.3080091e-03   2.1106597e-03   6.9256020e-02   1.5704313e-02   1.8695611e-02   2.2256679e-02   2.6496047e-02   8.6940154e-01   1.9714321e-01
   1.7729541e-03   3.3770555e-04   1.1080963e-02   6.9256020e-02   1.5704313e-02   1.8695611e-02   2.2256679e-02   2.6496047e-02   8.6940154e-01   1.9714321e-01
   3.3770555e-04   1.7729541e-03   1.1080963e-02   6.9256020e-02   1.5704313e-02   1.8695611e-02   2.2256679e-02   2.6496047e-02   8.6940154e-01   1.9714321e-01
   9.3080091e-03   1.7729541e-03   2.1106597e-03   2.5126901e-03   8.2447643e-02   1.8695611e-02   2.2256679e-02   2.6496047e-02   8.6940154e-01   1.9714321e-01
   1.7729541e-03   9.3080091e-03   2.1106597e-03   2.5126901e-03   8.2447643e-02   1.8695611e-02   2.2256679e-02   2.6496047e-02   8.6940154e-01   1.9714321e-01
   1.7729541e-03   3.3770555e-04   1.1080963e-02   2.5126901e-03   8.2447643e-02   1.8695611e-02   2.2256679e-02   2.6496047e-02   8.6940154e-01   1.9714321e-01
   3.3770555e-04   1.7729541e-03   1.1080963e-02   2.5126901e-03   8.2447643e-02   1.8695611e-02   2.2256679e-02   2.6496047e-02   8.6940154e-01   1.9714321e-01
   1.7729541e-03   3.3770555e-04   4.0203041e-04   1.3191623e-02   8.2447643e-02   1.8695611e-02   2.2256679e-02   2.6496047e-02   8.6940154e-01   1.9714321e-01
   3.3770555e-04   1.7729541e-03   4.0203041e-04   1.3191623e-02   8.2447643e-02   1.8695611e-02   2.2256679e-02   2.6496047e-02   8.6940154e-01   1.9714321e-01
   3.3770555e-04   6.4324866e-05   2.1106597e-03   1.3191623e-02   8.2447643e-02   1.8695611e-02   2.2256679e-02   2.6496047e-02   8.6940154e-01   1.9714321e-01
   6.4324866e-05   3.3770555e-04   2.1106597e-03   1.3191623e-02   8.2447643e-02   1.8695611e-02   2.2256679e-02   2.6496047e-02   8.6940154e-01   1.9714321e-01
   9.3080091e-03   1.7729541e-03   2.1106597e-03   2.5126901e-03   2.9912977e-03   9.8151956e-02   2.2256679e-02   2.6496047e-02   8.6940154e-01   1.9714321e-01
   1.7729541e-03   9.3080091e-03   2.1106597e-03   2.5126901e-03   2.9912977e-03   9.8151956e-02   2.2256679e-02   2.6496047e-02   8.6940154e-01   1.9714321e-01
   1.7729541e-03   3.3770555e-04   1.1080963e-02   2.5126901e-03   2.9912977e-03   9.8151956e-02   2.2256679e-02   2.6496047e-02   8.6940154e-01   1.9714321e-01
   3.3770555e-04   1.7729541e-03   1.1080963e-02   2.5126901e-03   2.9912977e-03   9.8151956e-02   2.2256679e-02   2.6496047e-02   8.6940154e-01   1.9714321e-01
   1.7729541e-03   3.3770555e-04   4.0203041e-04   1.3191623e-02   2.9912977e-03   9.8151956e-02   2.2256679e-02   2.6496047e-02   8.6940154e-01   1.9714321e-01
   3.3770555e-04   1.7729541e-03   4.0203041e-04   1.3191623e-02   2.9912977e-03   9.8151956e-02   2.2256679e-02   2.6496047e-02   8.6940154e-01   1.9714321e-01
   3.3770555e-04   6.4324866e-05   2.1106597e-03   1.3191623e-02   2.9912977e-03   9.8151956e-02   2.2256679e-02   2.6496047e-02   8.6940154e-01   1.9714321e-01
   6.4324866e-05   3.3770555e-04   2.1106597e-03   1.3191623e-02   2.9912977e-03   9.8151956e-02   2.2256679e-02   2.6496047e-02   8.6940154e-01   1.9714321e-01
   1.7729541e-03   3.3770555e-04   4.0203041e-04   4.7860763e-04   1.5704313e-02   9.8151956e-02   2.2256679e-02   2.6496047e-02   8.6940154e-01   1.9714321e-01
   3.3770555e-04   1.7729541e-03   4.0203041e-04   4.7860763e-04   1.5704313e-02   9.8151956e-02   2.2256679e-02   2.6496047e-02   8.6940154e-01   1.9714321e-01
   3.3770555e-04   6.4324866e-05   2.1106597e-03   4.7860763e-04   1.5704313e-02   9.8151956e-02   2.2256679e-02   2.6496047e-02   8.6940154e-01   1.9714321e-01
   6.4324866e-05   3.3770555e-04   2.1106597e-03   4.7860763e-04   1.5704313e-02   9.8151956e-02   2.2256679e-02   2.6496047e-02   8.6940154e-01   1.9714321e-01
   3.3770555e-04   6.4324866e-05   7.6577221e-05   2.5126901e-03   1.5704313e-02   9.8151956e-02   2.2256679e-02   2.6496047e-02   8.6940154e-01   1.9714321e-01
   6.4324866e-05   3.3770555e-04   7.6577221e-05   2.5126901e-03   1.5704313e-02   9.8151956e-02   2.2256679e-02   2.6496047e-02   8.6940154e-01   1.9714321e-01
   6.4324866e-05   1.2252355e-05   4.0203041e-04   2.5126901e-03   1.5704313e-02   9.8151956e-02   2.2256679e-02   2.6496047e-02   8.6940154e-01   1.9714321e-01
   1.2252355e-05   6.4324866e-05   4.0203041e-04   2.5126901e-03   1.5704313e-02   9.8151956e-02   2.2256679e-02   2.6496047e-02   8.6940154e-01   1.9714321e-01
   9.3080091e-03   1.7729541e-03   2.1106597e-03   2.5126901e-03   2.9912977e-03   3.5610687e-03   1.1684757e-01   2.6496047e-02   8.6940154e-01   1.9714321e-01
   1.7729541e-03   9.3080091e-03   2.1106597e-03   2.5126901e-03   2.9912977e-03   3.5610687e-03   1.1684757e-01   2.6496047e-02   8.6940154e-01   1.9714321e-01
   1.7729541e-03   3.3770555e-04   1.1080963e-02   2.5126901e-03   2.9912977e-03   3.5610687e-03   1.1684757e-01   2.6496047e-02   8.6940154e-01   1.9714321e-01
   3.3770555e-04   1.7729541e-03   1.1080963e-02   2.5126901e-03   2.9912977e-03   3.5610687e-03   1.1684757e-01   2.6496047e-02   8.6940154e-01   1.9714321e-01
   1.7729541e-03   3.3770555e-04   4.0203041e-04   1.3191623e-02   2.9912977e-03   3.5610687e-03   1.1684757e-01   2.6496047e-02   8.6940154e-01   1.9714321e-01
   3.3770555e-04   1.7729541e-03   4.0203041e-04   1.3191623e-02   2.9912977e-03   3.5610687e-03   1.1684757e-01   2.6496047e-02   8.6940154e-01   1.9714321e-01
   3.3770555e-04   6.4324866e-05   2.1106597e-03   1.3191623e-02   2.9912977e-03   3.5610687e-03   1.1684757e-01   2.6496047e-02   8.6940154e-01   1.9714321e-01
   6.4324866e-05   3.3770555e-04   2.1106597e-03   1.3191623e-02   2.9912977e-03   3.5610687e-03   1.1684757e-01   2.6496047e-02   8.6940154e-01   1.9714321e-01
   1.7729541e-03   3.3770555e-04   4.0203041e-04   4.7860763e-04   1.5704313e-02   3.5610687e-03   1.1684757e-01   2.6496047e-02   8.6940154e-01   1.9714321e-01
   3.3770555e-04   1.7729541e-03   4.0203041e-04   4.7860763e-04   1.5704313e-02   3.5610687e-03   1.1684757e-01   2.6496047e-02   8.6940154e-01   1.9714321e-01
   3.3770555e-04   6.4324866e-05   2.1106597e-03   4.7860763e-04   1.5704313e-02   3.5610687e-03   1.1684757e-01   2.6496047e-02   8.6940154e-01   1.9714321e-01
   6.4324866e-05   3.3770555e-04   2.1106597e-03   4.7860763e-04   1.5704313e-02   3.5610687e-03   1.1684757e-01   2.6496047e-02   8.6940154e-01   1.9714321e-01
   3.3770555e-04   6.4324866e-05   7.6577221e-05   2.5126901e-03   1.5704313e-02   3.5610687e-03   1.1684757e-01   2.6496047e-02   8.6940154e-01   1.9714321e-01
   6.4324866e-05   3.3770555e-04   7.6577221e-05   2.5126901e-03   1.5704313e-02   3.5610687e-03   1.1684757e-01   2.6496047e-02   8.6940154e-01   1.9714321e-01
   6.4324866e-05   1.2252355e-05   4.0203041e-04   2.5126901e-03   1.5704313e-02   3.5610687e-03   1.1684757e-01   2.6496047e-02   8.6940154e-01   1.9714321e-01
   1.2252355e-05   6.4324866e-05   4.0203041e-04   2.5126901e-03   1.5704313e-02   3.5610687e-03   1.1684757e-01   2.6496047e-02   8.6940154e-01   1.9714321e-01
   1.7729541e-03   3.3770555e-04   4.0203041e-04   4.7860763e-04   5.6977099e-04   1.8695611e-02   1.1684757e-01   2.6496047e-02   8.6940154e-01   1.9714321e-01
   3.3770555e-04   1.7729541e-03   4.0203041e-04   4.7860763e-04   5.6977099e-04   1.8695611e-02   1.1684757e-01   2.6496047e-02   8.6940154e-01   1.9714321e-01
   3.3770555e-04   6.4324866e-05   2.1106597e-03   4.7860763e-04   5.6977099e-04   1.8695611e-02   1.1684757e-01   2.6496047e-02   8.6940154e-01   1.9714321e-01
   6.4324866e-05   3.3770555e-04   2.1106597e-03   4.7860763e-04   5.6977099e-04   1.8695611e-02   1.1684757e-01   2.6496047e-02   8.6940154e-01   1.9714321e-01
   3.3770555e-04   6.4324866e-05   7.6577221e-05   2.5126901e-03   5.6977099e-04   1.8695611e-02   1.1684757e-01   2.6496047e-02   8.6940154e-01   1.9714321e-01
   6.4324866e-05   3.3770555e-04   7.6577221e-05   2.5126901e-03   5.6977099e-04   1.8695611e-02   1.1684757e-01   2.6496047e-02   8.6940154e-01   1.9714321e-01
   6.4324866e-05   1.2252355e-05   4.0203041e-04   2.5126901e-03   5.6977099e-04   1.8695611e-02   1.1684757e-01   2.6496047e-02   8.6940154e-01   1.9714321e-01
   1.2252355e-05   6.4324866e-05   4.0203041e-04   2.5126901e-03   5.6977099e-04   1.8695611e-02   1.1684757e-01   2.6496047e-02   8.6940154e-01   1.9714321e-01
   3.3770555e-04   6.4324866e-05   7.6577221e-05   9.1163359e-05   2.9912977e-03   1.8695611e-02   1.1684757e-01   2.6496047e-02   8.6940154e-01   1.9714321e-01
   6.4324866e-05   3.3770555e-04   7.6577221e-05   9.1163359e-05   2.9912977e-03   1.8695611e-02   1.1684757e-01   2.6496047e-02   8.6940154e-01   1.9714321e-01
   6.4324866e-05   1.2252355e-05   4.0203041e-04   9.1163359e-05   2.9912977e-03   1.8695611e-02   1.1684757e-01   2.6496047e-02   8.6940154e-01   1.9714321e-01
   1.2252355e-05   6.4324866e-05   4.0203041e-04   9.1163359e-05   2.9912977e-03   1.8695611e-02   1.1684757e-01   2.6496047e-02   8.6940154e-01   1.9714321e-01
   6.4324866e-05   1.2252355e-05   1.4586137e-05   4.7860763e-04   2.9912977e-03   1.8695611e-02   1.1684757e-01   2.6496047e-02   8.6940154e-01   1.9714321e-01
   1.2252355e-05   6.4324866e-05   1.4586137e-05   4.7860763e-04   2.9912977e-03   1.8695611e-02   1.1684757e-01   2.6496047e-02   8.6940154e-01   1.9714321e-01
   1.2252355e-05   2.3337820e-06   7.6577221e-05   4.7860763e-04   2.9912977e-03   1.8695611e-02   1.1684757e-01   2.6496047e-02   8.6940154e-01   1.9714321e-01
   2.3337820e-06   1.2252355e-05   7.6577221e-05   4.7860763e-04   2.9912977e-03   1.8695611e-02   1.1684757e-01   2.6496047e-02   8.6940154e-01   1.9714321e-01
   9.3080091e-03   1.7729541e-03   2.1106597e-03   2.5126901e-03   2.9912977e-03   3.5610687e-03   4.2393675e-03   1.3910425e-01   8.6940154e-01   1.9714321e-01
   1.7729541e-03   9.3080091e-03   2.1106597e-03   2.5126901e-03   2.9912977e-03   3.5610687e-03   4.2393675e-03   1.3910425e-01   8.6940154e-01   1.9714321e-01
   1.7729541e-03   3.3770555e-04   1.1080963e-02   2.5126901e-03   2.9912977e-03   3.5610687e-03   4.2393675e-03   1.3910425e-01   8.6940154e-01   1.9714321e-01
   3.3770555e-04   1.7729541e-03   1.1080963e-02   2.5126901e-03   2.9912977e-03   3.5610687e-03   4.2393675e-03   1.3910425e-01   8.6940154e-01   1.9714321e-01
   1.7729541e-03   3.3770555e-04   4.0203041e-04   1.3191623e-02   2.9912977e-03   3.5610687e-03   4.2393675e-03   1.3910425e-01   8.6940154e-01   1.9714321e-01
   3.3770555e-04   1.7729541e-03   4.0203041e-04   1.3191623e-02   2.9912977e-03   3.5610687e-03   4.2393675e-03   1.3910425e-01   8.6940154e-01   1.9714321e-01
   3.3770555e-04   6.4324866e-05   2.1106597e-03   1.3191623e-02   2.9912977e-03   3.5610687e-03   4.2393675e-03   1.3910425e-01   8.6940154e-01   1.9714321e-01
   6.4324866e-05   3.3770555e-04   2.1106597e-03   1.3191623e-02   2.9912977e-03   3.5610687e-03   4.2393675e-03   1.3910425e-01   8.6940154e-01   1.9714321e-01
   1.7729541e-03   3.3770555e-04   4.0203041e-04   4.7860763e-04   1.5704313e-02   3.5610687e-03   4.2393675e-03   1.3910425e-01   8.6940154e-01   1.9714321e-01
   3.3770555e-04   1.7729541e-03   4.0203041e-04   4.7860763e-04   1.5704313e-02   3.5610687e-03   4.2393675e-03   1.3910425e-01   8.6940154e-01   1.9714321e-01
   3.3770555e-04   6.4324866e-05   2.1106597e-03   4.7860763e-04   1.5704313e-02   3.5610687e-03   4.2393675e-03   1.3910425e-01   8.6940154e-01   1.9714321e-01
   6.4324866e-05   3.3770555e-04   2.1106597e-03   4.7860763e-04   1.5704313e-02   3.5610687e-03   4.2393675e-03   1.3910425e-01   8.6940154e-01   1.9714321e-01
   3.3770555e-04   6.4324866e-05   7.6577221e-05   2.5126901e-03   1.5704313e-02   3.5610687e-03   4.2393675e-03   1.3910425e-01   8.6940154e-01   1.9714321e-01
   6.4324866e-05   3.3770555e-04   7.6577221e-05   2.5126901e-03   1.5704313e-02   3.5610687e-03   4.2393675e-03   1.3910425e-01   8.6940154e-01   1.9714321e-01
   6.4324866e-05   1.2252355e-05   4.0203041e-04   2.5126901e-03   1.5704313e-02   3.5610687e-03   4.2393675e-03   1.3910425e-01   8.6940154e-01   1.9714321e-01
   1.2252355e-05   6.4324866e-05   4.0203041e-04   2.5126901e-03   1.5704313e-02   3.5610687e-03   4.2393675e-03   1.3910425e-01   8.6940154e-01   1.9714321e-01
   1.7729541e-03   3.3770555e-04   4.0203041e-04   4.7860763e-04   5.6977099e-04   1.8695611e-02   4.2393675e-03   1.3910425e-01   8.6940154e-01   1.9714321e-01
   3.3770555e-04   1.7729541e-03   4.0203041e-04   4.7860763e-04   5.6977099e-04   1.8695611e-02   4.2393675e-03   1.3910425e-01   8.6940154e-01   1.9714321e-01
   3.3770555e-04   6.4324866e-05   2.1106597e-03   4.7860763e-04   5.6977099e-04   1.8695611e-02   4.2393675e-03   1.3910425e-01   8.6940154e-01   1.9714321e-01
   6.4324866e-05   3.3770555e-04   2.1106597e-03   4.7860763e-04   5.6977099e-04   1.8695611e-02   4.2393675e-03   1.3910425e-01   8.6940154e-01   1.9714321e-01
   3.3770555e-04   6.4324866e-05   7.6577221e-05   2.5126901e-03   5.6977099e-04   1.8695611e-02   4.2393675e-03   1.3910425e-01   8.6940154e-01   1.9714321e-01
   6.4324866e-05   3.3770555e-04   7.6577221e-05   2.5126901e-03   5.6977099e-04   1.8695611e-02   4.2393675e-03   1.3910425e-01   8.6940154e-01   1.9714321e-01
   6.4324866e-05   1.2252355e-05   4.0203041e-04   2.5126901e-03   5.6977099e-04   1.8695611e-02   4.2393675e-03   1.3910425e-01   8.6940154e-01   1.9714321e-01
   1.2252355e-05   6.4324866e-05   4.0203041e-04   2.5126901e-03   5.6977099e-04   1.8695611e-02   4.2393675e-03   1.3910425e-01   8.6940154e-01   1.9714321e-01
   3.3770555e-04   6.4324866e-05   7.6577221e-05   9.1163359e-05   2.9912977e-03   1.8695611e-02   4.2393675e-03   1.3910425e-01   8.6940154e-01   1.9714321e-01
   6.4324866e-05   3.3770555e-04   7.6577221e-05   9.1163359e-05   2.9912977e-03   1.8695611e-02   4.2393675e-03   1.3910425e-01   8.6940154e-01   1.9714321e-01
   6.4324866e-05   1.2252355e-05   4.0203041e-04   9.1163359e-05   2.9912977e-03   1.8695611e-02   4.2393675e-03   1.3910425e-01   8.6940154e-01   1.9714321e-01
   1.2252355e-05   6.4324866e-05   4.0203041e-04   9.1163359e-05   2.9912977e-03   1.8695611e-02   4.2393675e-03   1.3910425e-01   8.6940154e-01   1.9714321e-01
   6.4324866e-05   1.2252355e-05   1.4586137e-05   4.7860763e-04   2.9912977e-03   1.8695611e-02   4.2393675e-03   1.3910425e-01   8.6940154e-01   1.9714321e-01
   1.2252355e-05   6.4324866e-05   1.4586137e-05   4.7860763e-04   2.9912977e-03   1.8695611e-02   4.2393675e-03   1.3910425e-01   8.6940154e-01   1.9714321e-01
   1.2252355e-05   2.3337820e-06   7.6577221e-05   4.7860763e-04   2.9912977e-03   1.8695611e-02   4.2393675e-03   1.3910425e-01   8.6940154e-01   1.9714321e-01
   2.3337820e-06   1.2252355e-05   7.6577221e-05   4.7860763e-04   2.9912977e-03   1.8695611e-02   4.2393675e-03   1.3910425e-01   8.6940154e-01   1.9714321e-01
   1.7729541e-03   3.3770555e-04   4.0203041e-04   4.7860763e-04   5.6977099e-04   6.7829880e-04   2.2256679e-02   1.3910425e-01   8.6940154e-01   1.9714321e-01
   3.3770555e-04   1.7729541e-03   4.0203041e-04   4.7860763e-04   5.6977099e-04   6.7829880e-04   2.2256679e-02   1.3910425e-01   8.6940154e-01   1.9714321e-01
   3.3770555e-04   6.4324866e-05   2.1106597e-03   4.7860763e-04   5.6977099e-04   6.7829880e-04   2.2256679e-02   1.3910425e-01   8.6940154e-01   1.9714321e-01
   6.4324866e-05   3.3770555e-04   2.1106597e-03   4.7860763e-04   5.6977099e-04   6.7829880e-04   2.2256679e-02   1.3910425e-01   8.6940154e-01   1.9714321e-01
   3.3770555e-04   6.4324866e-05   7.6577221e-05   2.5126901e-03   5.6977099e-04   6.7829880e-04   2.2256679e-02   1.3910425e-01   8.6940154e-01   1.9714321e-01
   6.4324866e-05   3.3770555e-04   7.6577221e-05   2.5126901e-03   5.6977099e-04   6.7829880e-04   2.2256679e-02   1.3910425e-01   8.6940154e-01   1.9714321e-01
   6.4324866e-05   1.2252355e-05   4.0203041e-04   2.5126901e-03   5.6977099e-04   6.7829880e-04   2.2256679e-02   1.3910425e-01   8.6940154e-01   1.9714321e-01
   1.2252355e-05   6.4324866e-05   4.0203041e-04   2.5126901e-03   5.6977099e-04   6.7829880e-04   2.2256679e-02   1.3910425e-01   8.6940154e-01   1.9714321e-01
   3.3770555e-04   6.4324866e-05   7.6577221e-05   9.1163359e-05   2.9912977e-03   6.7829880e-04   2.2256679e-02   1.3910425e-01   8.6940154e-01   1.9714321e-01
   6.4324866e-05   3.3770555e-04   7.6577221e-05   9.1163359e-05   2.9912977e-03   6.7829880e-04   2.2256679e-02   1.3910425e-01   8.6940154e-01   1.9714321e-01
   6.4324866e-05   1.2252355e-05   4.0203041e-04   9.1163359e-05   2.9912977e-03   6.7829880e-04   2.2256679e-02   1.3910425e-01   8.6940154e-01   1.9714321e-01
   1.2252355e-05   6.4324866e-05   4.0203041e-04   9.1163359e-05   2.9912977e-03   6.7829880e-04   2.2256679e-02   1.3910425e-01   8.6940154e-01   1.9714321e-01
   6.4324866e-05   1.2252355e-05   1.4586137e-05   4.7860763e-04   2.9912977e-03   6.7829880e-04   2.2256679e-02   1.3910425e-01   8.6940154e-01   1.9714321e-01
   1.2252355e-05   6.4324866e-05   1.4586137e-05   4.7860763e-04   2.9912977e-03   6.7829880e-04   2.2256679e-02   1.3910425e-01   8.6940154e-01   1.9714321e-01
   1.2252355e-05   2.3337820e-06   7.6577221e-05   4.7860763e-04   2.9912977e-03   6.7829880e-04   2.2256679e-02   1.3910425e-01   8.6940154e-01   1.9714321e-01
   2.3337820e-06   1.2252355e-05   7.6577221e-05   4.7860763e-04   2.9912977e-03   6.7829880e-04   2.2256679e-02   1.3910425e-01   8.6940154e-01   1.9714321e-01
   3.3770555e-04   6.4324866e-05   7.6577221e-05   9.1163359e-05   1.0852781e-04   3.5610687e-03   2.2256679e-02   1.3910425e-01   8.6940154e-01   1.9714321e-01
   6.4324866e-05   3.3770555e-04   7.6577221e-05   9.1163359e-05   1.0852781e-04   3.5610687e-03   2.2256679e-02   1.3910425e-01   8.6940154e-01   1.9714321e-01
   6.4324866e-05   1.2252355e-05   4.0203041e-04   9.1163359e-05   1.0852781e-04   3.5610687e-03   2.2256679e-02   1.3910425e-01   8.6940154e-01   1.9714321e-01
   1.2252355e-05   6.4324866e-05   4.0203041e-04   9.1163359e-05   1.0852781e-04   3.5610687e-03   2.2256679e-02   1.3910425e-01   8.6940154e-01   1.9714321e-01
   6.4324866e-05   1.2252355e-05   1.4586137e-05   4.7860763e-04   1.0852781e-04   3.5610687e-03   2.2256679e-02   1.3910425e-01   8.6940154e-01   1.9714321e-01
   1.2252355e-05   6.4324866e-05   1.4586137e-05   4.7860763e-04   1.0852781e-04   3.5610687e-03   2.2256679e-02   1.3910425e-01   8.6940154e-01   1.9714321e-01
   1.2252355e-05   2.3337820e-06   7.6577221e-05   4.7860763e-04   1.0852781e-04   3.5610687e-03   2.2256679e-02   1.3910425e-01   8.6940154e-01   1.9714321e-01
   2.3337820e-06   1.2252355e-05   7.6577221e-05   4.7860763e-04   1.0852781e-04   3.5610687e-03   2.2256679e-02   1.3910425e-01   8.6940154e-01   1.9714321e-01
   6.4324866e-05   1.2252355e-05   1.4586137e-05   1.7364449e-05   5.6977099e-04   3.5610687e-03   2.2256679e-02   1.3910425e-01   8.6940154e-01   1.9714321e-01
   1.2252355e-05   6.4324866e-05   1.4586137e-05   1.7364449e-05   5.6977099e-04   3.5610687e-03   2.2256679e-02   1.3910425e-01   8.6940154e-01   1.9714321e-01
   1.2252355e-05   2.3337820e-06   7.6577221e-05   1.7364449e-05   5.6977099e-04   3.5610687e-03   2.2256679e-02   1.3910425e-01   8.6940154e-01   1.9714321e-01
   2.3337820e-06   1.2252355e-05   7.6577221e-05   1.7364449e-05   5.6977099e-04   3.5610687e-03   2.2256679e-02   1.3910425e-01   8.6940154e-01   1.9714321e-01
   1.2252355e-05   2.3337820e-06   2.7783119e-06   9.1163359e-05   5.6977099e-04   3.5610687e-03   2.2256679e-02   1.3910425e-01   8.6940154e-01   1.9714321e-01
   2.3337820e-06   1.2252355e-05   2.7783119e-06   9.1163359e-05   5.6977099e-04   3.5610687e-03   2.2256679e-02   1.3910425e-01   8.6940154e-01   1.9714321e-01
   2.3337820e-06   4.4452990e-07   1.4586137e-05   9.1163359e-05   5.6977099e-04   3.5610687e-03   2.2256679e-02   1.3910425e-01   8.6940154e-01   1.9714321e-01
   4.4452990e-07   2.3337820e-06   1.4586137e-05   9.1163359e-05   5.6977099e-04   3.5610687e-03   2.2256679e-02   1.3910425e-01   8.6940154e-01   1.9714321e-01
   4.8867048e-02   9.3080091e-03   1.1080963e-02   1.3191623e-02   1.5704313e-02   1.8695611e-02   2.2256679e-02   7.3029729e-01   1.6560029e-01   1.9714321e-01
   9.3080091e-03   4.8867048e-02   1.1080963e-02   1.3191623e-02   1.5704313e-02   1.8695611e-02   2.2256679e-02   7.3029729e-01   1.6560029e-01   1.9714321e-01
   9.3080091e-03   1.7729541e-03   5.8175057e-02   1.3191623e-02   1.5704313e-02   1.8695611e-02   2.2256679e-02   7.3029729e-01   1.6560029e-01   1.9714321e-01
   1.7729541e-03   9.3080091e-03   5.8175057e-02   1.3191623e-02   1.5704313e-02   1.8695611e-02   2.2256679e-02   7.3029729e-01   1.6560029e-01   1.9714321e-01
   9.3080091e-03   1.7729541e-03   2.1106597e-03   6.9256020e-02   1.5704313e-02   1.8695611e-02   2.2256679e-02   7.3029729e-01   1.6560029e-01   1.9714321e-01
   1.7729541e-03   9.3080091e-03   2.1106597e-03   6.9256020e-02   1.5704313e-02   1.8695611e-02   2.2256679e-02   7.3029729e-01   1.6560029e-01   1.9714321e-01
   1.7729541e-03   3.3770555e-04   1.1080963e-02   6.9256020e-02   1.5704313e-02   1.8695611e-02   2.2256679e-02   7.3029729e-01   1.6560029e-01   1.9714321e-01
   3.3770555e-04   1.7729541e-03   1.1080963e-02   6.9256020e-02   1.5704313e-02   1.8695611e-02   2.2256679e-02   7.3029729e-01   1.6560029e-01   1.9714321e-01
   9.3080091e-03   1.7729541e-03   2.1106597e-03   2.5126901e-03   8.2447643e-02   1.8695611e-02   2.2256679e-02   7.3029729e-01   1.6560029e-01   1.9714321e-01
   1.7729541e-03   9.3080091e-03   2.1106597e-03   2.5126901e-03   8.2447643e-02   1.8695611e-02   2.2256679e-02   7.3029729e-01   1.6560029e-01   1.9714321e-01
   1.7729541e-03   3.3770555e-04   1.1080963e-02   2.5126901e-03   8.2447643e-02   1.8695611e-02   2.2256679e-02   7.3029729e-01   1.6560029e-01   1.9714321e-01
   3.3770555e-04   1.7729541e-03   1.1080963e-02   2.5126901e-03   8.2447643e-02   1.8695611e-02   2.2256679e-02   7.3029729e-01   1.6560029e-01   1.9714321e-01
   1.7729541e-03   3.3770555e-04   4.0203041e-04   1.3191623e-02   8.2447643e-02   1.8695611e-02   2.2256679e-02   7.3029729e-01   1.6560029e-01   1.9714321e-01
   3.3770555e-04   1.7729541e-03   4.0203041e-04   1.3191623e-02   8.2447643e-02   1.8695611e-02   2.2256679e-02   7.3029729e-01   1.6560029e-01   1.9714321e-01
   3.3770555e-04   6.4324866e-05   2.1106597e-03   1.3191623e-02   8.2447643e-02   1.8695611e-02   2.2256679e-02   7.3029729e-01   1.6560029e-01   1.9714321e-01
   6.4324866e-05   3.3770555e-04   2.1106597e-03   1.3191623e-02   8.2447643e-02   1.8695611e-02   2.2256679e-02   7.3029729e-01   1.6560029e-01   1.9714321e-01
   9.3080091e-03   1.7729541e-03   2.1106597e-03   2.5126901e-03   2.9912977e-03   9.8151956e-02   2.2256679e-02   7.3029729e-01   1.6560029e-01   1.9714321e-01
   1.7729541e-03   9.3080091e-03   2.1106597e-03   2.5126901e-03   2.9912977e-03   9.8151956e-02   2.2256679e-02   7.3029729e-01   1.6560029e-01   1.9714321e-01
   1.7729541e-03   3.3770555e-04   1.1080963e-02   2.5126901e-03   2.9912977e-03   9.8151956e-02   2.2256679e-02   7.3029729e-01   1.6560029e-01   1.9714321e-01
   3.3770555e-04   1.7729541e-03   1.1080963e-02   2.5126901e-03   2.9912977e-03   9.8151956e-02   2.2256679e-02   7.3029729e-01   1.6560029e-01   1.9714321e-01
   1.7729541e-03   3.3770555e-04   4.0203041e-04   1.3191623e-02   2.9912977e-03   9.8151956e-02   2.2256679e-02   7.3029729e-01   1.6560029e-01   1.9714321e-01
   3.3770555e-04   1.7729541e-03   4.0203041e-04   1.3191623e-02   2.9912977e-03   9.8151956e-02   2.2256679e-02   7.3029729e-01   1.6560029e-01   1.9714321e-01
   3.3770555e-04   6.4324866e-05   2.1106597e-03   1.3191623e-02   2.9912977e-03   9.8151956e-02   2.2256679e-02   7.3029729e-01   1.6560029e-01   1.9714321e-01
   6.4324866e-05   3.3770555e-04   2.1106597e-03   1.3191623e-02   2.9912977e-03   9.8151956e-02   2.2256679e-02   7.3029729e-01   1.6560029e-01   1.9714321e-01
   1.7729541e-03   3.3770555e-04   4.0203041e-04   4.7860763e-04   1.5704313e-02   9.8151956e-02   2.2256679e-02   7.3029729e-01   1.6560029e-01   1.9714321e-01
   3.3770555e-04   1.7729541e-03   4.0203041e-04   4.7860763e-04   1.5704313e-02   9.8151956e-02   2.2256679e-02   7.3029729e-01   1.6560029e-01   1.9714321e-01
   3.3770555e-04   6.4324866e-05   2.1106597e-03   4.7860763e-04   1.5704313e-02   9.8151956e-02   2.2256679e-02   7.3029729e-01   1.6560029e-01   1.9714321e-01
   6.4324866e-05   3.3770555e-04   2.1106597e-03   4.7860763e-04   1.5704313e-02   9.8151956e-02   2.2256679e-02   7.3029729e-01   1.6560029e-01   1.9714321e-01
   3.3770555e-04   6.4324866e-05   7.6577221e-05   2.5126901e-03   1.5704313e-02   9.8151956e-02   2.2256679e-02   7.3029729e-01   1.6560029e-01   1.9714321e-01
   6.4324866e-05   3.3770555e-04   7.6577221e-05   2.5126901e-03   1.5704313e-02   9.8151956e-02   2.2256679e-02   7.3029729e-01   1.6560029e-01   1.9714321e-01
   6.4324866e-05   1.2252355e-05   4.0203041e-04   2.5126901e-03   1.5704313e-02   9.8151956e-02   2.2256679e-02   7.3029729e-01   1.6560029e-01   1.9714321e-01
   1.2252355e-05   6.4324866e-05   4.0203041e-04   2.5126901e-03   1.5704313e-02   9.8151956e-02   2.2256679e-02   7.3029729e-01   1.6560029e-01   1.9714321e-01
   9.3080091e-03   1.7729541e-03   2.1106597e-03   2.5126901e-03   2.9912977e-03   3.5610687e-03   1.1684757e-01   7.3029729e-01   1.6560029e-01   1.9714321e-01
   1.7729541e-03   9.3080091e-03   2.1106597e-03   2.5126901e-03   2.9912977e-03   3.5610687e-03   1.1684757e-01   7.3029729e-01   1.6560029e-01   1.9714321e-01
   1.7729541e-03   3.3770555e-04   1.1080963e-02   2.5126901e-03   2.9912977e-03   3.5610687e-03   1.1684757e-01   7.3029729e-01   1.6560029e-01   1.9714321e-01
   3.3770555e-04   1.7729541e-03   1.1080963e-02   2.5126901e-03   2.9912977e-03   3.5610687e-03   1.1684757e-01   7.3029729e-01   1.6560029e-01   1.9714321e-01
   1.7729541e-03   3.3770555e-04   4.0203041e-04   1.3191623e-02   2.9912977e-03   3.5610687e-03   1.1684757e-01   7.3029729e-01   1.6560029e-01   1.9714321e-01
   3.3770555e-04   1.7729541e-03   4.0203041e-04   1.3191623e-02   2.9912977e-03   3.5610687e-03   1.1684757e-01   7.3029729e-01   1.6560029e-01   1.9714321e-01
   3.3770555e-04   6.4324866e-05   2.1106597e-03   1.3191623e-02   2.9912977e-03   3.5610687e-03   1.1684757e-01   7.3029729e-01   1.6560029e-01   1.9714321e-01
   6.4324866e-05   3.3770555e-04   2.1106597e-03   1.3191623e-02   2.9912977e-03   3.5610687e-03   1.1684757e-01   7.3029729e-01   1.6560029e-01   1.9714321e-01
   1.7729541e-03   3.3770555e-04   4.0203041e-04   4.7860763e-04   1.5704313e-02   3.5610687e-03   1.1684757e-01   7.3029729e-01   1.6560029e-01   1.9714321e-01
   3.3770555e-04   1.7729541e-03   4.0203041e-04   4.7860763e-04   1.5704313e-02   3.5610687e-03   1.1684757e-01   7.3029729e-01   1.6560029e-01   1.9714321e-01
   3.3770555e-04   6.4324866e-05   2.1106597e-03   4.7860763e-04   1.5704313e-02   3.5610687e-03   1.1684757e-01   7.3029729e-01   1.6560029e-01   1.9714321e-01
   6.4324866e-05   3.3770555e-04   2.1106597e-03   4.7860763e-04   1.5704313e-02   3.5610687e-03   1.1684757e-01   7.3029729e-01   1.6560029e-01   1.9714321e-01
   3.3770555e-04   6.4324866e-05   7.6577221e-05   2.5126901e-03   1.5704313e-02   3.5610687e-03   1.1684757e-01   7.3029729e-01   1.6560029e-01   1.9714321e-01
   6.4324866e-05   3.3770555e-04   7.6577221e-05   2.5126901e-03   1.5704313e-02   3.5610687e-03   1.1684757e-01   7.3029729e-01   1.6560029e-01   1.9714321e-01
   6.4324866e-05   1.2252355e-05   4.0203041e-04   2.5126901e-03   1.5704313e-02   3.5610687e-03   1.1684757e-01   7.3029729e-01   1.6560029e-01   1.9714321e-01
   1.2252355e-05   6.4324866e-05   4.0203041e-04   2.5126901e-03   1.5704313e-02   3.5610687e-03   1.1684757e-01   7.3029729e-01   1.6560029e-01   1.9714321e-01
   1.7729541e-03   3.3770555e-04   4.0203041e-04   4.7860763e-04   5.6977099e-04   1.8695611e-02   1.1684757e-01   7.3029729e-01   1.6560029e-01   1.9714321e-01
   3.3770555e-04   1.7729541e-03   4.0203041e-04   4.7860763e-04   5.6977099e-04   1.8695611e-02   1.1684757e-01   7.3029729e-01   1.6560029e-01   1.9714321e-01
   3.3770555e-04   6.4324866e-05   2.1106597e-03   4.7860763e-04   5.6977099e-04   1.8695611e-02   1.1684757e-01   7.3029729e-01   1.6560029e-01   1.9714321e-01
   6.4324866e-05   3.3770555e-04   2.1106597e-03   4.7860763e-04   5.6977099e-04   1.8695611e-02   1.1684757e-01   7.3029729e-01   1.6560029e-01   1.9714321e-01
   3.3770555e-04   6.4324866e-05   7.6577221e-05   2.5126901e-03   5.6977099e-04   1.8695611e-02   1.1684757e-01   7.3029729e-01   1.6560029e-01   1.9714321e-01
   6.4324866e-05   3.3770555e-04   7.6577221e-05   2.5126901e-03   5.6977099e-04   1.8695611e-02   1.1684757e-01   7.3029729e-01   1.6560029e-01   1.9714321e-01
   6.4324866e-05   1.2252355e-05   4.0203041e-04   2.5126901e-03   5.6977099e-04   1.8695611e-02   1.1684757e-01   7.3029729e-01   1.6560029e-01   1.9714321e-01
   1.2252355e-05   6.4324866e-05   4.0203041e-04   2.5126901e-03   5.6977099e-04   1.8695611e-02   1.1684757e-01   7.3029729e-01   1.6560029e-01   1.9714321e-01
   3.3770555e-04   6.4324866e-05   7.6577221e-05   9.1163359e-05   2.9912977e-03   1.8695611e-02   1.1684757e-01   7.3029729e-01   1.6560029e-01   1.9714321e-01
   6.4324866e-05   3.3770555e-04   7.6577221e-05   9.1163359e-05   2.9912977e-03   1.8695611e-02   1.1684757e-01   7.3029729e-01   1.6560029e-01   1.9714321e-01
   6.4324866e-05   1.2252355e-05   4.0203041e-04   9.1163359e-05   2.9912977e-03   1.8695611e-02   1.1684757e-01   7.3029729e-01   1.6560029e-01   1.9714321e-01
   1.2252355e-05   6.4324866e-05   4.0203041e-04   9.1163359e-05   2.9912977e-03   1.8695611e-02   1.1684757e-01   7.3029729e-01   1.6560029e-01   1.9714321e-01
   6.4324866e-05   1.2252355e-05   1.4586137e-05   4.7860763e-04   2.9912977e-03   1.8695611e-02   1.1684757e-01   7.3029729e-01   1.6560029e-01   1.9714321e-01
   1.2252355e-05   6.4324866e-05   1.4586137e-05   4.7860763e-04   2.9912977e-03   1.8695611e-02   1.1684757e-01   7.3029729e-01   1.6560029e-01   1.9714321e-01
   1.2252355e-05   2.3337820e-06   7.6577221e-05   4.7860763e-04   2.9912977e-03   1.8695611e-02   1.1684757e-01   7.3029729e-01   1.6560029e-01   1.9714321e-01
   2.3337820e-06   1.2252355e-05   7.6577221e-05   4.7860763e-04   2.9912977e-03   1.8695611e-02   1.1684757e-01   7.3029729e-01   1.6560029e-01   1.9714321e-01
   4.8867048e-02   9.3080091e-03   1.1080963e-02   1.3191623e-02   1.5704313e-02   1.8695611e-02   6.1344972e-01   1.3910425e-01   1.6560029e-01   1.9714321e-01
   9.3080091e-03   4.8867048e-02   1.1080963e-02   1.3191623e-02   1.5704313e-02   1.8695611e-02   6.1344972e-01   1.3910425e-01   1.6560029e-01   1.9714321e-01
   9.3080091e-03   1.7729541e-03   5.8175057e-02   1.3191623e-02   1.5704313e-02   1.8695611e-02   6.1344972e-01   1.3910425e-01   1.6560029e-01   1.9714321e-01
   1.7729541e-03   9.3080091e-03   5.8175057e-02   1.3191623e-02   1.5704313e-02   1.8695611e-02   6.1344972e-01   1.3910425e-01   1.6560029e-01   1.9714321e-01
   9.3080091e-03   1.7729541e-03   2.1106597e-03   6.9256020e-02   1.5704313e-02   1.8695611e-02   6.1344972e-01   1.3910425e-01   1.6560029e-01   1.9714321e-01
   1.7729541e-03   9.3080091e-03   2.1106597e-03   6.9256020e-02   1.5704313e-02   1.8695611e-02   6.1344972e-01   1.3910425e-01   1.6560029e-01   1.9714321e-01
   1.7729541e-03   3.3770555e-04   1.1080963e-02   6.9256020e-02   1.5704313e-02   1.8695611e-02   6.1344972e-01   1.3910425e-01   1.6560029e-01   1.9714321e-01
   3.3770555e-04   1.7729541e-03   1.1080963e-02   6.9256020e-02   1.5704313e-02   1.8695611e-02   6.1344972e-01   1.3910425e-01   1.6560029e-01   1.9714321e-01
   9.3080091e-03   1.7729541e-03   2.1106597e-03   2.5126901e-03   8.2447643e-02   1.8695611e-02   6.1344972e-01   1.3910425e-01   1.6560029e-01   1.9714321e-01
   1.7729541e-03   9.3080091e-03   2.1106597e-03   2.5126901e-03   8.2447643e-02   1.8695611e-02   6.1344972e-01   1.3910425e-01   1.6560029e-01   1.9714321e-01
   1.7729541e-03   3.3770555e-04   1.1080963e-02   2.5126901e-03   8.2447643e-02   1.8695611e-02   6.1344972e-01   1.3910425e-01   1.6560029e-01   1.9714321e-01
   3.3770555e-04   1.7729541e-03   1.1080963e-02   2.5126901e-03   8.2447643e-02   1.8695611e-02   6.1344972e-01   1.3910425e-01   1.6560029e-01   1.9714321e-01
   1.7729541e-03   3.3770555e-04   4.0203041e-04   1.3191623e-02   8.2447643e-02   1.8695611e-02   6.1344972e-01   1.3910425e-01   1.6560029e-01   1.9714321e-01
   3.3770555e-04   1.7729541e-03   4.0203041e-04   1.3191623e-02   8.2447643e-02   1.8695611e-02   6.1344972e-01   1.3910425e-01   1.6560029e-01   1.9714321e-01
   3.3770555e-04   6.4324866e-05   2.1106597e-03   1.3191623e-02   8.2447643e-02   1.8695611e-02   6.1344972e-01   1.3910425e-01   1.6560029e-01   1.9714321e-01
   6.4324866e-05   3.3770555e-04   2.1106597e-03   1.3191623e-02   8.2447643e-02   1.8695611e-02   6.1344972e-01   1.3910425e-01   1.6560029e-01   1.9714321e-01
   9.3080091e-03   1.7729541e-03   2.1106597e-03   2.5126901e-03   2.9912977e-03   9.8151956e-02   6.1344972e-01   1.3910425e-01   1.6560029e-01   1.9714321e-01
   1.7729541e-03   9.3080091e-03   2.1106597e-03   2.5126901e-03   2.9912977e-03   9.8151956e-02   6.1344972e-01   1.3910425e-01   1.6560029e-01   1.9714321e-01
   1.7729541e-03   3.3770555e-04   1.1080963e-02   2.5126901e-03   2.9912977e-03   9.8151956e-02   6.1344972e-01   1.3910425e-01   1.6560029e-01   1.9714321e-01
   3.3770555e-04   1.7729541e-03   1.1080963e-02   2.5126901e-03   2.9912977e-03   9.8151956e-02   6.1344972e-01   1.3910425e-01   1.6560029e-01   1.9714321e-01
   1.7729541e-03   3.3770555e-04   4.0203041e-04   1.3191623e-02   2.9912977e-03   9.8151956e-02   6.1344972e-01   1.3910425e-01   1.6560029e-01   1.9714321e-01
   3.3770555e-04   1.7729541e-03   4.0203041e-04   1.3191623e-02   2.9912977e-03   9.8151956e-02   6.1344972e-01   1.3910425e-01   1.6560029e-01   1.9714321e-01
   3.3770555e-04   6.4324866e-05   2.1106597e-03   1.3191623e-02   2.9912977e-03   9.8151956e-02   6.1344972e-01   1.3910425e-01   1.6560029e-01   1.9714321e-01
   6.4324866e-05   3.3770555e-04   2.1106597e-03   1.3191623e-02   2.9912977e-03   9.8151956e-02   6.1344972e-01   1.3910425e-01   1.6560029e-01   1.9714321e-01
   1.7729541e-03   3.3770555e-04   4.0203041e-04   4.7860763e-04   1.5704313e-02   9.8151956e-02   6.1344972e-01   1.3910425e-01   1.6560029e-01   1.9714321e-01
   3.3770555e-04   1.7729541e-03   4.0203041e-04   4.7860763e-04   1.5704313e-02   9.8151956e-02   6.1344972e-01   1.3910425e-01   1.6560029e-01   1.9714321e-01
   3.3770555e-04   6.4324866e-05   2.1106597e-03   4.7860763e-04   1.5704313e-02   9.8151956e-02   6.1344972e-01   1.3910425e-01   1.6560029e-01   1.9714321e-01
   6.4324866e-05   3.3770555e-04   2.1106597e-03   4.7860763e-04   1.5704313e-02   9.8151956e-02   6.1344972e-01   1.3910425e-01   1.6560029e-01   1.9714321e-01
   3.3770555e-04   6.4324866e-05   7.6577221e-05   2.5126901e-03   1.5704313e-02   9.8151956e-02   6.1344972e-01   1.3910425e-01   1.6560029e-01   1.9714321e-01
   6.4324866e-05   3.3770555e-04   7.6577221e-05   2.5126901e-03   1.5704313e-02   9.8151956e-02   6.1344972e-01   1.3910425e-01   1.6560029e-01   1.9714321e-01
   6.4324866e-05   1.2252355e-05   4.0203041e-04   2.5126901e-03   1.5704313e-02   9.8151956e-02   6.1344972e-01   1.3910425e-01   1.6560029e-01   1.9714321e-01
   1.2252355e-05   6.4324866e-05   4.0203041e-04   2.5126901e-03   1.5704313e-02   9.8151956e-02   6.1344972e-01   1.3910425e-01   1.6560029e-01   1.9714321e-01
   4.8867048e-02   9.3080091e-03   1.1080963e-02   1.3191623e-02   1.5704313e-02   5.1529777e-01   1.1684757e-01   1.3910425e-01   1.6560029e-01   1.9714321e-01
   9.3080091e-03   4.8867048e-02   1.1080963e-02   1.3191623e-02   1.5704313e-02   5.1529777e-01   1.1684757e-01   1.3910425e-01   1.6560029e-01   1.9714321e-01
   9.3080091e-03   1.7729541e-03   5.8175057e-02   1.3191623e-02   1.5704313e-02   5.1529777e-01   1.1684757e-01   1.3910425e-01   1.6560029e-01   1.9714321e-01
   1.7729541e-03   9.3080091e-03   5.8175057e-02   1.3191623e-02   1.5704313e-02   5.1529777e-01   1.1684757e-01   1.3910425e-01   1.6560029e-01   1.9714321e-01
   9.3080091e-03   1.7729541e-03   2.1106597e-03   6.9256020e-02   1.5704313e-02   5.1529777e-01   1.1684757e-01   1.3910425e-01   1.6560029e-01   1.9714321e-01
   1.7729541e-03   9.3080091e-03   2.1106597e-03   6.9256020e-02   1.5704313e-02   5.1529777e-01   1.1684757e-01   1.3910425e-01   1.6560029e-01   1.9714321e-01
   1.7729541e-03   3.3770555e-04   1.1080963e-02   6.9256020e-02   1.5704313e-02   5.1529777e-01   1.1684757e-01   1.3910425e-01   1.6560029e-01   1.9714321e-01
   3.3770555e-04   1.7729541e-03   1.1080963e-02   6.9256020e-02   1.5704313e-02   5.1529777e-01   1.1684757e-01   1.3910425e-01   1.6560029e-01   1.9714321e-01
   9.3080091e-03   1.7729541e-03   2.1106597e-03   2.5126901e-03   8.2447643e-02   5.1529777e-01   1.1684757e-01   1.3910425e-01   1.6560029e-01   1.9714321e-01
   1.7729541e-03   9.3080091e-03   2.1106597e-03   2.5126901e-03   8.2447643e-02   5.1529777e-01   1.1684757e-01   1.3910425e-01   1.6560029e-01   1.9714321e-01
   1.7729541e-03   3.3770555e-04   1.1080963e-02   2.5126901e-03   8.2447643e-02   5.1529777e-01   1.1684757e-01   1.3910425e-01   1.6560029e-01   1.9714321e-01
   3.3770555e-04   1.7729541e-03   1.1080963e-02   2.5126901e-03   8.2447643e-02   5.1529777e-01   1.1684757e-01   1.3910425e-01   1.6560029e-01   1.9714321e-01
   1.7729541e-03   3.3770555e-04   4.0203041e-04   1.3191623e-02   8.2447643e-02   5.1529777e-01   1.1684757e-01   1.3910425e-01   1.6560029e-01   1.9714321e-01
   3.3770555e-04   1.7729541e-03   4.0203041e-04   1.3191623e-02   8.2447643e-02   5.1529777e-01   1.1684757e-01   1.3910425e-01   1.6560029e-01   1.9714321e-01
   3.3770555e-04   6.4324866e-05   2.1106597e-03   1.3191623e-02   8.2447643e-02   5.1529777e-01   1.1684757e-01   1.3910425e-01   1.6560029e-01   1.9714321e-01
   6.4324866e-05   3.3770555e-04   2.1106597e-03   1.3191623e-02   8.2447643e-02   5.1529777e-01   1.1684757e-01   1.3910425e-01   1.6560029e-01   1.9714321e-01
   4.8867048e-02   9.3080091e-03   1.1080963e-02   1.3191623e-02   4.3285013e-01   9.8151956e-02   1.1684757e-01   1.3910425e-01   1.6560029e-01   1.9714321e-01
   9.3080091e-03   4.8867048e-02   1.1080963e-02   1.3191623e-02   4.3285013e-01   9.8151956e-02   1.1684757e-01   1.3910425e-01   1.6560029e-01   1.9714321e-01
   9.3080091e-03   1.7729541e-03   5.8175057e-02   1.3191623e-02   4.3285013e-01   9.8151956e-02   1.1684757e-01   1.3910425e-01   1.6560029e-01   1.9714321e-01
   1.7729541e-03   9.3080091e-03   5.8175057e-02   1.3191623e-02   4.3285013e-01   9.8151956e-02   1.1684757e-01   1.3910425e-01   1.6560029e-01   1.9714321e-01
   9.3080091e-03   1.7729541e-03   2.1106597e-03   6.9256020e-02   4.3285013e-01   9.8151956e-02   1.1684757e-01   1.3910425e-01   1.6560029e-01   1.9714321e-01
   1.7729541e-03   9.3080091e-03   2.1106597e-03   6.9256020e-02   4.3285013e-01   9.8151956e-02   1.1684757e-01   1.3910425e-01   1.6560029e-01   1.9714321e-01
   1.7729541e-03   3.3770555e-04   1.1080963e-02   6.9256020e-02   4.3285013e-01   9.8151956e-02   1.1684757e-01   1.3910425e-01   1.6560029e-01   1.9714321e-01
   3.3770555e-04   1.7729541e-03   1.1080963e-02   6.9256020e-02   4.3285013e-01   9.8151956e-02   1.1684757e-01   1.3910425e-01   1.6560029e-01   1.9714321e-01
   4.8867048e-02   9.3080091e-03   1.1080963e-02   3.6359411e-01   8.2447643e-02   9.8151956e-02   1.1684757e-01   1.3910425e-01   1.6560029e-01   1.9714321e-01
   9.3080091e-03   4.8867048e-02   1.1080963e-02   3.6359411e-01   8.2447643e-02   9.8151956e-02   1.1684757e-01   1.3910425e-01   1.6560029e-01   1.9714321e-01
   9.3080091e-03   1.7729541e-03   5.8175057e-02   3.6359411e-01   8.2447643e-02   9.8151956e-02   1.1684757e-01   1.3910425e-01   1.6560029e-01   1.9714321e-01
   1.7729541e-03   9.3080091e-03   5.8175057e-02   3.6359411e-01   8.2447643e-02   9.8151956e-02   1.1684757e-01   1.3910425e-01   1.6560029e-01   1.9714321e-01
   4.8867048e-02   9.3080091e-03   3.0541905e-01   6.9256020e-02   8.2447643e-02   9.8151956e-02   1.1684757e-01   1.3910425e-01   1.6560029e-01   1.9714321e-01
   9.3080091e-03   4.8867048e-02   3.0541905e-01   6.9256020e-02   8.2447643e-02   9.8151956e-02   1.1684757e-01   1.3910425e-01   1.6560029e-01   1.9714321e-01
   4.8867048e-02   2.5655200e-01   5.8175057e-02   6.9256020e-02   8.2447643e-02   9.8151956e-02   1.1684757e-01   1.3910425e-01   1.6560029e-01   1.9714321e-01
   2.5655200e-01   4.8867048e-02   5.8175057e-02   6.9256020e-02   8.2447643e-02   9.8151956e-02   1.1684757e-01   1.3910425e-01   1.6560029e-01   1.9714321e-01
