   3.9301911e-01   9.3804503e-02   1.8100370e-01   3.4926191e-01   6.7393031e-01
   8.2262505e-02   3.4466082e-01   1.5873244e-01   3.0628763e-01   5.9100783e-01
   8.2262505e-02   1.9634143e-02   6.6505212e-01   3.0628763e-01   5.9100783e-01
   1.7394275e-02   7.2877981e-02   5.8918283e-01   2.7134628e-01   5.2358553e-01
   8.2262505e-02   1.9634143e-02   3.7885734e-02   1.2832742e+00   5.9100783e-01
   1.7394275e-02   7.2877981e-02   3.3563722e-02   1.1368780e+00   5.2358553e-01
   1.7394275e-02   4.1516082e-03   1.4062421e-01   1.1368780e+00   5.2358553e-01
   3.7126576e-03   1.5555175e-02   1.2575598e-01   1.0166756e+00   4.6822670e-01
   8.2262505e-02   1.9634143e-02   3.7885734e-02   7.3103720e-02   2.4761857e+00
   1.7394275e-02   7.2877981e-02   3.3563722e-02   6.4764032e-02   2.1937019e+00
   1.7394275e-02   4.1516082e-03   1.4062421e-01   6.4764032e-02   2.1937019e+00
   3.7126576e-03   1.5555175e-02   1.2575598e-01   5.7916516e-02   1.9617613e+00
   1.7394275e-02   4.1516082e-03   8.0108782e-03   2.7134628e-01   2.1937019e+00
   3.7126576e-03   1.5555175e-02   7.1638861e-03   2.4265677e-01   1.9617613e+00
   3.7126576e-03   8.8612485e-04   3.0015021e-02   2.4265677e-01   1.9617613e+00
   7.9932257e-04   3.3489762e-03   2.7074835e-02   2.1888680e-01   1.7695927e+00
