   1.5244222e-02   4.8139649e-03   6.3341643e-03   8.3344267e-03   1.0966351e-02   1.4429409e-02   1.8986065e-02   2.4981664e-02
   1.1282660e-02   8.8649472e-03   6.3624023e-03   8.3715819e-03   1.1015239e-02   1.4493736e-02   1.9070705e-02   2.5093033e-02
   1.1282660e-02   3.5629453e-03   1.1664404e-02   8.3715819e-03   1.1015239e-02   1.4493736e-02   1.9070705e-02   2.5093033e-02
   8.3506010e-03   6.5611865e-03   1.1716405e-02   8.4089028e-03   1.1064346e-02   1.4558350e-02   1.9155723e-02   2.5204899e-02
   1.1282660e-02   3.5629453e-03   4.6880859e-03   1.5347900e-02   1.1015239e-02   1.4493736e-02   1.9070705e-02   2.5093033e-02
   8.3506010e-03   6.5611865e-03   4.7089855e-03   1.5416322e-02   1.1064346e-02   1.4558350e-02   1.9155723e-02   2.5204899e-02
   8.3506010e-03   2.6370319e-03   8.6331402e-03   1.5416322e-02   1.1064346e-02   1.4558350e-02   1.9155723e-02   2.5204899e-02
   6.1805051e-03   4.8561111e-03   8.6716270e-03   1.5485048e-02   1.1113671e-02   1.4623251e-02   1.9241120e-02   2.5317263e-02
   1.1282660e-02   3.5629453e-03   4.6880859e-03   6.1685341e-03   2.0194606e-02   1.4493736e-02   1.9070705e-02   2.5093033e-02
   8.3506010e-03   6.5611865e-03   4.7089855e-03   6.1960336e-03   2.0284634e-02   1.4558350e-02   1.9155723e-02   2.5204899e-02
   8.3506010e-03   2.6370319e-03   8.6331402e-03   6.1960336e-03   2.0284634e-02   1.4558350e-02   1.9155723e-02   2.5204899e-02
   6.1805051e-03   4.8561111e-03   8.6716270e-03   6.2236558e-03   2.0375064e-02   1.4623251e-02   1.9241120e-02   2.5317263e-02
   8.3506010e-03   2.6370319e-03   3.4697788e-03   1.1359395e-02   2.0284634e-02   1.4558350e-02   1.9155723e-02   2.5204899e-02
   6.1805051e-03   4.8561111e-03   3.4852472e-03   1.1410036e-02   2.0375064e-02   1.4623251e-02   1.9241120e-02   2.5317263e-02
   6.1805051e-03   1.9517385e-03   6.3896199e-03   1.1410036e-02   2.0375064e-02   1.4623251e-02   1.9241120e-02   2.5317263e-02
   4.5743585e-03   3.5941389e-03   6.4181051e-03   1.1460902e-02   2.0465896e-02   1.4688442e-02   1.9326898e-02   2.5430129e-02
   1.1282660e-02   3.5629453e-03   4.6880859e-03   6.1685341e-03   8.1164922e-03   2.6571849e-02   1.9070705e-02   2.5093033e-02
   8.3506010e-03   6.5611865e-03   4.7089855e-03   6.1960336e-03   8.1526758e-03   2.6690308e-02   1.9155723e-02   2.5204899e-02
   8.3506010e-03   2.6370319e-03   8.6331402e-03   6.1960336e-03   8.1526758e-03   2.6690308e-02   1.9155723e-02   2.5204899e-02
   6.1805051e-03   4.8561111e-03   8.6716270e-03   6.2236558e-03   8.1890208e-03   2.6809294e-02   1.9241120e-02   2.5317263e-02
   8.3506010e-03   2.6370319e-03   3.4697788e-03   1.1359395e-02   8.1526758e-03   2.6690308e-02   1.9155723e-02   2.5204899e-02
   6.1805051e-03   4.8561111e-03   3.4852472e-03   1.1410036e-02   8.1890208e-03   2.6809294e-02   1.9241120e-02   2.5317263e-02
   6.1805051e-03   1.9517385e-03   6.3896199e-03   1.1410036e-02   8.1890208e-03   2.6809294e-02   1.9241120e-02   2.5317263e-02
   4.5743585e-03   3.5941389e-03   6.4181051e-03   1.1460902e-02   8.2255277e-03   2.6928811e-02   1.9326898e-02   2.5430129e-02
   8.3506010e-03   2.6370319e-03   3.4697788e-03   4.5654985e-03   1.4946572e-02   2.6690308e-02   1.9155723e-02   2.5204899e-02
   6.1805051e-03   4.8561111e-03   3.4852472e-03   4.5858516e-03   1.5013205e-02   2.6809294e-02   1.9241120e-02   2.5317263e-02
   6.1805051e-03   1.9517385e-03   6.3896199e-03   4.5858516e-03   1.5013205e-02   2.6809294e-02   1.9241120e-02   2.5317263e-02
   4.5743585e-03   3.5941389e-03   6.4181051e-03   4.6062955e-03   1.5080134e-02   2.6928811e-02   1.9326898e-02   2.5430129e-02
   6.1805051e-03   1.9517385e-03   2.5680769e-03   8.4073946e-03   1.5013205e-02   2.6809294e-02   1.9241120e-02   2.5317263e-02
   4.5743585e-03   3.5941389e-03   2.5795255e-03   8.4448751e-03   1.5080134e-02   2.6928811e-02   1.9326898e-02   2.5430129e-02
   4.5743585e-03   1.4445343e-03   4.7291301e-03   8.4448751e-03   1.5080134e-02   2.6928811e-02   1.9326898e-02   2.5430129e-02
   3.3856062e-03   2.6601191e-03   4.7502127e-03   8.4825227e-03   1.5147362e-02   2.7048861e-02   1.9413058e-02   2.5543497e-02
   1.1282660e-02   3.5629453e-03   4.6880859e-03   6.1685341e-03   8.1164922e-03   1.0679595e-02   3.4962960e-02   2.5093033e-02
   8.3506010e-03   6.5611865e-03   4.7089855e-03   6.1960336e-03   8.1526758e-03   1.0727205e-02   3.5118826e-02   2.5204899e-02
   8.3506010e-03   2.6370319e-03   8.6331402e-03   6.1960336e-03   8.1526758e-03   1.0727205e-02   3.5118826e-02   2.5204899e-02
   6.1805051e-03   4.8561111e-03   8.6716270e-03   6.2236558e-03   8.1890208e-03   1.0775027e-02   3.5275387e-02   2.5317263e-02
   8.3506010e-03   2.6370319e-03   3.4697788e-03   1.1359395e-02   8.1526758e-03   1.0727205e-02   3.5118826e-02   2.5204899e-02
   6.1805051e-03   4.8561111e-03   3.4852472e-03   1.1410036e-02   8.1890208e-03   1.0775027e-02   3.5275387e-02   2.5317263e-02
   6.1805051e-03   1.9517385e-03   6.3896199e-03   1.1410036e-02   8.1890208e-03   1.0775027e-02   3.5275387e-02   2.5317263e-02
   4.5743585e-03   3.5941389e-03   6.4181051e-03   1.1460902e-02   8.2255277e-03   1.0823063e-02   3.5432646e-02   2.5430129e-02
   8.3506010e-03   2.6370319e-03   3.4697788e-03   4.5654985e-03   1.4946572e-02   1.0727205e-02   3.5118826e-02   2.5204899e-02
   6.1805051e-03   4.8561111e-03   3.4852472e-03   4.5858516e-03   1.5013205e-02   1.0775027e-02   3.5275387e-02   2.5317263e-02
   6.1805051e-03   1.9517385e-03   6.3896199e-03   4.5858516e-03   1.5013205e-02   1.0775027e-02   3.5275387e-02   2.5317263e-02
   4.5743585e-03   3.5941389e-03   6.4181051e-03   4.6062955e-03   1.5080134e-02   1.0823063e-02   3.5432646e-02   2.5430129e-02
   6.1805051e-03   1.9517385e-03   2.5680769e-03   8.4073946e-03   1.5013205e-02   1.0775027e-02   3.5275387e-02   2.5317263e-02
   4.5743585e-03   3.5941389e-03   2.5795255e-03   8.4448751e-03   1.5080134e-02   1.0823063e-02   3.5432646e-02   2.5430129e-02
   4.5743585e-03   1.4445343e-03   4.7291301e-03   8.4448751e-03   1.5080134e-02   1.0823063e-02   3.5432646e-02   2.5430129e-02
   3.3856062e-03   2.6601191e-03   4.7502127e-03   8.4825227e-03   1.5147362e-02   1.0871312e-02   3.5590606e-02   2.5543497e-02
   8.3506010e-03   2.6370319e-03   3.4697788e-03   4.5654985e-03   6.0072348e-03   1.9666543e-02   3.5118826e-02   2.5204899e-02
   6.1805051e-03   4.8561111e-03   3.4852472e-03   4.5858516e-03   6.0340153e-03   1.9754217e-02   3.5275387e-02   2.5317263e-02
   6.1805051e-03   1.9517385e-03   6.3896199e-03   4.5858516e-03   6.0340153e-03   1.9754217e-02   3.5275387e-02   2.5317263e-02
   4.5743585e-03   3.5941389e-03   6.4181051e-03   4.6062955e-03   6.0609152e-03   1.9842282e-02   3.5432646e-02   2.5430129e-02
   6.1805051e-03   1.9517385e-03   2.5680769e-03   8.4073946e-03   6.0340153e-03   1.9754217e-02   3.5275387e-02   2.5317263e-02
   4.5743585e-03   3.5941389e-03   2.5795255e-03   8.4448751e-03   6.0609152e-03   1.9842282e-02   3.5432646e-02   2.5430129e-02
   4.5743585e-03   1.4445343e-03   4.7291301e-03   8.4448751e-03   6.0609152e-03   1.9842282e-02   3.5432646e-02   2.5430129e-02
   3.3856062e-03   2.6601191e-03   4.7502127e-03   8.4825227e-03   6.0879350e-03   1.9930739e-02   3.5590606e-02   2.5543497e-02
   6.1805051e-03   1.9517385e-03   2.5680769e-03   3.3790486e-03   1.1062361e-02   1.9754217e-02   3.5275387e-02   2.5317263e-02
   4.5743585e-03   3.5941389e-03   2.5795255e-03   3.3941125e-03   1.1111678e-02   1.9842282e-02   3.5432646e-02   2.5430129e-02
   4.5743585e-03   1.4445343e-03   4.7291301e-03   3.3941125e-03   1.1111678e-02   1.9842282e-02   3.5432646e-02   2.5430129e-02
   3.3856062e-03   2.6601191e-03   4.7502127e-03   3.4092436e-03   1.1161214e-02   1.9930739e-02   3.5590606e-02   2.5543497e-02
   4.5743585e-03   1.4445343e-03   1.9007030e-03   6.2225396e-03   1.1111678e-02   1.9842282e-02   3.5432646e-02   2.5430129e-02
   3.3856062e-03   2.6601191e-03   1.9091764e-03   6.2502799e-03   1.1161214e-02   1.9930739e-02   3.5590606e-02   2.5543497e-02
   3.3856062e-03   1.0691388e-03   3.5001567e-03   6.2502799e-03   1.1161214e-02   1.9930739e-02   3.5590606e-02   2.5543497e-02
   2.5057784e-03   1.9688259e-03   3.5157606e-03   6.2781439e-03   1.1210971e-02   2.0019591e-02   3.5749270e-02   2.5657371e-02
   1.1282660e-02   3.5629453e-03   4.6880859e-03   6.1685341e-03   8.1164922e-03   1.0679595e-02   1.4052099e-02   4.6003894e-02
   8.3506010e-03   6.5611865e-03   4.7089855e-03   6.1960336e-03   8.1526758e-03   1.0727205e-02   1.4114743e-02   4.6208981e-02
   8.3506010e-03   2.6370319e-03   8.6331402e-03   6.1960336e-03   8.1526758e-03   1.0727205e-02   1.4114743e-02   4.6208981e-02
   6.1805051e-03   4.8561111e-03   8.6716270e-03   6.2236558e-03   8.1890208e-03   1.0775027e-02   1.4177668e-02   4.6414983e-02
   8.3506010e-03   2.6370319e-03   3.4697788e-03   1.1359395e-02   8.1526758e-03   1.0727205e-02   1.4114743e-02   4.6208981e-02
   6.1805051e-03   4.8561111e-03   3.4852472e-03   1.1410036e-02   8.1890208e-03   1.0775027e-02   1.4177668e-02   4.6414983e-02
   6.1805051e-03   1.9517385e-03   6.3896199e-03   1.1410036e-02   8.1890208e-03   1.0775027e-02   1.4177668e-02   4.6414983e-02
   4.5743585e-03   3.5941389e-03   6.4181051e-03   1.1460902e-02   8.2255277e-03   1.0823063e-02   1.4240872e-02   4.6621903e-02
   8.3506010e-03   2.6370319e-03   3.4697788e-03   4.5654985e-03   1.4946572e-02   1.0727205e-02   1.4114743e-02   4.6208981e-02
   6.1805051e-03   4.8561111e-03   3.4852472e-03   4.5858516e-03   1.5013205e-02   1.0775027e-02   1.4177668e-02   4.6414983e-02
   6.1805051e-03   1.9517385e-03   6.3896199e-03   4.5858516e-03   1.5013205e-02   1.0775027e-02   1.4177668e-02   4.6414983e-02
   4.5743585e-03   3.5941389e-03   6.4181051e-03   4.6062955e-03   1.5080134e-02   1.0823063e-02   1.4240872e-02   4.6621903e-02
   6.1805051e-03   1.9517385e-03   2.5680769e-03   8.4073946e-03   1.5013205e-02   1.0775027e-02   1.4177668e-02   4.6414983e-02
   4.5743585e-03   3.5941389e-03   2.5795255e-03   8.4448751e-03   1.5080134e-02   1.0823063e-02   1.4240872e-02   4.6621903e-02
   4.5743585e-03   1.4445343e-03   4.7291301e-03   8.4448751e-03   1.5080134e-02   1.0823063e-02   1.4240872e-02   4.6621903e-02
   3.3856062e-03   2.6601191e-03   4.7502127e-03   8.4825227e-03   1.5147362e-02   1.0871312e-02   1.4304358e-02   4.6829745e-02
   8.3506010e-03   2.6370319e-03   3.4697788e-03   4.5654985e-03   6.0072348e-03   1.9666543e-02   1.4114743e-02   4.6208981e-02
   6.1805051e-03   4.8561111e-03   3.4852472e-03   4.5858516e-03   6.0340153e-03   1.9754217e-02   1.4177668e-02   4.6414983e-02
   6.1805051e-03   1.9517385e-03   6.3896199e-03   4.5858516e-03   6.0340153e-03   1.9754217e-02   1.4177668e-02   4.6414983e-02
   4.5743585e-03   3.5941389e-03   6.4181051e-03   4.6062955e-03   6.0609152e-03   1.9842282e-02   1.4240872e-02   4.6621903e-02
   6.1805051e-03   1.9517385e-03   2.5680769e-03   8.4073946e-03   6.0340153e-03   1.9754217e-02   1.4177668e-02   4.6414983e-02
   4.5743585e-03   3.5941389e-03   2.5795255e-03   8.4448751e-03   6.0609152e-03   1.9842282e-02   1.4240872e-02   4.6621903e-02
   4.5743585e-03   1.4445343e-03   4.7291301e-03   8.4448751e-03   6.0609152e-03   1.9842282e-02   1.4240872e-02   4.6621903e-02
   3.3856062e-03   2.6601191e-03   4.7502127e-03   8.4825227e-03   6.0879350e-03   1.9930739e-02   1.4304358e-02   4.6829745e-02
   6.1805051e-03   1.9517385e-03   2.5680769e-03   3.3790486e-03   1.1062361e-02   1.9754217e-02   1.4177668e-02   4.6414983e-02
   4.5743585e-03   3.5941389e-03   2.5795255e-03   3.3941125e-03   1.1111678e-02   1.9842282e-02   1.4240872e-02   4.6621903e-02
   4.5743585e-03   1.4445343e-03   4.7291301e-03   3.3941125e-03   1.1111678e-02   1.9842282e-02   1.4240872e-02   4.6621903e-02
   3.3856062e-03   2.6601191e-03   4.7502127e-03   3.4092436e-03   1.1161214e-02   1.9930739e-02   1.4304358e-02   4.6829745e-02
   4.5743585e-03   1.4445343e-03   1.9007030e-03   6.2225396e-03   1.1111678e-02   1.9842282e-02   1.4240872e-02   4.6621903e-02
   3.3856062e-03   2.6601191e-03   1.9091764e-03   6.2502799e-03   1.1161214e-02   1.9930739e-02   1.4304358e-02   4.6829745e-02
   3.3856062e-03   1.0691388e-03   3.5001567e-03   6.2502799e-03   1.1161214e-02   1.9930739e-02   1.4304358e-02   4.6829745e-02
   2.5057784e-03   1.9688259e-03   3.5157606e-03   6.2781439e-03   1.1210971e-02   2.0019591e-02   1.4368128e-02   4.7038514e-02
   8.3506010e-03   2.6370319e-03   3.4697788e-03   4.5654985e-03   6.0072348e-03   7.9042563e-03   2.5877030e-02   4.6208981e-02
   6.1805051e-03   4.8561111e-03   3.4852472e-03   4.5858516e-03   6.0340153e-03   7.9394938e-03   2.5992390e-02   4.6414983e-02
   6.1805051e-03   1.9517385e-03   6.3896199e-03   4.5858516e-03   6.0340153e-03   7.9394938e-03   2.5992390e-02   4.6414983e-02
   4.5743585e-03   3.5941389e-03   6.4181051e-03   4.6062955e-03   6.0609152e-03   7.9748884e-03   2.6108266e-02   4.6621903e-02
   6.1805051e-03   1.9517385e-03   2.5680769e-03   8.4073946e-03   6.0340153e-03   7.9394938e-03   2.5992390e-02   4.6414983e-02
   4.5743585e-03   3.5941389e-03   2.5795255e-03   8.4448751e-03   6.0609152e-03   7.9748884e-03   2.6108266e-02   4.6621903e-02
   4.5743585e-03   1.4445343e-03   4.7291301e-03   8.4448751e-03   6.0609152e-03   7.9748884e-03   2.6108266e-02   4.6621903e-02
   3.3856062e-03   2.6601191e-03   4.7502127e-03   8.4825227e-03   6.0879350e-03   8.0104407e-03   2.6224657e-02   4.6829745e-02
   6.1805051e-03   1.9517385e-03   2.5680769e-03   3.3790486e-03   1.1062361e-02   7.9394938e-03   2.5992390e-02   4.6414983e-02
   4.5743585e-03   3.5941389e-03   2.5795255e-03   3.3941125e-03   1.1111678e-02   7.9748884e-03   2.6108266e-02   4.6621903e-02
   4.5743585e-03   1.4445343e-03   4.7291301e-03   3.3941125e-03   1.1111678e-02   7.9748884e-03   2.6108266e-02   4.6621903e-02
   3.3856062e-03   2.6601191e-03   4.7502127e-03   3.4092436e-03   1.1161214e-02   8.0104407e-03   2.6224657e-02   4.6829745e-02
   4.5743585e-03   1.4445343e-03   1.9007030e-03   6.2225396e-03   1.1111678e-02   7.9748884e-03   2.6108266e-02   4.6621903e-02
   3.3856062e-03   2.6601191e-03   1.9091764e-03   6.2502799e-03   1.1161214e-02   8.0104407e-03   2.6224657e-02   4.6829745e-02
   3.3856062e-03   1.0691388e-03   3.5001567e-03   6.2502799e-03   1.1161214e-02   8.0104407e-03   2.6224657e-02   4.6829745e-02
   2.5057784e-03   1.9688259e-03   3.5157606e-03   6.2781439e-03   1.1210971e-02   8.0461516e-03   2.6341568e-02   4.7038514e-02
   6.1805051e-03   1.9517385e-03   2.5680769e-03   3.3790486e-03   4.4461165e-03   1.4555739e-02   2.5992390e-02   4.6414983e-02
   4.5743585e-03   3.5941389e-03   2.5795255e-03   3.3941125e-03   4.4659375e-03   1.4620629e-02   2.6108266e-02   4.6621903e-02
   4.5743585e-03   1.4445343e-03   4.7291301e-03   3.3941125e-03   4.4659375e-03   1.4620629e-02   2.6108266e-02   4.6621903e-02
   3.3856062e-03   2.6601191e-03   4.7502127e-03   3.4092436e-03   4.4858468e-03   1.4685808e-02   2.6224657e-02   4.6829745e-02
   4.5743585e-03   1.4445343e-03   1.9007030e-03   6.2225396e-03   4.4659375e-03   1.4620629e-02   2.6108266e-02   4.6621903e-02
   3.3856062e-03   2.6601191e-03   1.9091764e-03   6.2502799e-03   4.4858468e-03   1.4685808e-02   2.6224657e-02   4.6829745e-02
   3.3856062e-03   1.0691388e-03   3.5001567e-03   6.2502799e-03   4.4858468e-03   1.4685808e-02   2.6224657e-02   4.6829745e-02
   2.5057784e-03   1.9688259e-03   3.5157606e-03   6.2781439e-03   4.5058449e-03   1.4751278e-02   2.6341568e-02   4.7038514e-02
   4.5743585e-03   1.4445343e-03   1.9007030e-03   2.5009250e-03   8.1875521e-03   1.4620629e-02   2.6108266e-02   4.6621903e-02
   3.3856062e-03   2.6601191e-03   1.9091764e-03   2.5120742e-03   8.2240525e-03   1.4685808e-02   2.6224657e-02   4.6829745e-02
   3.3856062e-03   1.0691388e-03   3.5001567e-03   2.5120742e-03   8.2240525e-03   1.4685808e-02   2.6224657e-02   4.6829745e-02
   2.5057784e-03   1.9688259e-03   3.5157606e-03   2.5232731e-03   8.2607156e-03   1.4751278e-02   2.6341568e-02   4.7038514e-02
   3.3856062e-03   1.0691388e-03   1.4067616e-03   4.6054694e-03   8.2240525e-03   1.4685808e-02   2.6224657e-02   4.6829745e-02
   2.5057784e-03   1.9688259e-03   1.4130330e-03   4.6260008e-03   8.2607156e-03   1.4751278e-02   2.6341568e-02   4.7038514e-02
   2.5057784e-03   7.9129846e-04   2.5905604e-03   4.6260008e-03   8.2607156e-03   1.4751278e-02   2.6341568e-02   4.7038514e-02
   1.8545942e-03   1.4571812e-03   2.6021092e-03   4.6466236e-03   8.2975422e-03   1.4817040e-02   2.6458999e-02   4.7248213e-02
