   3.3091392e-01   5.2249566e-02   1.3749886e-01   9.0459775e-02   2.3805204e-01
   2.6168636e-01   8.7228788e-02   1.3772967e-01   9.0611622e-02   2.3845164e-01
   2.6168636e-01   4.1318900e-02   2.2954944e-01   9.0611622e-02   2.3845164e-01
   2.0694129e-01   6.8980430e-02   2.2993477e-01   9.0763724e-02   2.3885191e-01
   2.6168636e-01   4.1318900e-02   1.0873395e-01   1.5101937e-01   2.3845164e-01
   2.0694129e-01   6.8980430e-02   1.0891647e-01   1.5127287e-01   2.3885191e-01
   2.0694129e-01   3.2674941e-02   1.8152745e-01   1.5127287e-01   2.3885191e-01
   1.6364895e-01   5.4549649e-02   1.8183216e-01   1.5152680e-01   2.3925285e-01
   2.6168636e-01   4.1318900e-02   1.0873395e-01   7.1535491e-02   3.9741940e-01
   2.0694129e-01   6.8980430e-02   1.0891647e-01   7.1655572e-02   3.9808651e-01
   2.0694129e-01   3.2674941e-02   1.8152745e-01   7.1655572e-02   3.9808651e-01
   1.6364895e-01   5.4549649e-02   1.8183216e-01   7.1775854e-02   3.9875474e-01
   2.0694129e-01   3.2674941e-02   8.5986686e-02   1.1942595e-01   3.9808651e-01
   1.6364895e-01   5.4549649e-02   8.6131025e-02   1.1962642e-01   3.9875474e-01
   1.6364895e-01   2.5839307e-02   1.4355171e-01   1.1962642e-01   3.9875474e-01
   1.2941341e-01   4.3137803e-02   1.4379268e-01   1.1982723e-01   3.9942410e-01
