   1.1967503e-02   1.3300091e-03   2.1048597e-03   3.3311306e-03   5.2718153e-03
   1.3300091e-03   1.1967503e-02   2.1048597e-03   3.3311306e-03   5.2718153e-03
   1.3300091e-03   1.4781064e-04   1.8939655e-02   3.3311306e-03   5.2718153e-03
   1.4781064e-04   1.3300091e-03   1.8939655e-02   3.3311306e-03   5.2718153e-03
   1.3300091e-03   1.4781064e-04   2.3392370e-04   2.9973716e-02   5.2718153e-03
   1.4781064e-04   1.3300091e-03   2.3392370e-04   2.9973716e-02   5.2718153e-03
   1.4781064e-04   1.6426944e-05   2.1048597e-03   2.9973716e-02   5.2718153e-03
   1.6426944e-05   1.4781064e-04   2.1048597e-03   2.9973716e-02   5.2718153e-03
   1.3300091e-03   1.4781064e-04   2.3392370e-04   3.7020540e-04   4.7436114e-02
   1.4781064e-04   1.3300091e-03   2.3392370e-04   3.7020540e-04   4.7436114e-02
   1.4781064e-04   1.6426944e-05   2.1048597e-03   3.7020540e-04   4.7436114e-02
   1.6426944e-05   1.4781064e-04   2.1048597e-03   3.7020540e-04   4.7436114e-02
   1.4781064e-04   1.6426944e-05   2.5997124e-05   3.3311306e-03   4.7436114e-02
   1.6426944e-05   1.4781064e-04   2.5997124e-05   3.3311306e-03   4.7436114e-02
   1.6426944e-05   1.8256094e-06   2.3392370e-04   3.3311306e-03   4.7436114e-02
   1.8256094e-06   1.6426944e-05   2.3392370e-04   3.3311306e-03   4.7436114e-02
