   7.0554144e-01   1.3438885e-01   1.5998672e-01   1.9046038e-01   2.2673855e-01
   1.3438885e-01   7.0554144e-01   1.5998672e-01   1.9046038e-01   2.2673855e-01
   1.3438885e-01   2.5597875e-02   8.3993029e-01   1.9046038e-01   2.2673855e-01
   2.5597875e-02   1.3438885e-01   8.3993029e-01   1.9046038e-01   2.2673855e-01
   1.3438885e-01   2.5597875e-02   3.0473661e-02   9.9991701e-01   2.2673855e-01
   2.5597875e-02   1.3438885e-01   3.0473661e-02   9.9991701e-01   2.2673855e-01
   2.5597875e-02   4.8757858e-03   1.5998672e-01   9.9991701e-01   2.2673855e-01
   4.8757858e-03   2.5597875e-02   1.5998672e-01   9.9991701e-01   2.2673855e-01
   1.3438885e-01   2.5597875e-02   3.0473661e-02   3.6278168e-02   1.1903774e+00
   2.5597875e-02   1.3438885e-01   3.0473661e-02   3.6278168e-02   1.1903774e+00
   2.5597875e-02   4.8757858e-03   1.5998672e-01   3.6278168e-02   1.1903774e+00
   4.8757858e-03   2.5597875e-02   1.5998672e-01   3.6278168e-02   1.1903774e+00
   2.5597875e-02   4.8757858e-03   5.8045069e-03   1.9046038e-01   1.1903774e+00
   4.8757858e-03   2.5597875e-02   5.8045069e-03   1.9046038e-01   1.1903774e+00
   4.8757858e-03   9.2872111e-04   3.0473661e-02   1.9046038e-01   1.1903774e+00
   9.2872111e-04   4.8757858e-03   3.0473661e-02   1.9046038e-01   1.1903774e+00
