   3.9243360e-01   4.3613131e-02   6.9021721e-02   1.0923311e-01   1.7287127e-01
   4.3613131e-02   3.9243360e-01   6.9021721e-02   1.0923311e-01   1.7287127e-01
   4.3613131e-02   4.8469478e-03   6.2106164e-01   1.0923311e-01   1.7287127e-01
   4.8469478e-03   4.3613131e-02   6.2106164e-01   1.0923311e-01   1.7287127e-01
   4.3613131e-02   4.8469478e-03   7.6707329e-03   9.8288618e-01   1.7287127e-01
   4.8469478e-03   4.3613131e-02   7.6707329e-03   9.8288618e-01   1.7287127e-01
   4.8469478e-03   5.3866582e-04   6.9021721e-02   9.8288618e-01   1.7287127e-01
   5.3866582e-04   4.8469478e-03   6.9021721e-02   9.8288618e-01   1.7287127e-01
   4.3613131e-02   4.8469478e-03   7.6707329e-03   1.2139628e-02   1.5555062e+00
   4.8469478e-03   4.3613131e-02   7.6707329e-03   1.2139628e-02   1.5555062e+00
   4.8469478e-03   5.3866582e-04   6.9021721e-02   1.2139628e-02   1.5555062e+00
   5.3866582e-04   4.8469478e-03   6.9021721e-02   1.2139628e-02   1.5555062e+00
   4.8469478e-03   5.3866582e-04   8.5248735e-04   1.0923311e-01   1.5555062e+00
   5.3866582e-04   4.8469478e-03   8.5248735e-04   1.0923311e-01   1.5555062e+00
   5.3866582e-04   5.9864657e-05   7.6707329e-03   1.0923311e-01   1.5555062e+00
   5.9864657e-05   5.3866582e-04   7.6707329e-03   1.0923311e-01   1.5555062e+00
