   9.4499651e-02   1.4920997e-02   3.9265783e-02   2.5832752e-02   6.7980926e-02   4.4724293e-02   1.1769551e-01   7.7431256e-02
   7.4730220e-02   2.4910073e-02   3.9331695e-02   2.5876115e-02   6.8095040e-02   4.4799368e-02   1.1789307e-01   7.7561233e-02
   7.4730220e-02   1.1799508e-02   6.5552825e-02   2.5876115e-02   6.8095040e-02   4.4799368e-02   1.1789307e-01   7.7561233e-02
   5.9096576e-02   1.9698859e-02   6.5662863e-02   2.5919551e-02   6.8209345e-02   4.4874569e-02   1.1809097e-01   7.7691428e-02
   7.4730220e-02   1.1799508e-02   3.1051338e-02   4.3126858e-02   6.8095040e-02   4.4799368e-02   1.1789307e-01   7.7561233e-02
   5.9096576e-02   1.9698859e-02   3.1103461e-02   4.3199252e-02   6.8209345e-02   4.4874569e-02   1.1809097e-01   7.7691428e-02
   5.9096576e-02   9.3310384e-03   5.1839102e-02   4.3199252e-02   6.8209345e-02   4.4874569e-02   1.1809097e-01   7.7691428e-02
   4.6733508e-02   1.5577836e-02   5.1926120e-02   4.3271767e-02   6.8323842e-02   4.4949896e-02   1.1828920e-01   7.7821842e-02
   7.4730220e-02   1.1799508e-02   3.1051338e-02   2.0428512e-02   1.1349173e-01   4.4799368e-02   1.1789307e-01   7.7561233e-02
   5.9096576e-02   1.9698859e-02   3.1103461e-02   2.0462803e-02   1.1368224e-01   4.4874569e-02   1.1809097e-01   7.7691428e-02
   5.9096576e-02   9.3310384e-03   5.1839102e-02   2.0462803e-02   1.1368224e-01   4.4874569e-02   1.1809097e-01   7.7691428e-02
   4.6733508e-02   1.5577836e-02   5.1926120e-02   2.0497153e-02   1.1387307e-01   4.4949896e-02   1.1828920e-01   7.7821842e-02
   5.9096576e-02   9.3310384e-03   2.4555364e-02   3.4104672e-02   1.1368224e-01   4.4874569e-02   1.1809097e-01   7.7691428e-02
   4.6733508e-02   1.5577836e-02   2.4596583e-02   3.4161921e-02   1.1387307e-01   4.4949896e-02   1.1828920e-01   7.7821842e-02
   4.6733508e-02   7.3789750e-03   4.0994305e-02   3.4161921e-02   1.1387307e-01   4.4949896e-02   1.1828920e-01   7.7821842e-02
   3.6956807e-02   1.2318936e-02   4.1063119e-02   3.4219266e-02   1.1406422e-01   4.5025350e-02   1.1848776e-01   7.7952475e-02
   7.4730220e-02   1.1799508e-02   3.1051338e-02   2.0428512e-02   5.3759242e-02   7.4665614e-02   1.1789307e-01   7.7561233e-02
   5.9096576e-02   1.9698859e-02   3.1103461e-02   2.0462803e-02   5.3849483e-02   7.4790948e-02   1.1809097e-01   7.7691428e-02
   5.9096576e-02   9.3310384e-03   5.1839102e-02   2.0462803e-02   5.3849483e-02   7.4790948e-02   1.1809097e-01   7.7691428e-02
   4.6733508e-02   1.5577836e-02   5.1926120e-02   2.0497153e-02   5.3939875e-02   7.4916494e-02   1.1828920e-01   7.7821842e-02
   5.9096576e-02   9.3310384e-03   2.4555364e-02   3.4104672e-02   5.3849483e-02   7.4790948e-02   1.1809097e-01   7.7691428e-02
   4.6733508e-02   1.5577836e-02   2.4596583e-02   3.4161921e-02   5.3939875e-02   7.4916494e-02   1.1828920e-01   7.7821842e-02
   4.6733508e-02   7.3789750e-03   4.0994305e-02   3.4161921e-02   5.3939875e-02   7.4916494e-02   1.1828920e-01   7.7821842e-02
   3.6956807e-02   1.2318936e-02   4.1063119e-02   3.4219266e-02   5.4030420e-02   7.5042250e-02   1.1848776e-01   7.7952475e-02
   5.9096576e-02   9.3310384e-03   2.4555364e-02   1.6154845e-02   8.9749138e-02   7.4790948e-02   1.1809097e-01   7.7691428e-02
   4.6733508e-02   1.5577836e-02   2.4596583e-02   1.6181963e-02   8.9899792e-02   7.4916494e-02   1.1828920e-01   7.7821842e-02
   4.6733508e-02   7.3789750e-03   4.0994305e-02   1.6181963e-02   8.9899792e-02   7.4916494e-02   1.1828920e-01   7.7821842e-02
   3.6956807e-02   1.2318936e-02   4.1063119e-02   1.6209126e-02   9.0050699e-02   7.5042250e-02   1.1848776e-01   7.7952475e-02
   4.6733508e-02   7.3789750e-03   1.9418355e-02   2.6969938e-02   8.9899792e-02   7.4916494e-02   1.1828920e-01   7.7821842e-02
   3.6956807e-02   1.2318936e-02   1.9450951e-02   2.7015210e-02   9.0050699e-02   7.5042250e-02   1.1848776e-01   7.7952475e-02
   3.6956807e-02   5.8352853e-03   3.2418252e-02   2.7015210e-02   9.0050699e-02   7.5042250e-02   1.1848776e-01   7.7952475e-02
   2.9225403e-02   9.7418009e-03   3.2472670e-02   2.7060558e-02   9.0201860e-02   7.5168217e-02   1.1868666e-01   7.8083327e-02
   7.4730220e-02   1.1799508e-02   3.1051338e-02   2.0428512e-02   5.3759242e-02   3.5367922e-02   1.9648846e-01   7.7561233e-02
   5.9096576e-02   1.9698859e-02   3.1103461e-02   2.0462803e-02   5.3849483e-02   3.5427291e-02   1.9681829e-01   7.7691428e-02
   5.9096576e-02   9.3310384e-03   5.1839102e-02   2.0462803e-02   5.3849483e-02   3.5427291e-02   1.9681829e-01   7.7691428e-02
   4.6733508e-02   1.5577836e-02   5.1926120e-02   2.0497153e-02   5.3939875e-02   3.5486760e-02   1.9714867e-01   7.7821842e-02
   5.9096576e-02   9.3310384e-03   2.4555364e-02   3.4104672e-02   5.3849483e-02   3.5427291e-02   1.9681829e-01   7.7691428e-02
   4.6733508e-02   1.5577836e-02   2.4596583e-02   3.4161921e-02   5.3939875e-02   3.5486760e-02   1.9714867e-01   7.7821842e-02
   4.6733508e-02   7.3789750e-03   4.0994305e-02   3.4161921e-02   5.3939875e-02   3.5486760e-02   1.9714867e-01   7.7821842e-02
   3.6956807e-02   1.2318936e-02   4.1063119e-02   3.4219266e-02   5.4030420e-02   3.5546329e-02   1.9747960e-01   7.7952475e-02
   5.9096576e-02   9.3310384e-03   2.4555364e-02   1.6154845e-02   8.9749138e-02   3.5427291e-02   1.9681829e-01   7.7691428e-02
   4.6733508e-02   1.5577836e-02   2.4596583e-02   1.6181963e-02   8.9899792e-02   3.5486760e-02   1.9714867e-01   7.7821842e-02
   4.6733508e-02   7.3789750e-03   4.0994305e-02   1.6181963e-02   8.9899792e-02   3.5486760e-02   1.9714867e-01   7.7821842e-02
   3.6956807e-02   1.2318936e-02   4.1063119e-02   1.6209126e-02   9.0050699e-02   3.5546329e-02   1.9747960e-01   7.7952475e-02
   4.6733508e-02   7.3789750e-03   1.9418355e-02   2.6969938e-02   8.9899792e-02   3.5486760e-02   1.9714867e-01   7.7821842e-02
   3.6956807e-02   1.2318936e-02   1.9450951e-02   2.7015210e-02   9.0050699e-02   3.5546329e-02   1.9747960e-01   7.7952475e-02
   3.6956807e-02   5.8352853e-03   3.2418252e-02   2.7015210e-02   9.0050699e-02   3.5546329e-02   1.9747960e-01   7.7952475e-02
   2.9225403e-02   9.7418009e-03   3.2472670e-02   2.7060558e-02   9.0201860e-02   3.5605997e-02   1.9781110e-01   7.8083327e-02
   5.9096576e-02   9.3310384e-03   2.4555364e-02   1.6154845e-02   4.2512750e-02   5.9045486e-02   1.9681829e-01   7.7691428e-02
   4.6733508e-02   1.5577836e-02   2.4596583e-02   1.6181963e-02   4.2584112e-02   5.9144600e-02   1.9714867e-01   7.7821842e-02
   4.6733508e-02   7.3789750e-03   4.0994305e-02   1.6181963e-02   4.2584112e-02   5.9144600e-02   1.9714867e-01   7.7821842e-02
   3.6956807e-02   1.2318936e-02   4.1063119e-02   1.6209126e-02   4.2655594e-02   5.9243881e-02   1.9747960e-01   7.7952475e-02
   4.6733508e-02   7.3789750e-03   1.9418355e-02   2.6969938e-02   4.2584112e-02   5.9144600e-02   1.9714867e-01   7.7821842e-02
   3.6956807e-02   1.2318936e-02   1.9450951e-02   2.7015210e-02   4.2655594e-02   5.9243881e-02   1.9747960e-01   7.7952475e-02
   3.6956807e-02   5.8352853e-03   3.2418252e-02   2.7015210e-02   4.2655594e-02   5.9243881e-02   1.9747960e-01   7.7952475e-02
   2.9225403e-02   9.7418009e-03   3.2472670e-02   2.7060558e-02   4.2727197e-02   5.9343329e-02   1.9781110e-01   7.8083327e-02
   4.6733508e-02   7.3789750e-03   1.9418355e-02   1.2775234e-02   7.0973520e-02   5.9144600e-02   1.9714867e-01   7.7821842e-02
   3.6956807e-02   1.2318936e-02   1.9450951e-02   1.2796678e-02   7.1092657e-02   5.9243881e-02   1.9747960e-01   7.7952475e-02
   3.6956807e-02   5.8352853e-03   3.2418252e-02   1.2796678e-02   7.1092657e-02   5.9243881e-02   1.9747960e-01   7.7952475e-02
   2.9225403e-02   9.7418009e-03   3.2472670e-02   1.2818159e-02   7.1211995e-02   5.9343329e-02   1.9781110e-01   7.8083327e-02
   3.6956807e-02   5.8352853e-03   1.5356014e-02   2.1327797e-02   7.1092657e-02   5.9243881e-02   1.9747960e-01   7.7952475e-02
   2.9225403e-02   9.7418009e-03   1.5381791e-02   2.1363598e-02   7.1211995e-02   5.9343329e-02   1.9781110e-01   7.8083327e-02
   2.9225403e-02   4.6145373e-03   2.5636318e-02   2.1363598e-02   7.1211995e-02   5.9343329e-02   1.9781110e-01   7.8083327e-02
   2.3111416e-02   7.7038055e-03   2.5679352e-02   2.1399460e-02   7.1331532e-02   5.9442943e-02   1.9814314e-01   7.8214399e-02
   7.4730220e-02   1.1799508e-02   3.1051338e-02   2.0428512e-02   5.3759242e-02   3.5367922e-02   9.3073480e-02   1.2926872e-01
   5.9096576e-02   1.9698859e-02   3.1103461e-02   2.0462803e-02   5.3849483e-02   3.5427291e-02   9.3229714e-02   1.2948571e-01
   5.9096576e-02   9.3310384e-03   5.1839102e-02   2.0462803e-02   5.3849483e-02   3.5427291e-02   9.3229714e-02   1.2948571e-01
   4.6733508e-02   1.5577836e-02   5.1926120e-02   2.0497153e-02   5.3939875e-02   3.5486760e-02   9.3386211e-02   1.2970307e-01
   5.9096576e-02   9.3310384e-03   2.4555364e-02   3.4104672e-02   5.3849483e-02   3.5427291e-02   9.3229714e-02   1.2948571e-01
   4.6733508e-02   1.5577836e-02   2.4596583e-02   3.4161921e-02   5.3939875e-02   3.5486760e-02   9.3386211e-02   1.2970307e-01
   4.6733508e-02   7.3789750e-03   4.0994305e-02   3.4161921e-02   5.3939875e-02   3.5486760e-02   9.3386211e-02   1.2970307e-01
   3.6956807e-02   1.2318936e-02   4.1063119e-02   3.4219266e-02   5.4030420e-02   3.5546329e-02   9.3542970e-02   1.2992079e-01
   5.9096576e-02   9.3310384e-03   2.4555364e-02   1.6154845e-02   8.9749138e-02   3.5427291e-02   9.3229714e-02   1.2948571e-01
   4.6733508e-02   1.5577836e-02   2.4596583e-02   1.6181963e-02   8.9899792e-02   3.5486760e-02   9.3386211e-02   1.2970307e-01
   4.6733508e-02   7.3789750e-03   4.0994305e-02   1.6181963e-02   8.9899792e-02   3.5486760e-02   9.3386211e-02   1.2970307e-01
   3.6956807e-02   1.2318936e-02   4.1063119e-02   1.6209126e-02   9.0050699e-02   3.5546329e-02   9.3542970e-02   1.2992079e-01
   4.6733508e-02   7.3789750e-03   1.9418355e-02   2.6969938e-02   8.9899792e-02   3.5486760e-02   9.3386211e-02   1.2970307e-01
   3.6956807e-02   1.2318936e-02   1.9450951e-02   2.7015210e-02   9.0050699e-02   3.5546329e-02   9.3542970e-02   1.2992079e-01
   3.6956807e-02   5.8352853e-03   3.2418252e-02   2.7015210e-02   9.0050699e-02   3.5546329e-02   9.3542970e-02   1.2992079e-01
   2.9225403e-02   9.7418009e-03   3.2472670e-02   2.7060558e-02   9.0201860e-02   3.5605997e-02   9.3699993e-02   1.3013888e-01
   5.9096576e-02   9.3310384e-03   2.4555364e-02   1.6154845e-02   4.2512750e-02   5.9045486e-02   9.3229714e-02   1.2948571e-01
   4.6733508e-02   1.5577836e-02   2.4596583e-02   1.6181963e-02   4.2584112e-02   5.9144600e-02   9.3386211e-02   1.2970307e-01
   4.6733508e-02   7.3789750e-03   4.0994305e-02   1.6181963e-02   4.2584112e-02   5.9144600e-02   9.3386211e-02   1.2970307e-01
   3.6956807e-02   1.2318936e-02   4.1063119e-02   1.6209126e-02   4.2655594e-02   5.9243881e-02   9.3542970e-02   1.2992079e-01
   4.6733508e-02   7.3789750e-03   1.9418355e-02   2.6969938e-02   4.2584112e-02   5.9144600e-02   9.3386211e-02   1.2970307e-01
   3.6956807e-02   1.2318936e-02   1.9450951e-02   2.7015210e-02   4.2655594e-02   5.9243881e-02   9.3542970e-02   1.2992079e-01
   3.6956807e-02   5.8352853e-03   3.2418252e-02   2.7015210e-02   4.2655594e-02   5.9243881e-02   9.3542970e-02   1.2992079e-01
   2.9225403e-02   9.7418009e-03   3.2472670e-02   2.7060558e-02   4.2727197e-02   5.9343329e-02   9.3699993e-02   1.3013888e-01
   4.6733508e-02   7.3789750e-03   1.9418355e-02   1.2775234e-02   7.0973520e-02   5.9144600e-02   9.3386211e-02   1.2970307e-01
   3.6956807e-02   1.2318936e-02   1.9450951e-02   1.2796678e-02   7.1092657e-02   5.9243881e-02   9.3542970e-02   1.2992079e-01
   3.6956807e-02   5.8352853e-03   3.2418252e-02   1.2796678e-02   7.1092657e-02   5.9243881e-02   9.3542970e-02   1.2992079e-01
   2.9225403e-02   9.7418009e-03   3.2472670e-02   1.2818159e-02   7.1211995e-02   5.9343329e-02   9.3699993e-02   1.3013888e-01
   3.6956807e-02   5.8352853e-03   1.5356014e-02   2.1327797e-02   7.1092657e-02   5.9243881e-02   9.3542970e-02   1.2992079e-01
   2.9225403e-02   9.7418009e-03   1.5381791e-02   2.1363598e-02   7.1211995e-02   5.9343329e-02   9.3699993e-02   1.3013888e-01
   2.9225403e-02   4.6145373e-03   2.5636318e-02   2.1363598e-02   7.1211995e-02   5.9343329e-02   9.3699993e-02   1.3013888e-01
   2.3111416e-02   7.7038055e-03   2.5679352e-02   2.1399460e-02   7.1331532e-02   5.9442943e-02   9.3857279e-02   1.3035733e-01
   5.9096576e-02   9.3310384e-03   2.4555364e-02   1.6154845e-02   4.2512750e-02   2.7968914e-02   1.5538286e-01   1.2948571e-01
   4.6733508e-02   1.5577836e-02   2.4596583e-02   1.6181963e-02   4.2584112e-02   2.8015863e-02   1.5564368e-01   1.2970307e-01
   4.6733508e-02   7.3789750e-03   4.0994305e-02   1.6181963e-02   4.2584112e-02   2.8015863e-02   1.5564368e-01   1.2970307e-01
   3.6956807e-02   1.2318936e-02   4.1063119e-02   1.6209126e-02   4.2655594e-02   2.8062891e-02   1.5590495e-01   1.2992079e-01
   4.6733508e-02   7.3789750e-03   1.9418355e-02   2.6969938e-02   4.2584112e-02   2.8015863e-02   1.5564368e-01   1.2970307e-01
   3.6956807e-02   1.2318936e-02   1.9450951e-02   2.7015210e-02   4.2655594e-02   2.8062891e-02   1.5590495e-01   1.2992079e-01
   3.6956807e-02   5.8352853e-03   3.2418252e-02   2.7015210e-02   4.2655594e-02   2.8062891e-02   1.5590495e-01   1.2992079e-01
   2.9225403e-02   9.7418009e-03   3.2472670e-02   2.7060558e-02   4.2727197e-02   2.8109998e-02   1.5616665e-01   1.3013888e-01
   4.6733508e-02   7.3789750e-03   1.9418355e-02   1.2775234e-02   7.0973520e-02   2.8015863e-02   1.5564368e-01   1.2970307e-01
   3.6956807e-02   1.2318936e-02   1.9450951e-02   1.2796678e-02   7.1092657e-02   2.8062891e-02   1.5590495e-01   1.2992079e-01
   3.6956807e-02   5.8352853e-03   3.2418252e-02   1.2796678e-02   7.1092657e-02   2.8062891e-02   1.5590495e-01   1.2992079e-01
   2.9225403e-02   9.7418009e-03   3.2472670e-02   1.2818159e-02   7.1211995e-02   2.8109998e-02   1.5616665e-01   1.3013888e-01
   3.6956807e-02   5.8352853e-03   1.5356014e-02   2.1327797e-02   7.1092657e-02   2.8062891e-02   1.5590495e-01   1.2992079e-01
   2.9225403e-02   9.7418009e-03   1.5381791e-02   2.1363598e-02   7.1211995e-02   2.8109998e-02   1.5616665e-01   1.3013888e-01
   2.9225403e-02   4.6145373e-03   2.5636318e-02   2.1363598e-02   7.1211995e-02   2.8109998e-02   1.5616665e-01   1.3013888e-01
   2.3111416e-02   7.7038055e-03   2.5679352e-02   2.1399460e-02   7.1331532e-02   2.8157184e-02   1.5642880e-01   1.3035733e-01
   4.6733508e-02   7.3789750e-03   1.9418355e-02   1.2775234e-02   3.3619036e-02   4.6693105e-02   1.5564368e-01   1.2970307e-01
   3.6956807e-02   1.2318936e-02   1.9450951e-02   1.2796678e-02   3.3675469e-02   4.6771485e-02   1.5590495e-01   1.2992079e-01
   3.6956807e-02   5.8352853e-03   3.2418252e-02   1.2796678e-02   3.3675469e-02   4.6771485e-02   1.5590495e-01   1.2992079e-01
   2.9225403e-02   9.7418009e-03   3.2472670e-02   1.2818159e-02   3.3731997e-02   4.6849996e-02   1.5616665e-01   1.3013888e-01
   3.6956807e-02   5.8352853e-03   1.5356014e-02   2.1327797e-02   3.3675469e-02   4.6771485e-02   1.5590495e-01   1.2992079e-01
   2.9225403e-02   9.7418009e-03   1.5381791e-02   2.1363598e-02   3.3731997e-02   4.6849996e-02   1.5616665e-01   1.3013888e-01
   2.9225403e-02   4.6145373e-03   2.5636318e-02   2.1363598e-02   3.3731997e-02   4.6849996e-02   1.5616665e-01   1.3013888e-01
   2.3111416e-02   7.7038055e-03   2.5679352e-02   2.1399460e-02   3.3788620e-02   4.6928640e-02   1.5642880e-01   1.3035733e-01
   3.6956807e-02   5.8352853e-03   1.5356014e-02   1.0102641e-02   5.6125782e-02   4.6771485e-02   1.5590495e-01   1.2992079e-01
   2.9225403e-02   9.7418009e-03   1.5381791e-02   1.0119599e-02   5.6219996e-02   4.6849996e-02   1.5616665e-01   1.3013888e-01
   2.9225403e-02   4.6145373e-03   2.5636318e-02   1.0119599e-02   5.6219996e-02   4.6849996e-02   1.5616665e-01   1.3013888e-01
   2.3111416e-02   7.7038055e-03   2.5679352e-02   1.0136586e-02   5.6314367e-02   4.6928640e-02   1.5642880e-01   1.3035733e-01
   2.9225403e-02   4.6145373e-03   1.2143519e-02   1.6865999e-02   5.6219996e-02   4.6849996e-02   1.5616665e-01   1.3013888e-01
   2.3111416e-02   7.7038055e-03   1.2163903e-02   1.6894310e-02   5.6314367e-02   4.6928640e-02   1.5642880e-01   1.3035733e-01
   2.3111416e-02   3.6491710e-03   2.0273172e-02   1.6894310e-02   5.6314367e-02   4.6928640e-02   1.5642880e-01   1.3035733e-01
   1.8276483e-02   6.0921609e-03   2.0307203e-02   1.6922669e-02   5.6408898e-02   4.7007415e-02   1.5669138e-01   1.3057615e-01
