   6.1436930e-04   6.8277967e-05   1.0805605e-04   1.7100847e-04   2.7063636e-04   4.2830650e-04   6.7783374e-04   1.0727331e-03   1.3745422e-01   1.9573816e+00
   6.8277967e-05   6.1436930e-04   1.0805605e-04   1.7100847e-04   2.7063636e-04   4.2830650e-04   6.7783374e-04   1.0727331e-03   1.3745422e-01   1.9573816e+00
   6.8277967e-05   7.5880758e-06   9.7229494e-04   1.7100847e-04   2.7063636e-04   4.2830650e-04   6.7783374e-04   1.0727331e-03   1.3745422e-01   1.9573816e+00
   7.5880758e-06   6.8277967e-05   9.7229494e-04   1.7100847e-04   2.7063636e-04   4.2830650e-04   6.7783374e-04   1.0727331e-03   1.3745422e-01   1.9573816e+00
   6.8277967e-05   7.5880758e-06   1.2008816e-05   1.5387446e-03   2.7063636e-04   4.2830650e-04   6.7783374e-04   1.0727331e-03   1.3745422e-01   1.9573816e+00
   7.5880758e-06   6.8277967e-05   1.2008816e-05   1.5387446e-03   2.7063636e-04   4.2830650e-04   6.7783374e-04   1.0727331e-03   1.3745422e-01   1.9573816e+00
   7.5880758e-06   8.4330124e-07   1.0805605e-04   1.5387446e-03   2.7063636e-04   4.2830650e-04   6.7783374e-04   1.0727331e-03   1.3745422e-01   1.9573816e+00
   8.4330124e-07   7.5880758e-06   1.0805605e-04   1.5387446e-03   2.7063636e-04   4.2830650e-04   6.7783374e-04   1.0727331e-03   1.3745422e-01   1.9573816e+00
   6.8277967e-05   7.5880758e-06   1.2008816e-05   1.9005036e-05   2.4352024e-03   4.2830650e-04   6.7783374e-04   1.0727331e-03   1.3745422e-01   1.9573816e+00
   7.5880758e-06   6.8277967e-05   1.2008816e-05   1.9005036e-05   2.4352024e-03   4.2830650e-04   6.7783374e-04   1.0727331e-03   1.3745422e-01   1.9573816e+00
   7.5880758e-06   8.4330124e-07   1.0805605e-04   1.9005036e-05   2.4352024e-03   4.2830650e-04   6.7783374e-04   1.0727331e-03   1.3745422e-01   1.9573816e+00
   8.4330124e-07   7.5880758e-06   1.0805605e-04   1.9005036e-05   2.4352024e-03   4.2830650e-04   6.7783374e-04   1.0727331e-03   1.3745422e-01   1.9573816e+00
   7.5880758e-06   8.4330124e-07   1.3346004e-06   1.7100847e-04   2.4352024e-03   4.2830650e-04   6.7783374e-04   1.0727331e-03   1.3745422e-01   1.9573816e+00
   8.4330124e-07   7.5880758e-06   1.3346004e-06   1.7100847e-04   2.4352024e-03   4.2830650e-04   6.7783374e-04   1.0727331e-03   1.3745422e-01   1.9573816e+00
   8.4330124e-07   9.3720332e-08   1.2008816e-05   1.7100847e-04   2.4352024e-03   4.2830650e-04   6.7783374e-04   1.0727331e-03   1.3745422e-01   1.9573816e+00
   9.3720332e-08   8.4330124e-07   1.2008816e-05   1.7100847e-04   2.4352024e-03   4.2830650e-04   6.7783374e-04   1.0727331e-03   1.3745422e-01   1.9573816e+00
   6.8277967e-05   7.5880758e-06   1.2008816e-05   1.9005036e-05   3.0077187e-05   3.8539279e-03   6.7783374e-04   1.0727331e-03   1.3745422e-01   1.9573816e+00
   7.5880758e-06   6.8277967e-05   1.2008816e-05   1.9005036e-05   3.0077187e-05   3.8539279e-03   6.7783374e-04   1.0727331e-03   1.3745422e-01   1.9573816e+00
   7.5880758e-06   8.4330124e-07   1.0805605e-04   1.9005036e-05   3.0077187e-05   3.8539279e-03   6.7783374e-04   1.0727331e-03   1.3745422e-01   1.9573816e+00
   8.4330124e-07   7.5880758e-06   1.0805605e-04   1.9005036e-05   3.0077187e-05   3.8539279e-03   6.7783374e-04   1.0727331e-03   1.3745422e-01   1.9573816e+00
   7.5880758e-06   8.4330124e-07   1.3346004e-06   1.7100847e-04   3.0077187e-05   3.8539279e-03   6.7783374e-04   1.0727331e-03   1.3745422e-01   1.9573816e+00
   8.4330124e-07   7.5880758e-06   1.3346004e-06   1.7100847e-04   3.0077187e-05   3.8539279e-03   6.7783374e-04   1.0727331e-03   1.3745422e-01   1.9573816e+00
   8.4330124e-07   9.3720332e-08   1.2008816e-05   1.7100847e-04   3.0077187e-05   3.8539279e-03   6.7783374e-04   1.0727331e-03   1.3745422e-01   1.9573816e+00
   9.3720332e-08   8.4330124e-07   1.2008816e-05   1.7100847e-04   3.0077187e-05   3.8539279e-03   6.7783374e-04   1.0727331e-03   1.3745422e-01   1.9573816e+00
   7.5880758e-06   8.4330124e-07   1.3346004e-06   2.1121258e-06   2.7063636e-04   3.8539279e-03   6.7783374e-04   1.0727331e-03   1.3745422e-01   1.9573816e+00
   8.4330124e-07   7.5880758e-06   1.3346004e-06   2.1121258e-06   2.7063636e-04   3.8539279e-03   6.7783374e-04   1.0727331e-03   1.3745422e-01   1.9573816e+00
   8.4330124e-07   9.3720332e-08   1.2008816e-05   2.1121258e-06   2.7063636e-04   3.8539279e-03   6.7783374e-04   1.0727331e-03   1.3745422e-01   1.9573816e+00
   9.3720332e-08   8.4330124e-07   1.2008816e-05   2.1121258e-06   2.7063636e-04   3.8539279e-03   6.7783374e-04   1.0727331e-03   1.3745422e-01   1.9573816e+00
   8.4330124e-07   9.3720332e-08   1.4832090e-07   1.9005036e-05   2.7063636e-04   3.8539279e-03   6.7783374e-04   1.0727331e-03   1.3745422e-01   1.9573816e+00
   9.3720332e-08   8.4330124e-07   1.4832090e-07   1.9005036e-05   2.7063636e-04   3.8539279e-03   6.7783374e-04   1.0727331e-03   1.3745422e-01   1.9573816e+00
   9.3720332e-08   1.0415614e-08   1.3346004e-06   1.9005036e-05   2.7063636e-04   3.8539279e-03   6.7783374e-04   1.0727331e-03   1.3745422e-01   1.9573816e+00
   1.0415614e-08   9.3720332e-08   1.3346004e-06   1.9005036e-05   2.7063636e-04   3.8539279e-03   6.7783374e-04   1.0727331e-03   1.3745422e-01   1.9573816e+00
   6.8277967e-05   7.5880758e-06   1.2008816e-05   1.9005036e-05   3.0077187e-05   4.7599867e-05   6.0991892e-03   1.0727331e-03   1.3745422e-01   1.9573816e+00
   7.5880758e-06   6.8277967e-05   1.2008816e-05   1.9005036e-05   3.0077187e-05   4.7599867e-05   6.0991892e-03   1.0727331e-03   1.3745422e-01   1.9573816e+00
   7.5880758e-06   8.4330124e-07   1.0805605e-04   1.9005036e-05   3.0077187e-05   4.7599867e-05   6.0991892e-03   1.0727331e-03   1.3745422e-01   1.9573816e+00
   8.4330124e-07   7.5880758e-06   1.0805605e-04   1.9005036e-05   3.0077187e-05   4.7599867e-05   6.0991892e-03   1.0727331e-03   1.3745422e-01   1.9573816e+00
   7.5880758e-06   8.4330124e-07   1.3346004e-06   1.7100847e-04   3.0077187e-05   4.7599867e-05   6.0991892e-03   1.0727331e-03   1.3745422e-01   1.9573816e+00
   8.4330124e-07   7.5880758e-06   1.3346004e-06   1.7100847e-04   3.0077187e-05   4.7599867e-05   6.0991892e-03   1.0727331e-03   1.3745422e-01   1.9573816e+00
   8.4330124e-07   9.3720332e-08   1.2008816e-05   1.7100847e-04   3.0077187e-05   4.7599867e-05   6.0991892e-03   1.0727331e-03   1.3745422e-01   1.9573816e+00
   9.3720332e-08   8.4330124e-07   1.2008816e-05   1.7100847e-04   3.0077187e-05   4.7599867e-05   6.0991892e-03   1.0727331e-03   1.3745422e-01   1.9573816e+00
   7.5880758e-06   8.4330124e-07   1.3346004e-06   2.1121258e-06   2.7063636e-04   4.7599867e-05   6.0991892e-03   1.0727331e-03   1.3745422e-01   1.9573816e+00
   8.4330124e-07   7.5880758e-06   1.3346004e-06   2.1121258e-06   2.7063636e-04   4.7599867e-05   6.0991892e-03   1.0727331e-03   1.3745422e-01   1.9573816e+00
   8.4330124e-07   9.3720332e-08   1.2008816e-05   2.1121258e-06   2.7063636e-04   4.7599867e-05   6.0991892e-03   1.0727331e-03   1.3745422e-01   1.9573816e+00
   9.3720332e-08   8.4330124e-07   1.2008816e-05   2.1121258e-06   2.7063636e-04   4.7599867e-05   6.0991892e-03   1.0727331e-03   1.3745422e-01   1.9573816e+00
   8.4330124e-07   9.3720332e-08   1.4832090e-07   1.9005036e-05   2.7063636e-04   4.7599867e-05   6.0991892e-03   1.0727331e-03   1.3745422e-01   1.9573816e+00
   9.3720332e-08   8.4330124e-07   1.4832090e-07   1.9005036e-05   2.7063636e-04   4.7599867e-05   6.0991892e-03   1.0727331e-03   1.3745422e-01   1.9573816e+00
   9.3720332e-08   1.0415614e-08   1.3346004e-06   1.9005036e-05   2.7063636e-04   4.7599867e-05   6.0991892e-03   1.0727331e-03   1.3745422e-01   1.9573816e+00
   1.0415614e-08   9.3720332e-08   1.3346004e-06   1.9005036e-05   2.7063636e-04   4.7599867e-05   6.0991892e-03   1.0727331e-03   1.3745422e-01   1.9573816e+00
   7.5880758e-06   8.4330124e-07   1.3346004e-06   2.1121258e-06   3.3426299e-06   4.2830650e-04   6.0991892e-03   1.0727331e-03   1.3745422e-01   1.9573816e+00
   8.4330124e-07   7.5880758e-06   1.3346004e-06   2.1121258e-06   3.3426299e-06   4.2830650e-04   6.0991892e-03   1.0727331e-03   1.3745422e-01   1.9573816e+00
   8.4330124e-07   9.3720332e-08   1.2008816e-05   2.1121258e-06   3.3426299e-06   4.2830650e-04   6.0991892e-03   1.0727331e-03   1.3745422e-01   1.9573816e+00
   9.3720332e-08   8.4330124e-07   1.2008816e-05   2.1121258e-06   3.3426299e-06   4.2830650e-04   6.0991892e-03   1.0727331e-03   1.3745422e-01   1.9573816e+00
   8.4330124e-07   9.3720332e-08   1.4832090e-07   1.9005036e-05   3.3426299e-06   4.2830650e-04   6.0991892e-03   1.0727331e-03   1.3745422e-01   1.9573816e+00
   9.3720332e-08   8.4330124e-07   1.4832090e-07   1.9005036e-05   3.3426299e-06   4.2830650e-04   6.0991892e-03   1.0727331e-03   1.3745422e-01   1.9573816e+00
   9.3720332e-08   1.0415614e-08   1.3346004e-06   1.9005036e-05   3.3426299e-06   4.2830650e-04   6.0991892e-03   1.0727331e-03   1.3745422e-01   1.9573816e+00
   1.0415614e-08   9.3720332e-08   1.3346004e-06   1.9005036e-05   3.3426299e-06   4.2830650e-04   6.0991892e-03   1.0727331e-03   1.3745422e-01   1.9573816e+00
   8.4330124e-07   9.3720332e-08   1.4832090e-07   2.3473122e-07   3.0077187e-05   4.2830650e-04   6.0991892e-03   1.0727331e-03   1.3745422e-01   1.9573816e+00
   9.3720332e-08   8.4330124e-07   1.4832090e-07   2.3473122e-07   3.0077187e-05   4.2830650e-04   6.0991892e-03   1.0727331e-03   1.3745422e-01   1.9573816e+00
   9.3720332e-08   1.0415614e-08   1.3346004e-06   2.3473122e-07   3.0077187e-05   4.2830650e-04   6.0991892e-03   1.0727331e-03   1.3745422e-01   1.9573816e+00
   1.0415614e-08   9.3720332e-08   1.3346004e-06   2.3473122e-07   3.0077187e-05   4.2830650e-04   6.0991892e-03   1.0727331e-03   1.3745422e-01   1.9573816e+00
   9.3720332e-08   1.0415614e-08   1.6483651e-08   2.1121258e-06   3.0077187e-05   4.2830650e-04   6.0991892e-03   1.0727331e-03   1.3745422e-01   1.9573816e+00
   1.0415614e-08   9.3720332e-08   1.6483651e-08   2.1121258e-06   3.0077187e-05   4.2830650e-04   6.0991892e-03   1.0727331e-03   1.3745422e-01   1.9573816e+00
   1.0415614e-08   1.1575399e-09   1.4832090e-07   2.1121258e-06   3.0077187e-05   4.2830650e-04   6.0991892e-03   1.0727331e-03   1.3745422e-01   1.9573816e+00
   1.1575399e-09   1.0415614e-08   1.4832090e-07   2.1121258e-06   3.0077187e-05   4.2830650e-04   6.0991892e-03   1.0727331e-03   1.3745422e-01   1.9573816e+00
   6.8277967e-05   7.5880758e-06   1.2008816e-05   1.9005036e-05   3.0077187e-05   4.7599867e-05   7.5331091e-05   9.6525181e-03   1.3745422e-01   1.9573816e+00
   7.5880758e-06   6.8277967e-05   1.2008816e-05   1.9005036e-05   3.0077187e-05   4.7599867e-05   7.5331091e-05   9.6525181e-03   1.3745422e-01   1.9573816e+00
   7.5880758e-06   8.4330124e-07   1.0805605e-04   1.9005036e-05   3.0077187e-05   4.7599867e-05   7.5331091e-05   9.6525181e-03   1.3745422e-01   1.9573816e+00
   8.4330124e-07   7.5880758e-06   1.0805605e-04   1.9005036e-05   3.0077187e-05   4.7599867e-05   7.5331091e-05   9.6525181e-03   1.3745422e-01   1.9573816e+00
   7.5880758e-06   8.4330124e-07   1.3346004e-06   1.7100847e-04   3.0077187e-05   4.7599867e-05   7.5331091e-05   9.6525181e-03   1.3745422e-01   1.9573816e+00
   8.4330124e-07   7.5880758e-06   1.3346004e-06   1.7100847e-04   3.0077187e-05   4.7599867e-05   7.5331091e-05   9.6525181e-03   1.3745422e-01   1.9573816e+00
   8.4330124e-07   9.3720332e-08   1.2008816e-05   1.7100847e-04   3.0077187e-05   4.7599867e-05   7.5331091e-05   9.6525181e-03   1.3745422e-01   1.9573816e+00
   9.3720332e-08   8.4330124e-07   1.2008816e-05   1.7100847e-04   3.0077187e-05   4.7599867e-05   7.5331091e-05   9.6525181e-03   1.3745422e-01   1.9573816e+00
   7.5880758e-06   8.4330124e-07   1.3346004e-06   2.1121258e-06   2.7063636e-04   4.7599867e-05   7.5331091e-05   9.6525181e-03   1.3745422e-01   1.9573816e+00
   8.4330124e-07   7.5880758e-06   1.3346004e-06   2.1121258e-06   2.7063636e-04   4.7599867e-05   7.5331091e-05   9.6525181e-03   1.3745422e-01   1.9573816e+00
   8.4330124e-07   9.3720332e-08   1.2008816e-05   2.1121258e-06   2.7063636e-04   4.7599867e-05   7.5331091e-05   9.6525181e-03   1.3745422e-01   1.9573816e+00
   9.3720332e-08   8.4330124e-07   1.2008816e-05   2.1121258e-06   2.7063636e-04   4.7599867e-05   7.5331091e-05   9.6525181e-03   1.3745422e-01   1.9573816e+00
   8.4330124e-07   9.3720332e-08   1.4832090e-07   1.9005036e-05   2.7063636e-04   4.7599867e-05   7.5331091e-05   9.6525181e-03   1.3745422e-01   1.9573816e+00
   9.3720332e-08   8.4330124e-07   1.4832090e-07   1.9005036e-05   2.7063636e-04   4.7599867e-05   7.5331091e-05   9.6525181e-03   1.3745422e-01   1.9573816e+00
   9.3720332e-08   1.0415614e-08   1.3346004e-06   1.9005036e-05   2.7063636e-04   4.7599867e-05   7.5331091e-05   9.6525181e-03   1.3745422e-01   1.9573816e+00
   1.0415614e-08   9.3720332e-08   1.3346004e-06   1.9005036e-05   2.7063636e-04   4.7599867e-05   7.5331091e-05   9.6525181e-03   1.3745422e-01   1.9573816e+00
   7.5880758e-06   8.4330124e-07   1.3346004e-06   2.1121258e-06   3.3426299e-06   4.2830650e-04   7.5331091e-05   9.6525181e-03   1.3745422e-01   1.9573816e+00
   8.4330124e-07   7.5880758e-06   1.3346004e-06   2.1121258e-06   3.3426299e-06   4.2830650e-04   7.5331091e-05   9.6525181e-03   1.3745422e-01   1.9573816e+00
   8.4330124e-07   9.3720332e-08   1.2008816e-05   2.1121258e-06   3.3426299e-06   4.2830650e-04   7.5331091e-05   9.6525181e-03   1.3745422e-01   1.9573816e+00
   9.3720332e-08   8.4330124e-07   1.2008816e-05   2.1121258e-06   3.3426299e-06   4.2830650e-04   7.5331091e-05   9.6525181e-03   1.3745422e-01   1.9573816e+00
   8.4330124e-07   9.3720332e-08   1.4832090e-07   1.9005036e-05   3.3426299e-06   4.2830650e-04   7.5331091e-05   9.6525181e-03   1.3745422e-01   1.9573816e+00
   9.3720332e-08   8.4330124e-07   1.4832090e-07   1.9005036e-05   3.3426299e-06   4.2830650e-04   7.5331091e-05   9.6525181e-03   1.3745422e-01   1.9573816e+00
   9.3720332e-08   1.0415614e-08   1.3346004e-06   1.9005036e-05   3.3426299e-06   4.2830650e-04   7.5331091e-05   9.6525181e-03   1.3745422e-01   1.9573816e+00
   1.0415614e-08   9.3720332e-08   1.3346004e-06   1.9005036e-05   3.3426299e-06   4.2830650e-04   7.5331091e-05   9.6525181e-03   1.3745422e-01   1.9573816e+00
   8.4330124e-07   9.3720332e-08   1.4832090e-07   2.3473122e-07   3.0077187e-05   4.2830650e-04   7.5331091e-05   9.6525181e-03   1.3745422e-01   1.9573816e+00
   9.3720332e-08   8.4330124e-07   1.4832090e-07   2.3473122e-07   3.0077187e-05   4.2830650e-04   7.5331091e-05   9.6525181e-03   1.3745422e-01   1.9573816e+00
   9.3720332e-08   1.0415614e-08   1.3346004e-06   2.3473122e-07   3.0077187e-05   4.2830650e-04   7.5331091e-05   9.6525181e-03   1.3745422e-01   1.9573816e+00
   1.0415614e-08   9.3720332e-08   1.3346004e-06   2.3473122e-07   3.0077187e-05   4.2830650e-04   7.5331091e-05   9.6525181e-03   1.3745422e-01   1.9573816e+00
   9.3720332e-08   1.0415614e-08   1.6483651e-08   2.1121258e-06   3.0077187e-05   4.2830650e-04   7.5331091e-05   9.6525181e-03   1.3745422e-01   1.9573816e+00
   1.0415614e-08   9.3720332e-08   1.6483651e-08   2.1121258e-06   3.0077187e-05   4.2830650e-04   7.5331091e-05   9.6525181e-03   1.3745422e-01   1.9573816e+00
   1.0415614e-08   1.1575399e-09   1.4832090e-07   2.1121258e-06   3.0077187e-05   4.2830650e-04   7.5331091e-05   9.6525181e-03   1.3745422e-01   1.9573816e+00
   1.1575399e-09   1.0415614e-08   1.4832090e-07   2.1121258e-06   3.0077187e-05   4.2830650e-04   7.5331091e-05   9.6525181e-03   1.3745422e-01   1.9573816e+00
   7.5880758e-06   8.4330124e-07   1.3346004e-06   2.1121258e-06   3.3426299e-06   5.2900140e-06   6.7783374e-04   9.6525181e-03   1.3745422e-01   1.9573816e+00
   8.4330124e-07   7.5880758e-06   1.3346004e-06   2.1121258e-06   3.3426299e-06   5.2900140e-06   6.7783374e-04   9.6525181e-03   1.3745422e-01   1.9573816e+00
   8.4330124e-07   9.3720332e-08   1.2008816e-05   2.1121258e-06   3.3426299e-06   5.2900140e-06   6.7783374e-04   9.6525181e-03   1.3745422e-01   1.9573816e+00
   9.3720332e-08   8.4330124e-07   1.2008816e-05   2.1121258e-06   3.3426299e-06   5.2900140e-06   6.7783374e-04   9.6525181e-03   1.3745422e-01   1.9573816e+00
   8.4330124e-07   9.3720332e-08   1.4832090e-07   1.9005036e-05   3.3426299e-06   5.2900140e-06   6.7783374e-04   9.6525181e-03   1.3745422e-01   1.9573816e+00
   9.3720332e-08   8.4330124e-07   1.4832090e-07   1.9005036e-05   3.3426299e-06   5.2900140e-06   6.7783374e-04   9.6525181e-03   1.3745422e-01   1.9573816e+00
   9.3720332e-08   1.0415614e-08   1.3346004e-06   1.9005036e-05   3.3426299e-06   5.2900140e-06   6.7783374e-04   9.6525181e-03   1.3745422e-01   1.9573816e+00
   1.0415614e-08   9.3720332e-08   1.3346004e-06   1.9005036e-05   3.3426299e-06   5.2900140e-06   6.7783374e-04   9.6525181e-03   1.3745422e-01   1.9573816e+00
   8.4330124e-07   9.3720332e-08   1.4832090e-07   2.3473122e-07   3.0077187e-05   5.2900140e-06   6.7783374e-04   9.6525181e-03   1.3745422e-01   1.9573816e+00
   9.3720332e-08   8.4330124e-07   1.4832090e-07   2.3473122e-07   3.0077187e-05   5.2900140e-06   6.7783374e-04   9.6525181e-03   1.3745422e-01   1.9573816e+00
   9.3720332e-08   1.0415614e-08   1.3346004e-06   2.3473122e-07   3.0077187e-05   5.2900140e-06   6.7783374e-04   9.6525181e-03   1.3745422e-01   1.9573816e+00
   1.0415614e-08   9.3720332e-08   1.3346004e-06   2.3473122e-07   3.0077187e-05   5.2900140e-06   6.7783374e-04   9.6525181e-03   1.3745422e-01   1.9573816e+00
   9.3720332e-08   1.0415614e-08   1.6483651e-08   2.1121258e-06   3.0077187e-05   5.2900140e-06   6.7783374e-04   9.6525181e-03   1.3745422e-01   1.9573816e+00
   1.0415614e-08   9.3720332e-08   1.6483651e-08   2.1121258e-06   3.0077187e-05   5.2900140e-06   6.7783374e-04   9.6525181e-03   1.3745422e-01   1.9573816e+00
   1.0415614e-08   1.1575399e-09   1.4832090e-07   2.1121258e-06   3.0077187e-05   5.2900140e-06   6.7783374e-04   9.6525181e-03   1.3745422e-01   1.9573816e+00
   1.1575399e-09   1.0415614e-08   1.4832090e-07   2.1121258e-06   3.0077187e-05   5.2900140e-06   6.7783374e-04   9.6525181e-03   1.3745422e-01   1.9573816e+00
   8.4330124e-07   9.3720332e-08   1.4832090e-07   2.3473122e-07   3.7148337e-07   4.7599867e-05   6.7783374e-04   9.6525181e-03   1.3745422e-01   1.9573816e+00
   9.3720332e-08   8.4330124e-07   1.4832090e-07   2.3473122e-07   3.7148337e-07   4.7599867e-05   6.7783374e-04   9.6525181e-03   1.3745422e-01   1.9573816e+00
   9.3720332e-08   1.0415614e-08   1.3346004e-06   2.3473122e-07   3.7148337e-07   4.7599867e-05   6.7783374e-04   9.6525181e-03   1.3745422e-01   1.9573816e+00
   1.0415614e-08   9.3720332e-08   1.3346004e-06   2.3473122e-07   3.7148337e-07   4.7599867e-05   6.7783374e-04   9.6525181e-03   1.3745422e-01   1.9573816e+00
   9.3720332e-08   1.0415614e-08   1.6483651e-08   2.1121258e-06   3.7148337e-07   4.7599867e-05   6.7783374e-04   9.6525181e-03   1.3745422e-01   1.9573816e+00
   1.0415614e-08   9.3720332e-08   1.6483651e-08   2.1121258e-06   3.7148337e-07   4.7599867e-05   6.7783374e-04   9.6525181e-03   1.3745422e-01   1.9573816e+00
   1.0415614e-08   1.1575399e-09   1.4832090e-07   2.1121258e-06   3.7148337e-07   4.7599867e-05   6.7783374e-04   9.6525181e-03   1.3745422e-01   1.9573816e+00
   1.1575399e-09   1.0415614e-08   1.4832090e-07   2.1121258e-06   3.7148337e-07   4.7599867e-05   6.7783374e-04   9.6525181e-03   1.3745422e-01   1.9573816e+00
   9.3720332e-08   1.0415614e-08   1.6483651e-08   2.6086868e-08   3.3426299e-06   4.7599867e-05   6.7783374e-04   9.6525181e-03   1.3745422e-01   1.9573816e+00
   1.0415614e-08   9.3720332e-08   1.6483651e-08   2.6086868e-08   3.3426299e-06   4.7599867e-05   6.7783374e-04   9.6525181e-03   1.3745422e-01   1.9573816e+00
   1.0415614e-08   1.1575399e-09   1.4832090e-07   2.6086868e-08   3.3426299e-06   4.7599867e-05   6.7783374e-04   9.6525181e-03   1.3745422e-01   1.9573816e+00
   1.1575399e-09   1.0415614e-08   1.4832090e-07   2.6086868e-08   3.3426299e-06   4.7599867e-05   6.7783374e-04   9.6525181e-03   1.3745422e-01   1.9573816e+00
   1.0415614e-08   1.1575399e-09   1.8319115e-09   2.3473122e-07   3.3426299e-06   4.7599867e-05   6.7783374e-04   9.6525181e-03   1.3745422e-01   1.9573816e+00
   1.1575399e-09   1.0415614e-08   1.8319115e-09   2.3473122e-07   3.3426299e-06   4.7599867e-05   6.7783374e-04   9.6525181e-03   1.3745422e-01   1.9573816e+00
   1.1575399e-09   1.2864326e-10   1.6483651e-08   2.3473122e-07   3.3426299e-06   4.7599867e-05   6.7783374e-04   9.6525181e-03   1.3745422e-01   1.9573816e+00
   1.2864326e-10   1.1575399e-09   1.6483651e-08   2.3473122e-07   3.3426299e-06   4.7599867e-05   6.7783374e-04   9.6525181e-03   1.3745422e-01   1.9573816e+00
   6.1436930e-04   6.8277967e-05   1.0805605e-04   1.7100847e-04   2.7063636e-04   4.2830650e-04   6.7783374e-04   8.6853944e-02   1.5275982e-02   1.9573816e+00
   6.8277967e-05   6.1436930e-04   1.0805605e-04   1.7100847e-04   2.7063636e-04   4.2830650e-04   6.7783374e-04   8.6853944e-02   1.5275982e-02   1.9573816e+00
   6.8277967e-05   7.5880758e-06   9.7229494e-04   1.7100847e-04   2.7063636e-04   4.2830650e-04   6.7783374e-04   8.6853944e-02   1.5275982e-02   1.9573816e+00
   7.5880758e-06   6.8277967e-05   9.7229494e-04   1.7100847e-04   2.7063636e-04   4.2830650e-04   6.7783374e-04   8.6853944e-02   1.5275982e-02   1.9573816e+00
   6.8277967e-05   7.5880758e-06   1.2008816e-05   1.5387446e-03   2.7063636e-04   4.2830650e-04   6.7783374e-04   8.6853944e-02   1.5275982e-02   1.9573816e+00
   7.5880758e-06   6.8277967e-05   1.2008816e-05   1.5387446e-03   2.7063636e-04   4.2830650e-04   6.7783374e-04   8.6853944e-02   1.5275982e-02   1.9573816e+00
   7.5880758e-06   8.4330124e-07   1.0805605e-04   1.5387446e-03   2.7063636e-04   4.2830650e-04   6.7783374e-04   8.6853944e-02   1.5275982e-02   1.9573816e+00
   8.4330124e-07   7.5880758e-06   1.0805605e-04   1.5387446e-03   2.7063636e-04   4.2830650e-04   6.7783374e-04   8.6853944e-02   1.5275982e-02   1.9573816e+00
   6.8277967e-05   7.5880758e-06   1.2008816e-05   1.9005036e-05   2.4352024e-03   4.2830650e-04   6.7783374e-04   8.6853944e-02   1.5275982e-02   1.9573816e+00
   7.5880758e-06   6.8277967e-05   1.2008816e-05   1.9005036e-05   2.4352024e-03   4.2830650e-04   6.7783374e-04   8.6853944e-02   1.5275982e-02   1.9573816e+00
   7.5880758e-06   8.4330124e-07   1.0805605e-04   1.9005036e-05   2.4352024e-03   4.2830650e-04   6.7783374e-04   8.6853944e-02   1.5275982e-02   1.9573816e+00
   8.4330124e-07   7.5880758e-06   1.0805605e-04   1.9005036e-05   2.4352024e-03   4.2830650e-04   6.7783374e-04   8.6853944e-02   1.5275982e-02   1.9573816e+00
   7.5880758e-06   8.4330124e-07   1.3346004e-06   1.7100847e-04   2.4352024e-03   4.2830650e-04   6.7783374e-04   8.6853944e-02   1.5275982e-02   1.9573816e+00
   8.4330124e-07   7.5880758e-06   1.3346004e-06   1.7100847e-04   2.4352024e-03   4.2830650e-04   6.7783374e-04   8.6853944e-02   1.5275982e-02   1.9573816e+00
   8.4330124e-07   9.3720332e-08   1.2008816e-05   1.7100847e-04   2.4352024e-03   4.2830650e-04   6.7783374e-04   8.6853944e-02   1.5275982e-02   1.9573816e+00
   9.3720332e-08   8.4330124e-07   1.2008816e-05   1.7100847e-04   2.4352024e-03   4.2830650e-04   6.7783374e-04   8.6853944e-02   1.5275982e-02   1.9573816e+00
   6.8277967e-05   7.5880758e-06   1.2008816e-05   1.9005036e-05   3.0077187e-05   3.8539279e-03   6.7783374e-04   8.6853944e-02   1.5275982e-02   1.9573816e+00
   7.5880758e-06   6.8277967e-05   1.2008816e-05   1.9005036e-05   3.0077187e-05   3.8539279e-03   6.7783374e-04   8.6853944e-02   1.5275982e-02   1.9573816e+00
   7.5880758e-06   8.4330124e-07   1.0805605e-04   1.9005036e-05   3.0077187e-05   3.8539279e-03   6.7783374e-04   8.6853944e-02   1.5275982e-02   1.9573816e+00
   8.4330124e-07   7.5880758e-06   1.0805605e-04   1.9005036e-05   3.0077187e-05   3.8539279e-03   6.7783374e-04   8.6853944e-02   1.5275982e-02   1.9573816e+00
   7.5880758e-06   8.4330124e-07   1.3346004e-06   1.7100847e-04   3.0077187e-05   3.8539279e-03   6.7783374e-04   8.6853944e-02   1.5275982e-02   1.9573816e+00
   8.4330124e-07   7.5880758e-06   1.3346004e-06   1.7100847e-04   3.0077187e-05   3.8539279e-03   6.7783374e-04   8.6853944e-02   1.5275982e-02   1.9573816e+00
   8.4330124e-07   9.3720332e-08   1.2008816e-05   1.7100847e-04   3.0077187e-05   3.8539279e-03   6.7783374e-04   8.6853944e-02   1.5275982e-02   1.9573816e+00
   9.3720332e-08   8.4330124e-07   1.2008816e-05   1.7100847e-04   3.0077187e-05   3.8539279e-03   6.7783374e-04   8.6853944e-02   1.5275982e-02   1.9573816e+00
   7.5880758e-06   8.4330124e-07   1.3346004e-06   2.1121258e-06   2.7063636e-04   3.8539279e-03   6.7783374e-04   8.6853944e-02   1.5275982e-02   1.9573816e+00
   8.4330124e-07   7.5880758e-06   1.3346004e-06   2.1121258e-06   2.7063636e-04   3.8539279e-03   6.7783374e-04   8.6853944e-02   1.5275982e-02   1.9573816e+00
   8.4330124e-07   9.3720332e-08   1.2008816e-05   2.1121258e-06   2.7063636e-04   3.8539279e-03   6.7783374e-04   8.6853944e-02   1.5275982e-02   1.9573816e+00
   9.3720332e-08   8.4330124e-07   1.2008816e-05   2.1121258e-06   2.7063636e-04   3.8539279e-03   6.7783374e-04   8.6853944e-02   1.5275982e-02   1.9573816e+00
   8.4330124e-07   9.3720332e-08   1.4832090e-07   1.9005036e-05   2.7063636e-04   3.8539279e-03   6.7783374e-04   8.6853944e-02   1.5275982e-02   1.9573816e+00
   9.3720332e-08   8.4330124e-07   1.4832090e-07   1.9005036e-05   2.7063636e-04   3.8539279e-03   6.7783374e-04   8.6853944e-02   1.5275982e-02   1.9573816e+00
   9.3720332e-08   1.0415614e-08   1.3346004e-06   1.9005036e-05   2.7063636e-04   3.8539279e-03   6.7783374e-04   8.6853944e-02   1.5275982e-02   1.9573816e+00
   1.0415614e-08   9.3720332e-08   1.3346004e-06   1.9005036e-05   2.7063636e-04   3.8539279e-03   6.7783374e-04   8.6853944e-02   1.5275982e-02   1.9573816e+00
   6.8277967e-05   7.5880758e-06   1.2008816e-05   1.9005036e-05   3.0077187e-05   4.7599867e-05   6.0991892e-03   8.6853944e-02   1.5275982e-02   1.9573816e+00
   7.5880758e-06   6.8277967e-05   1.2008816e-05   1.9005036e-05   3.0077187e-05   4.7599867e-05   6.0991892e-03   8.6853944e-02   1.5275982e-02   1.9573816e+00
   7.5880758e-06   8.4330124e-07   1.0805605e-04   1.9005036e-05   3.0077187e-05   4.7599867e-05   6.0991892e-03   8.6853944e-02   1.5275982e-02   1.9573816e+00
   8.4330124e-07   7.5880758e-06   1.0805605e-04   1.9005036e-05   3.0077187e-05   4.7599867e-05   6.0991892e-03   8.6853944e-02   1.5275982e-02   1.9573816e+00
   7.5880758e-06   8.4330124e-07   1.3346004e-06   1.7100847e-04   3.0077187e-05   4.7599867e-05   6.0991892e-03   8.6853944e-02   1.5275982e-02   1.9573816e+00
   8.4330124e-07   7.5880758e-06   1.3346004e-06   1.7100847e-04   3.0077187e-05   4.7599867e-05   6.0991892e-03   8.6853944e-02   1.5275982e-02   1.9573816e+00
   8.4330124e-07   9.3720332e-08   1.2008816e-05   1.7100847e-04   3.0077187e-05   4.7599867e-05   6.0991892e-03   8.6853944e-02   1.5275982e-02   1.9573816e+00
   9.3720332e-08   8.4330124e-07   1.2008816e-05   1.7100847e-04   3.0077187e-05   4.7599867e-05   6.0991892e-03   8.6853944e-02   1.5275982e-02   1.9573816e+00
   7.5880758e-06   8.4330124e-07   1.3346004e-06   2.1121258e-06   2.7063636e-04   4.7599867e-05   6.0991892e-03   8.6853944e-02   1.5275982e-02   1.9573816e+00
   8.4330124e-07   7.5880758e-06   1.3346004e-06   2.1121258e-06   2.7063636e-04   4.7599867e-05   6.0991892e-03   8.6853944e-02   1.5275982e-02   1.9573816e+00
   8.4330124e-07   9.3720332e-08   1.2008816e-05   2.1121258e-06   2.7063636e-04   4.7599867e-05   6.0991892e-03   8.6853944e-02   1.5275982e-02   1.9573816e+00
   9.3720332e-08   8.4330124e-07   1.2008816e-05   2.1121258e-06   2.7063636e-04   4.7599867e-05   6.0991892e-03   8.6853944e-02   1.5275982e-02   1.9573816e+00
   8.4330124e-07   9.3720332e-08   1.4832090e-07   1.9005036e-05   2.7063636e-04   4.7599867e-05   6.0991892e-03   8.6853944e-02   1.5275982e-02   1.9573816e+00
   9.3720332e-08   8.4330124e-07   1.4832090e-07   1.9005036e-05   2.7063636e-04   4.7599867e-05   6.0991892e-03   8.6853944e-02   1.5275982e-02   1.9573816e+00
   9.3720332e-08   1.0415614e-08   1.3346004e-06   1.9005036e-05   2.7063636e-04   4.7599867e-05   6.0991892e-03   8.6853944e-02   1.5275982e-02   1.9573816e+00
   1.0415614e-08   9.3720332e-08   1.3346004e-06   1.9005036e-05   2.7063636e-04   4.7599867e-05   6.0991892e-03   8.6853944e-02   1.5275982e-02   1.9573816e+00
   7.5880758e-06   8.4330124e-07   1.3346004e-06   2.1121258e-06   3.3426299e-06   4.2830650e-04   6.0991892e-03   8.6853944e-02   1.5275982e-02   1.9573816e+00
   8.4330124e-07   7.5880758e-06   1.3346004e-06   2.1121258e-06   3.3426299e-06   4.2830650e-04   6.0991892e-03   8.6853944e-02   1.5275982e-02   1.9573816e+00
   8.4330124e-07   9.3720332e-08   1.2008816e-05   2.1121258e-06   3.3426299e-06   4.2830650e-04   6.0991892e-03   8.6853944e-02   1.5275982e-02   1.9573816e+00
   9.3720332e-08   8.4330124e-07   1.2008816e-05   2.1121258e-06   3.3426299e-06   4.2830650e-04   6.0991892e-03   8.6853944e-02   1.5275982e-02   1.9573816e+00
   8.4330124e-07   9.3720332e-08   1.4832090e-07   1.9005036e-05   3.3426299e-06   4.2830650e-04   6.0991892e-03   8.6853944e-02   1.5275982e-02   1.9573816e+00
   9.3720332e-08   8.4330124e-07   1.4832090e-07   1.9005036e-05   3.3426299e-06   4.2830650e-04   6.0991892e-03   8.6853944e-02   1.5275982e-02   1.9573816e+00
   9.3720332e-08   1.0415614e-08   1.3346004e-06   1.9005036e-05   3.3426299e-06   4.2830650e-04   6.0991892e-03   8.6853944e-02   1.5275982e-02   1.9573816e+00
   1.0415614e-08   9.3720332e-08   1.3346004e-06   1.9005036e-05   3.3426299e-06   4.2830650e-04   6.0991892e-03   8.6853944e-02   1.5275982e-02   1.9573816e+00
   8.4330124e-07   9.3720332e-08   1.4832090e-07   2.3473122e-07   3.0077187e-05   4.2830650e-04   6.0991892e-03   8.6853944e-02   1.5275982e-02   1.9573816e+00
   9.3720332e-08   8.4330124e-07   1.4832090e-07   2.3473122e-07   3.0077187e-05   4.2830650e-04   6.0991892e-03   8.6853944e-02   1.5275982e-02   1.9573816e+00
   9.3720332e-08   1.0415614e-08   1.3346004e-06   2.3473122e-07   3.0077187e-05   4.2830650e-04   6.0991892e-03   8.6853944e-02   1.5275982e-02   1.9573816e+00
   1.0415614e-08   9.3720332e-08   1.3346004e-06   2.3473122e-07   3.0077187e-05   4.2830650e-04   6.0991892e-03   8.6853944e-02   1.5275982e-02   1.9573816e+00
   9.3720332e-08   1.0415614e-08   1.6483651e-08   2.1121258e-06   3.0077187e-05   4.2830650e-04   6.0991892e-03   8.6853944e-02   1.5275982e-02   1.9573816e+00
   1.0415614e-08   9.3720332e-08   1.6483651e-08   2.1121258e-06   3.0077187e-05   4.2830650e-04   6.0991892e-03   8.6853944e-02   1.5275982e-02   1.9573816e+00
   1.0415614e-08   1.1575399e-09   1.4832090e-07   2.1121258e-06   3.0077187e-05   4.2830650e-04   6.0991892e-03   8.6853944e-02   1.5275982e-02   1.9573816e+00
   1.1575399e-09   1.0415614e-08   1.4832090e-07   2.1121258e-06   3.0077187e-05   4.2830650e-04   6.0991892e-03   8.6853944e-02   1.5275982e-02   1.9573816e+00
   6.1436930e-04   6.8277967e-05   1.0805605e-04   1.7100847e-04   2.7063636e-04   4.2830650e-04   5.4880875e-02   9.6525181e-03   1.5275982e-02   1.9573816e+00
   6.8277967e-05   6.1436930e-04   1.0805605e-04   1.7100847e-04   2.7063636e-04   4.2830650e-04   5.4880875e-02   9.6525181e-03   1.5275982e-02   1.9573816e+00
   6.8277967e-05   7.5880758e-06   9.7229494e-04   1.7100847e-04   2.7063636e-04   4.2830650e-04   5.4880875e-02   9.6525181e-03   1.5275982e-02   1.9573816e+00
   7.5880758e-06   6.8277967e-05   9.7229494e-04   1.7100847e-04   2.7063636e-04   4.2830650e-04   5.4880875e-02   9.6525181e-03   1.5275982e-02   1.9573816e+00
   6.8277967e-05   7.5880758e-06   1.2008816e-05   1.5387446e-03   2.7063636e-04   4.2830650e-04   5.4880875e-02   9.6525181e-03   1.5275982e-02   1.9573816e+00
   7.5880758e-06   6.8277967e-05   1.2008816e-05   1.5387446e-03   2.7063636e-04   4.2830650e-04   5.4880875e-02   9.6525181e-03   1.5275982e-02   1.9573816e+00
   7.5880758e-06   8.4330124e-07   1.0805605e-04   1.5387446e-03   2.7063636e-04   4.2830650e-04   5.4880875e-02   9.6525181e-03   1.5275982e-02   1.9573816e+00
   8.4330124e-07   7.5880758e-06   1.0805605e-04   1.5387446e-03   2.7063636e-04   4.2830650e-04   5.4880875e-02   9.6525181e-03   1.5275982e-02   1.9573816e+00
   6.8277967e-05   7.5880758e-06   1.2008816e-05   1.9005036e-05   2.4352024e-03   4.2830650e-04   5.4880875e-02   9.6525181e-03   1.5275982e-02   1.9573816e+00
   7.5880758e-06   6.8277967e-05   1.2008816e-05   1.9005036e-05   2.4352024e-03   4.2830650e-04   5.4880875e-02   9.6525181e-03   1.5275982e-02   1.9573816e+00
   7.5880758e-06   8.4330124e-07   1.0805605e-04   1.9005036e-05   2.4352024e-03   4.2830650e-04   5.4880875e-02   9.6525181e-03   1.5275982e-02   1.9573816e+00
   8.4330124e-07   7.5880758e-06   1.0805605e-04   1.9005036e-05   2.4352024e-03   4.2830650e-04   5.4880875e-02   9.6525181e-03   1.5275982e-02   1.9573816e+00
   7.5880758e-06   8.4330124e-07   1.3346004e-06   1.7100847e-04   2.4352024e-03   4.2830650e-04   5.4880875e-02   9.6525181e-03   1.5275982e-02   1.9573816e+00
   8.4330124e-07   7.5880758e-06   1.3346004e-06   1.7100847e-04   2.4352024e-03   4.2830650e-04   5.4880875e-02   9.6525181e-03   1.5275982e-02   1.9573816e+00
   8.4330124e-07   9.3720332e-08   1.2008816e-05   1.7100847e-04   2.4352024e-03   4.2830650e-04   5.4880875e-02   9.6525181e-03   1.5275982e-02   1.9573816e+00
   9.3720332e-08   8.4330124e-07   1.2008816e-05   1.7100847e-04   2.4352024e-03   4.2830650e-04   5.4880875e-02   9.6525181e-03   1.5275982e-02   1.9573816e+00
   6.8277967e-05   7.5880758e-06   1.2008816e-05   1.9005036e-05   3.0077187e-05   3.8539279e-03   5.4880875e-02   9.6525181e-03   1.5275982e-02   1.9573816e+00
   7.5880758e-06   6.8277967e-05   1.2008816e-05   1.9005036e-05   3.0077187e-05   3.8539279e-03   5.4880875e-02   9.6525181e-03   1.5275982e-02   1.9573816e+00
   7.5880758e-06   8.4330124e-07   1.0805605e-04   1.9005036e-05   3.0077187e-05   3.8539279e-03   5.4880875e-02   9.6525181e-03   1.5275982e-02   1.9573816e+00
   8.4330124e-07   7.5880758e-06   1.0805605e-04   1.9005036e-05   3.0077187e-05   3.8539279e-03   5.4880875e-02   9.6525181e-03   1.5275982e-02   1.9573816e+00
   7.5880758e-06   8.4330124e-07   1.3346004e-06   1.7100847e-04   3.0077187e-05   3.8539279e-03   5.4880875e-02   9.6525181e-03   1.5275982e-02   1.9573816e+00
   8.4330124e-07   7.5880758e-06   1.3346004e-06   1.7100847e-04   3.0077187e-05   3.8539279e-03   5.4880875e-02   9.6525181e-03   1.5275982e-02   1.9573816e+00
   8.4330124e-07   9.3720332e-08   1.2008816e-05   1.7100847e-04   3.0077187e-05   3.8539279e-03   5.4880875e-02   9.6525181e-03   1.5275982e-02   1.9573816e+00
   9.3720332e-08   8.4330124e-07   1.2008816e-05   1.7100847e-04   3.0077187e-05   3.8539279e-03   5.4880875e-02   9.6525181e-03   1.5275982e-02   1.9573816e+00
   7.5880758e-06   8.4330124e-07   1.3346004e-06   2.1121258e-06   2.7063636e-04   3.8539279e-03   5.4880875e-02   9.6525181e-03   1.5275982e-02   1.9573816e+00
   8.4330124e-07   7.5880758e-06   1.3346004e-06   2.1121258e-06   2.7063636e-04   3.8539279e-03   5.4880875e-02   9.6525181e-03   1.5275982e-02   1.9573816e+00
   8.4330124e-07   9.3720332e-08   1.2008816e-05   2.1121258e-06   2.7063636e-04   3.8539279e-03   5.4880875e-02   9.6525181e-03   1.5275982e-02   1.9573816e+00
   9.3720332e-08   8.4330124e-07   1.2008816e-05   2.1121258e-06   2.7063636e-04   3.8539279e-03   5.4880875e-02   9.6525181e-03   1.5275982e-02   1.9573816e+00
   8.4330124e-07   9.3720332e-08   1.4832090e-07   1.9005036e-05   2.7063636e-04   3.8539279e-03   5.4880875e-02   9.6525181e-03   1.5275982e-02   1.9573816e+00
   9.3720332e-08   8.4330124e-07   1.4832090e-07   1.9005036e-05   2.7063636e-04   3.8539279e-03   5.4880875e-02   9.6525181e-03   1.5275982e-02   1.9573816e+00
   9.3720332e-08   1.0415614e-08   1.3346004e-06   1.9005036e-05   2.7063636e-04   3.8539279e-03   5.4880875e-02   9.6525181e-03   1.5275982e-02   1.9573816e+00
   1.0415614e-08   9.3720332e-08   1.3346004e-06   1.9005036e-05   2.7063636e-04   3.8539279e-03   5.4880875e-02   9.6525181e-03   1.5275982e-02   1.9573816e+00
   6.1436930e-04   6.8277967e-05   1.0805605e-04   1.7100847e-04   2.7063636e-04   3.4677877e-02   6.0991892e-03   9.6525181e-03   1.5275982e-02   1.9573816e+00
   6.8277967e-05   6.1436930e-04   1.0805605e-04   1.7100847e-04   2.7063636e-04   3.4677877e-02   6.0991892e-03   9.6525181e-03   1.5275982e-02   1.9573816e+00
   6.8277967e-05   7.5880758e-06   9.7229494e-04   1.7100847e-04   2.7063636e-04   3.4677877e-02   6.0991892e-03   9.6525181e-03   1.5275982e-02   1.9573816e+00
   7.5880758e-06   6.8277967e-05   9.7229494e-04   1.7100847e-04   2.7063636e-04   3.4677877e-02   6.0991892e-03   9.6525181e-03   1.5275982e-02   1.9573816e+00
   6.8277967e-05   7.5880758e-06   1.2008816e-05   1.5387446e-03   2.7063636e-04   3.4677877e-02   6.0991892e-03   9.6525181e-03   1.5275982e-02   1.9573816e+00
   7.5880758e-06   6.8277967e-05   1.2008816e-05   1.5387446e-03   2.7063636e-04   3.4677877e-02   6.0991892e-03   9.6525181e-03   1.5275982e-02   1.9573816e+00
   7.5880758e-06   8.4330124e-07   1.0805605e-04   1.5387446e-03   2.7063636e-04   3.4677877e-02   6.0991892e-03   9.6525181e-03   1.5275982e-02   1.9573816e+00
   8.4330124e-07   7.5880758e-06   1.0805605e-04   1.5387446e-03   2.7063636e-04   3.4677877e-02   6.0991892e-03   9.6525181e-03   1.5275982e-02   1.9573816e+00
   6.8277967e-05   7.5880758e-06   1.2008816e-05   1.9005036e-05   2.4352024e-03   3.4677877e-02   6.0991892e-03   9.6525181e-03   1.5275982e-02   1.9573816e+00
   7.5880758e-06   6.8277967e-05   1.2008816e-05   1.9005036e-05   2.4352024e-03   3.4677877e-02   6.0991892e-03   9.6525181e-03   1.5275982e-02   1.9573816e+00
   7.5880758e-06   8.4330124e-07   1.0805605e-04   1.9005036e-05   2.4352024e-03   3.4677877e-02   6.0991892e-03   9.6525181e-03   1.5275982e-02   1.9573816e+00
   8.4330124e-07   7.5880758e-06   1.0805605e-04   1.9005036e-05   2.4352024e-03   3.4677877e-02   6.0991892e-03   9.6525181e-03   1.5275982e-02   1.9573816e+00
   7.5880758e-06   8.4330124e-07   1.3346004e-06   1.7100847e-04   2.4352024e-03   3.4677877e-02   6.0991892e-03   9.6525181e-03   1.5275982e-02   1.9573816e+00
   8.4330124e-07   7.5880758e-06   1.3346004e-06   1.7100847e-04   2.4352024e-03   3.4677877e-02   6.0991892e-03   9.6525181e-03   1.5275982e-02   1.9573816e+00
   8.4330124e-07   9.3720332e-08   1.2008816e-05   1.7100847e-04   2.4352024e-03   3.4677877e-02   6.0991892e-03   9.6525181e-03   1.5275982e-02   1.9573816e+00
   9.3720332e-08   8.4330124e-07   1.2008816e-05   1.7100847e-04   2.4352024e-03   3.4677877e-02   6.0991892e-03   9.6525181e-03   1.5275982e-02   1.9573816e+00
   6.1436930e-04   6.8277967e-05   1.0805605e-04   1.7100847e-04   2.1912099e-02   3.8539279e-03   6.0991892e-03   9.6525181e-03   1.5275982e-02   1.9573816e+00
   6.8277967e-05   6.1436930e-04   1.0805605e-04   1.7100847e-04   2.1912099e-02   3.8539279e-03   6.0991892e-03   9.6525181e-03   1.5275982e-02   1.9573816e+00
   6.8277967e-05   7.5880758e-06   9.7229494e-04   1.7100847e-04   2.1912099e-02   3.8539279e-03   6.0991892e-03   9.6525181e-03   1.5275982e-02   1.9573816e+00
   7.5880758e-06   6.8277967e-05   9.7229494e-04   1.7100847e-04   2.1912099e-02   3.8539279e-03   6.0991892e-03   9.6525181e-03   1.5275982e-02   1.9573816e+00
   6.8277967e-05   7.5880758e-06   1.2008816e-05   1.5387446e-03   2.1912099e-02   3.8539279e-03   6.0991892e-03   9.6525181e-03   1.5275982e-02   1.9573816e+00
   7.5880758e-06   6.8277967e-05   1.2008816e-05   1.5387446e-03   2.1912099e-02   3.8539279e-03   6.0991892e-03   9.6525181e-03   1.5275982e-02   1.9573816e+00
   7.5880758e-06   8.4330124e-07   1.0805605e-04   1.5387446e-03   2.1912099e-02   3.8539279e-03   6.0991892e-03   9.6525181e-03   1.5275982e-02   1.9573816e+00
   8.4330124e-07   7.5880758e-06   1.0805605e-04   1.5387446e-03   2.1912099e-02   3.8539279e-03   6.0991892e-03   9.6525181e-03   1.5275982e-02   1.9573816e+00
   6.1436930e-04   6.8277967e-05   1.0805605e-04   1.3845718e-02   2.4352024e-03   3.8539279e-03   6.0991892e-03   9.6525181e-03   1.5275982e-02   1.9573816e+00
   6.8277967e-05   6.1436930e-04   1.0805605e-04   1.3845718e-02   2.4352024e-03   3.8539279e-03   6.0991892e-03   9.6525181e-03   1.5275982e-02   1.9573816e+00
   6.8277967e-05   7.5880758e-06   9.7229494e-04   1.3845718e-02   2.4352024e-03   3.8539279e-03   6.0991892e-03   9.6525181e-03   1.5275982e-02   1.9573816e+00
   7.5880758e-06   6.8277967e-05   9.7229494e-04   1.3845718e-02   2.4352024e-03   3.8539279e-03   6.0991892e-03   9.6525181e-03   1.5275982e-02   1.9573816e+00
   6.1436930e-04   6.8277967e-05   8.7487689e-03   1.5387446e-03   2.4352024e-03   3.8539279e-03   6.0991892e-03   9.6525181e-03   1.5275982e-02   1.9573816e+00
   6.8277967e-05   6.1436930e-04   8.7487689e-03   1.5387446e-03   2.4352024e-03   3.8539279e-03   6.0991892e-03   9.6525181e-03   1.5275982e-02   1.9573816e+00
   6.1436930e-04   5.5281323e-03   9.7229494e-04   1.5387446e-03   2.4352024e-03   3.8539279e-03   6.0991892e-03   9.6525181e-03   1.5275982e-02   1.9573816e+00
   5.5281323e-03   6.1436930e-04   9.7229494e-04   1.5387446e-03   2.4352024e-03   3.8539279e-03   6.0991892e-03   9.6525181e-03   1.5275982e-02   1.9573816e+00
   5.5281323e-03   6.1436930e-04   9.7229494e-04   1.5387446e-03   2.4352024e-03   3.8539279e-03   6.0991892e-03   9.6525181e-03   1.2368214e+00   2.1753372e-01
   6.1436930e-04   5.5281323e-03   9.7229494e-04   1.5387446e-03   2.4352024e-03   3.8539279e-03   6.0991892e-03   9.6525181e-03   1.2368214e+00   2.1753372e-01
   6.1436930e-04   6.8277967e-05   8.7487689e-03   1.5387446e-03   2.4352024e-03   3.8539279e-03   6.0991892e-03   9.6525181e-03   1.2368214e+00   2.1753372e-01
   6.8277967e-05   6.1436930e-04   8.7487689e-03   1.5387446e-03   2.4352024e-03   3.8539279e-03   6.0991892e-03   9.6525181e-03   1.2368214e+00   2.1753372e-01
   6.1436930e-04   6.8277967e-05   1.0805605e-04   1.3845718e-02   2.4352024e-03   3.8539279e-03   6.0991892e-03   9.6525181e-03   1.2368214e+00   2.1753372e-01
   6.8277967e-05   6.1436930e-04   1.0805605e-04   1.3845718e-02   2.4352024e-03   3.8539279e-03   6.0991892e-03   9.6525181e-03   1.2368214e+00   2.1753372e-01
   6.8277967e-05   7.5880758e-06   9.7229494e-04   1.3845718e-02   2.4352024e-03   3.8539279e-03   6.0991892e-03   9.6525181e-03   1.2368214e+00   2.1753372e-01
   7.5880758e-06   6.8277967e-05   9.7229494e-04   1.3845718e-02   2.4352024e-03   3.8539279e-03   6.0991892e-03   9.6525181e-03   1.2368214e+00   2.1753372e-01
   6.1436930e-04   6.8277967e-05   1.0805605e-04   1.7100847e-04   2.1912099e-02   3.8539279e-03   6.0991892e-03   9.6525181e-03   1.2368214e+00   2.1753372e-01
   6.8277967e-05   6.1436930e-04   1.0805605e-04   1.7100847e-04   2.1912099e-02   3.8539279e-03   6.0991892e-03   9.6525181e-03   1.2368214e+00   2.1753372e-01
   6.8277967e-05   7.5880758e-06   9.7229494e-04   1.7100847e-04   2.1912099e-02   3.8539279e-03   6.0991892e-03   9.6525181e-03   1.2368214e+00   2.1753372e-01
   7.5880758e-06   6.8277967e-05   9.7229494e-04   1.7100847e-04   2.1912099e-02   3.8539279e-03   6.0991892e-03   9.6525181e-03   1.2368214e+00   2.1753372e-01
   6.8277967e-05   7.5880758e-06   1.2008816e-05   1.5387446e-03   2.1912099e-02   3.8539279e-03   6.0991892e-03   9.6525181e-03   1.2368214e+00   2.1753372e-01
   7.5880758e-06   6.8277967e-05   1.2008816e-05   1.5387446e-03   2.1912099e-02   3.8539279e-03   6.0991892e-03   9.6525181e-03   1.2368214e+00   2.1753372e-01
   7.5880758e-06   8.4330124e-07   1.0805605e-04   1.5387446e-03   2.1912099e-02   3.8539279e-03   6.0991892e-03   9.6525181e-03   1.2368214e+00   2.1753372e-01
   8.4330124e-07   7.5880758e-06   1.0805605e-04   1.5387446e-03   2.1912099e-02   3.8539279e-03   6.0991892e-03   9.6525181e-03   1.2368214e+00   2.1753372e-01
   6.1436930e-04   6.8277967e-05   1.0805605e-04   1.7100847e-04   2.7063636e-04   3.4677877e-02   6.0991892e-03   9.6525181e-03   1.2368214e+00   2.1753372e-01
   6.8277967e-05   6.1436930e-04   1.0805605e-04   1.7100847e-04   2.7063636e-04   3.4677877e-02   6.0991892e-03   9.6525181e-03   1.2368214e+00   2.1753372e-01
   6.8277967e-05   7.5880758e-06   9.7229494e-04   1.7100847e-04   2.7063636e-04   3.4677877e-02   6.0991892e-03   9.6525181e-03   1.2368214e+00   2.1753372e-01
   7.5880758e-06   6.8277967e-05   9.7229494e-04   1.7100847e-04   2.7063636e-04   3.4677877e-02   6.0991892e-03   9.6525181e-03   1.2368214e+00   2.1753372e-01
   6.8277967e-05   7.5880758e-06   1.2008816e-05   1.5387446e-03   2.7063636e-04   3.4677877e-02   6.0991892e-03   9.6525181e-03   1.2368214e+00   2.1753372e-01
   7.5880758e-06   6.8277967e-05   1.2008816e-05   1.5387446e-03   2.7063636e-04   3.4677877e-02   6.0991892e-03   9.6525181e-03   1.2368214e+00   2.1753372e-01
   7.5880758e-06   8.4330124e-07   1.0805605e-04   1.5387446e-03   2.7063636e-04   3.4677877e-02   6.0991892e-03   9.6525181e-03   1.2368214e+00   2.1753372e-01
   8.4330124e-07   7.5880758e-06   1.0805605e-04   1.5387446e-03   2.7063636e-04   3.4677877e-02   6.0991892e-03   9.6525181e-03   1.2368214e+00   2.1753372e-01
   6.8277967e-05   7.5880758e-06   1.2008816e-05   1.9005036e-05   2.4352024e-03   3.4677877e-02   6.0991892e-03   9.6525181e-03   1.2368214e+00   2.1753372e-01
   7.5880758e-06   6.8277967e-05   1.2008816e-05   1.9005036e-05   2.4352024e-03   3.4677877e-02   6.0991892e-03   9.6525181e-03   1.2368214e+00   2.1753372e-01
   7.5880758e-06   8.4330124e-07   1.0805605e-04   1.9005036e-05   2.4352024e-03   3.4677877e-02   6.0991892e-03   9.6525181e-03   1.2368214e+00   2.1753372e-01
   8.4330124e-07   7.5880758e-06   1.0805605e-04   1.9005036e-05   2.4352024e-03   3.4677877e-02   6.0991892e-03   9.6525181e-03   1.2368214e+00   2.1753372e-01
   7.5880758e-06   8.4330124e-07   1.3346004e-06   1.7100847e-04   2.4352024e-03   3.4677877e-02   6.0991892e-03   9.6525181e-03   1.2368214e+00   2.1753372e-01
   8.4330124e-07   7.5880758e-06   1.3346004e-06   1.7100847e-04   2.4352024e-03   3.4677877e-02   6.0991892e-03   9.6525181e-03   1.2368214e+00   2.1753372e-01
   8.4330124e-07   9.3720332e-08   1.2008816e-05   1.7100847e-04   2.4352024e-03   3.4677877e-02   6.0991892e-03   9.6525181e-03   1.2368214e+00   2.1753372e-01
   9.3720332e-08   8.4330124e-07   1.2008816e-05   1.7100847e-04   2.4352024e-03   3.4677877e-02   6.0991892e-03   9.6525181e-03   1.2368214e+00   2.1753372e-01
   6.1436930e-04   6.8277967e-05   1.0805605e-04   1.7100847e-04   2.7063636e-04   4.2830650e-04   5.4880875e-02   9.6525181e-03   1.2368214e+00   2.1753372e-01
   6.8277967e-05   6.1436930e-04   1.0805605e-04   1.7100847e-04   2.7063636e-04   4.2830650e-04   5.4880875e-02   9.6525181e-03   1.2368214e+00   2.1753372e-01
   6.8277967e-05   7.5880758e-06   9.7229494e-04   1.7100847e-04   2.7063636e-04   4.2830650e-04   5.4880875e-02   9.6525181e-03   1.2368214e+00   2.1753372e-01
   7.5880758e-06   6.8277967e-05   9.7229494e-04   1.7100847e-04   2.7063636e-04   4.2830650e-04   5.4880875e-02   9.6525181e-03   1.2368214e+00   2.1753372e-01
   6.8277967e-05   7.5880758e-06   1.2008816e-05   1.5387446e-03   2.7063636e-04   4.2830650e-04   5.4880875e-02   9.6525181e-03   1.2368214e+00   2.1753372e-01
   7.5880758e-06   6.8277967e-05   1.2008816e-05   1.5387446e-03   2.7063636e-04   4.2830650e-04   5.4880875e-02   9.6525181e-03   1.2368214e+00   2.1753372e-01
   7.5880758e-06   8.4330124e-07   1.0805605e-04   1.5387446e-03   2.7063636e-04   4.2830650e-04   5.4880875e-02   9.6525181e-03   1.2368214e+00   2.1753372e-01
   8.4330124e-07   7.5880758e-06   1.0805605e-04   1.5387446e-03   2.7063636e-04   4.2830650e-04   5.4880875e-02   9.6525181e-03   1.2368214e+00   2.1753372e-01
   6.8277967e-05   7.5880758e-06   1.2008816e-05   1.9005036e-05   2.4352024e-03   4.2830650e-04   5.4880875e-02   9.6525181e-03   1.2368214e+00   2.1753372e-01
   7.5880758e-06   6.8277967e-05   1.2008816e-05   1.9005036e-05   2.4352024e-03   4.2830650e-04   5.4880875e-02   9.6525181e-03   1.2368214e+00   2.1753372e-01
   7.5880758e-06   8.4330124e-07   1.0805605e-04   1.9005036e-05   2.4352024e-03   4.2830650e-04   5.4880875e-02   9.6525181e-03   1.2368214e+00   2.1753372e-01
   8.4330124e-07   7.5880758e-06   1.0805605e-04   1.9005036e-05   2.4352024e-03   4.2830650e-04   5.4880875e-02   9.6525181e-03   1.2368214e+00   2.1753372e-01
   7.5880758e-06   8.4330124e-07   1.3346004e-06   1.7100847e-04   2.4352024e-03   4.2830650e-04   5.4880875e-02   9.6525181e-03   1.2368214e+00   2.1753372e-01
   8.4330124e-07   7.5880758e-06   1.3346004e-06   1.7100847e-04   2.4352024e-03   4.2830650e-04   5.4880875e-02   9.6525181e-03   1.2368214e+00   2.1753372e-01
   8.4330124e-07   9.3720332e-08   1.2008816e-05   1.7100847e-04   2.4352024e-03   4.2830650e-04   5.4880875e-02   9.6525181e-03   1.2368214e+00   2.1753372e-01
   9.3720332e-08   8.4330124e-07   1.2008816e-05   1.7100847e-04   2.4352024e-03   4.2830650e-04   5.4880875e-02   9.6525181e-03   1.2368214e+00   2.1753372e-01
   6.8277967e-05   7.5880758e-06   1.2008816e-05   1.9005036e-05   3.0077187e-05   3.8539279e-03   5.4880875e-02   9.6525181e-03   1.2368214e+00   2.1753372e-01
   7.5880758e-06   6.8277967e-05   1.2008816e-05   1.9005036e-05   3.0077187e-05   3.8539279e-03   5.4880875e-02   9.6525181e-03   1.2368214e+00   2.1753372e-01
   7.5880758e-06   8.4330124e-07   1.0805605e-04   1.9005036e-05   3.0077187e-05   3.8539279e-03   5.4880875e-02   9.6525181e-03   1.2368214e+00   2.1753372e-01
   8.4330124e-07   7.5880758e-06   1.0805605e-04   1.9005036e-05   3.0077187e-05   3.8539279e-03   5.4880875e-02   9.6525181e-03   1.2368214e+00   2.1753372e-01
   7.5880758e-06   8.4330124e-07   1.3346004e-06   1.7100847e-04   3.0077187e-05   3.8539279e-03   5.4880875e-02   9.6525181e-03   1.2368214e+00   2.1753372e-01
   8.4330124e-07   7.5880758e-06   1.3346004e-06   1.7100847e-04   3.0077187e-05   3.8539279e-03   5.4880875e-02   9.6525181e-03   1.2368214e+00   2.1753372e-01
   8.4330124e-07   9.3720332e-08   1.2008816e-05   1.7100847e-04   3.0077187e-05   3.8539279e-03   5.4880875e-02   9.6525181e-03   1.2368214e+00   2.1753372e-01
   9.3720332e-08   8.4330124e-07   1.2008816e-05   1.7100847e-04   3.0077187e-05   3.8539279e-03   5.4880875e-02   9.6525181e-03   1.2368214e+00   2.1753372e-01
   7.5880758e-06   8.4330124e-07   1.3346004e-06   2.1121258e-06   2.7063636e-04   3.8539279e-03   5.4880875e-02   9.6525181e-03   1.2368214e+00   2.1753372e-01
   8.4330124e-07   7.5880758e-06   1.3346004e-06   2.1121258e-06   2.7063636e-04   3.8539279e-03   5.4880875e-02   9.6525181e-03   1.2368214e+00   2.1753372e-01
   8.4330124e-07   9.3720332e-08   1.2008816e-05   2.1121258e-06   2.7063636e-04   3.8539279e-03   5.4880875e-02   9.6525181e-03   1.2368214e+00   2.1753372e-01
   9.3720332e-08   8.4330124e-07   1.2008816e-05   2.1121258e-06   2.7063636e-04   3.8539279e-03   5.4880875e-02   9.6525181e-03   1.2368214e+00   2.1753372e-01
   8.4330124e-07   9.3720332e-08   1.4832090e-07   1.9005036e-05   2.7063636e-04   3.8539279e-03   5.4880875e-02   9.6525181e-03   1.2368214e+00   2.1753372e-01
   9.3720332e-08   8.4330124e-07   1.4832090e-07   1.9005036e-05   2.7063636e-04   3.8539279e-03   5.4880875e-02   9.6525181e-03   1.2368214e+00   2.1753372e-01
   9.3720332e-08   1.0415614e-08   1.3346004e-06   1.9005036e-05   2.7063636e-04   3.8539279e-03   5.4880875e-02   9.6525181e-03   1.2368214e+00   2.1753372e-01
   1.0415614e-08   9.3720332e-08   1.3346004e-06   1.9005036e-05   2.7063636e-04   3.8539279e-03   5.4880875e-02   9.6525181e-03   1.2368214e+00   2.1753372e-01
   6.1436930e-04   6.8277967e-05   1.0805605e-04   1.7100847e-04   2.7063636e-04   4.2830650e-04   6.7783374e-04   8.6853944e-02   1.2368214e+00   2.1753372e-01
   6.8277967e-05   6.1436930e-04   1.0805605e-04   1.7100847e-04   2.7063636e-04   4.2830650e-04   6.7783374e-04   8.6853944e-02   1.2368214e+00   2.1753372e-01
   6.8277967e-05   7.5880758e-06   9.7229494e-04   1.7100847e-04   2.7063636e-04   4.2830650e-04   6.7783374e-04   8.6853944e-02   1.2368214e+00   2.1753372e-01
   7.5880758e-06   6.8277967e-05   9.7229494e-04   1.7100847e-04   2.7063636e-04   4.2830650e-04   6.7783374e-04   8.6853944e-02   1.2368214e+00   2.1753372e-01
   6.8277967e-05   7.5880758e-06   1.2008816e-05   1.5387446e-03   2.7063636e-04   4.2830650e-04   6.7783374e-04   8.6853944e-02   1.2368214e+00   2.1753372e-01
   7.5880758e-06   6.8277967e-05   1.2008816e-05   1.5387446e-03   2.7063636e-04   4.2830650e-04   6.7783374e-04   8.6853944e-02   1.2368214e+00   2.1753372e-01
   7.5880758e-06   8.4330124e-07   1.0805605e-04   1.5387446e-03   2.7063636e-04   4.2830650e-04   6.7783374e-04   8.6853944e-02   1.2368214e+00   2.1753372e-01
   8.4330124e-07   7.5880758e-06   1.0805605e-04   1.5387446e-03   2.7063636e-04   4.2830650e-04   6.7783374e-04   8.6853944e-02   1.2368214e+00   2.1753372e-01
   6.8277967e-05   7.5880758e-06   1.2008816e-05   1.9005036e-05   2.4352024e-03   4.2830650e-04   6.7783374e-04   8.6853944e-02   1.2368214e+00   2.1753372e-01
   7.5880758e-06   6.8277967e-05   1.2008816e-05   1.9005036e-05   2.4352024e-03   4.2830650e-04   6.7783374e-04   8.6853944e-02   1.2368214e+00   2.1753372e-01
   7.5880758e-06   8.4330124e-07   1.0805605e-04   1.9005036e-05   2.4352024e-03   4.2830650e-04   6.7783374e-04   8.6853944e-02   1.2368214e+00   2.1753372e-01
   8.4330124e-07   7.5880758e-06   1.0805605e-04   1.9005036e-05   2.4352024e-03   4.2830650e-04   6.7783374e-04   8.6853944e-02   1.2368214e+00   2.1753372e-01
   7.5880758e-06   8.4330124e-07   1.3346004e-06   1.7100847e-04   2.4352024e-03   4.2830650e-04   6.7783374e-04   8.6853944e-02   1.2368214e+00   2.1753372e-01
   8.4330124e-07   7.5880758e-06   1.3346004e-06   1.7100847e-04   2.4352024e-03   4.2830650e-04   6.7783374e-04   8.6853944e-02   1.2368214e+00   2.1753372e-01
   8.4330124e-07   9.3720332e-08   1.2008816e-05   1.7100847e-04   2.4352024e-03   4.2830650e-04   6.7783374e-04   8.6853944e-02   1.2368214e+00   2.1753372e-01
   9.3720332e-08   8.4330124e-07   1.2008816e-05   1.7100847e-04   2.4352024e-03   4.2830650e-04   6.7783374e-04   8.6853944e-02   1.2368214e+00   2.1753372e-01
   6.8277967e-05   7.5880758e-06   1.2008816e-05   1.9005036e-05   3.0077187e-05   3.8539279e-03   6.7783374e-04   8.6853944e-02   1.2368214e+00   2.1753372e-01
   7.5880758e-06   6.8277967e-05   1.2008816e-05   1.9005036e-05   3.0077187e-05   3.8539279e-03   6.7783374e-04   8.6853944e-02   1.2368214e+00   2.1753372e-01
   7.5880758e-06   8.4330124e-07   1.0805605e-04   1.9005036e-05   3.0077187e-05   3.8539279e-03   6.7783374e-04   8.6853944e-02   1.2368214e+00   2.1753372e-01
   8.4330124e-07   7.5880758e-06   1.0805605e-04   1.9005036e-05   3.0077187e-05   3.8539279e-03   6.7783374e-04   8.6853944e-02   1.2368214e+00   2.1753372e-01
   7.5880758e-06   8.4330124e-07   1.3346004e-06   1.7100847e-04   3.0077187e-05   3.8539279e-03   6.7783374e-04   8.6853944e-02   1.2368214e+00   2.1753372e-01
   8.4330124e-07   7.5880758e-06   1.3346004e-06   1.7100847e-04   3.0077187e-05   3.8539279e-03   6.7783374e-04   8.6853944e-02   1.2368214e+00   2.1753372e-01
   8.4330124e-07   9.3720332e-08   1.2008816e-05   1.7100847e-04   3.0077187e-05   3.8539279e-03   6.7783374e-04   8.6853944e-02   1.2368214e+00   2.1753372e-01
   9.3720332e-08   8.4330124e-07   1.2008816e-05   1.7100847e-04   3.0077187e-05   3.8539279e-03   6.7783374e-04   8.6853944e-02   1.2368214e+00   2.1753372e-01
   7.5880758e-06   8.4330124e-07   1.3346004e-06   2.1121258e-06   2.7063636e-04   3.8539279e-03   6.7783374e-04   8.6853944e-02   1.2368214e+00   2.1753372e-01
   8.4330124e-07   7.5880758e-06   1.3346004e-06   2.1121258e-06   2.7063636e-04   3.8539279e-03   6.7783374e-04   8.6853944e-02   1.2368214e+00   2.1753372e-01
   8.4330124e-07   9.3720332e-08   1.2008816e-05   2.1121258e-06   2.7063636e-04   3.8539279e-03   6.7783374e-04   8.6853944e-02   1.2368214e+00   2.1753372e-01
   9.3720332e-08   8.4330124e-07   1.2008816e-05   2.1121258e-06   2.7063636e-04   3.8539279e-03   6.7783374e-04   8.6853944e-02   1.2368214e+00   2.1753372e-01
   8.4330124e-07   9.3720332e-08   1.4832090e-07   1.9005036e-05   2.7063636e-04   3.8539279e-03   6.7783374e-04   8.6853944e-02   1.2368214e+00   2.1753372e-01
   9.3720332e-08   8.4330124e-07   1.4832090e-07   1.9005036e-05   2.7063636e-04   3.8539279e-03   6.7783374e-04   8.6853944e-02   1.2368214e+00   2.1753372e-01
   9.3720332e-08   1.0415614e-08   1.3346004e-06   1.9005036e-05   2.7063636e-04   3.8539279e-03   6.7783374e-04   8.6853944e-02   1.2368214e+00   2.1753372e-01
   1.0415614e-08   9.3720332e-08   1.3346004e-06   1.9005036e-05   2.7063636e-04   3.8539279e-03   6.7783374e-04   8.6853944e-02   1.2368214e+00   2.1753372e-01
   6.8277967e-05   7.5880758e-06   1.2008816e-05   1.9005036e-05   3.0077187e-05   4.7599867e-05   6.0991892e-03   8.6853944e-02   1.2368214e+00   2.1753372e-01
   7.5880758e-06   6.8277967e-05   1.2008816e-05   1.9005036e-05   3.0077187e-05   4.7599867e-05   6.0991892e-03   8.6853944e-02   1.2368214e+00   2.1753372e-01
   7.5880758e-06   8.4330124e-07   1.0805605e-04   1.9005036e-05   3.0077187e-05   4.7599867e-05   6.0991892e-03   8.6853944e-02   1.2368214e+00   2.1753372e-01
   8.4330124e-07   7.5880758e-06   1.0805605e-04   1.9005036e-05   3.0077187e-05   4.7599867e-05   6.0991892e-03   8.6853944e-02   1.2368214e+00   2.1753372e-01
   7.5880758e-06   8.4330124e-07   1.3346004e-06   1.7100847e-04   3.0077187e-05   4.7599867e-05   6.0991892e-03   8.6853944e-02   1.2368214e+00   2.1753372e-01
   8.4330124e-07   7.5880758e-06   1.3346004e-06   1.7100847e-04   3.0077187e-05   4.7599867e-05   6.0991892e-03   8.6853944e-02   1.2368214e+00   2.1753372e-01
   8.4330124e-07   9.3720332e-08   1.2008816e-05   1.7100847e-04   3.0077187e-05   4.7599867e-05   6.0991892e-03   8.6853944e-02   1.2368214e+00   2.1753372e-01
   9.3720332e-08   8.4330124e-07   1.2008816e-05   1.7100847e-04   3.0077187e-05   4.7599867e-05   6.0991892e-03   8.6853944e-02   1.2368214e+00   2.1753372e-01
   7.5880758e-06   8.4330124e-07   1.3346004e-06   2.1121258e-06   2.7063636e-04   4.7599867e-05   6.0991892e-03   8.6853944e-02   1.2368214e+00   2.1753372e-01
   8.4330124e-07   7.5880758e-06   1.3346004e-06   2.1121258e-06   2.7063636e-04   4.7599867e-05   6.0991892e-03   8.6853944e-02   1.2368214e+00   2.1753372e-01
   8.4330124e-07   9.3720332e-08   1.2008816e-05   2.1121258e-06   2.7063636e-04   4.7599867e-05   6.0991892e-03   8.6853944e-02   1.2368214e+00   2.1753372e-01
   9.3720332e-08   8.4330124e-07   1.2008816e-05   2.1121258e-06   2.7063636e-04   4.7599867e-05   6.0991892e-03   8.6853944e-02   1.2368214e+00   2.1753372e-01
   8.4330124e-07   9.3720332e-08   1.4832090e-07   1.9005036e-05   2.7063636e-04   4.7599867e-05   6.0991892e-03   8.6853944e-02   1.2368214e+00   2.1753372e-01
   9.3720332e-08   8.4330124e-07   1.4832090e-07   1.9005036e-05   2.7063636e-04   4.7599867e-05   6.0991892e-03   8.6853944e-02   1.2368214e+00   2.1753372e-01
   9.3720332e-08   1.0415614e-08   1.3346004e-06   1.9005036e-05   2.7063636e-04   4.7599867e-05   6.0991892e-03   8.6853944e-02   1.2368214e+00   2.1753372e-01
   1.0415614e-08   9.3720332e-08   1.3346004e-06   1.9005036e-05   2.7063636e-04   4.7599867e-05   6.0991892e-03   8.6853944e-02   1.2368214e+00   2.1753372e-01
   7.5880758e-06   8.4330124e-07   1.3346004e-06   2.1121258e-06   3.3426299e-06   4.2830650e-04   6.0991892e-03   8.6853944e-02   1.2368214e+00   2.1753372e-01
   8.4330124e-07   7.5880758e-06   1.3346004e-06   2.1121258e-06   3.3426299e-06   4.2830650e-04   6.0991892e-03   8.6853944e-02   1.2368214e+00   2.1753372e-01
   8.4330124e-07   9.3720332e-08   1.2008816e-05   2.1121258e-06   3.3426299e-06   4.2830650e-04   6.0991892e-03   8.6853944e-02   1.2368214e+00   2.1753372e-01
   9.3720332e-08   8.4330124e-07   1.2008816e-05   2.1121258e-06   3.3426299e-06   4.2830650e-04   6.0991892e-03   8.6853944e-02   1.2368214e+00   2.1753372e-01
   8.4330124e-07   9.3720332e-08   1.4832090e-07   1.9005036e-05   3.3426299e-06   4.2830650e-04   6.0991892e-03   8.6853944e-02   1.2368214e+00   2.1753372e-01
   9.3720332e-08   8.4330124e-07   1.4832090e-07   1.9005036e-05   3.3426299e-06   4.2830650e-04   6.0991892e-03   8.6853944e-02   1.2368214e+00   2.1753372e-01
   9.3720332e-08   1.0415614e-08   1.3346004e-06   1.9005036e-05   3.3426299e-06   4.2830650e-04   6.0991892e-03   8.6853944e-02   1.2368214e+00   2.1753372e-01
   1.0415614e-08   9.3720332e-08   1.3346004e-06   1.9005036e-05   3.3426299e-06   4.2830650e-04   6.0991892e-03   8.6853944e-02   1.2368214e+00   2.1753372e-01
   8.4330124e-07   9.3720332e-08   1.4832090e-07   2.3473122e-07   3.0077187e-05   4.2830650e-04   6.0991892e-03   8.6853944e-02   1.2368214e+00   2.1753372e-01
   9.3720332e-08   8.4330124e-07   1.4832090e-07   2.3473122e-07   3.0077187e-05   4.2830650e-04   6.0991892e-03   8.6853944e-02   1.2368214e+00   2.1753372e-01
   9.3720332e-08   1.0415614e-08   1.3346004e-06   2.3473122e-07   3.0077187e-05   4.2830650e-04   6.0991892e-03   8.6853944e-02   1.2368214e+00   2.1753372e-01
   1.0415614e-08   9.3720332e-08   1.3346004e-06   2.3473122e-07   3.0077187e-05   4.2830650e-04   6.0991892e-03   8.6853944e-02   1.2368214e+00   2.1753372e-01
   9.3720332e-08   1.0415614e-08   1.6483651e-08   2.1121258e-06   3.0077187e-05   4.2830650e-04   6.0991892e-03   8.6853944e-02   1.2368214e+00   2.1753372e-01
   1.0415614e-08   9.3720332e-08   1.6483651e-08   2.1121258e-06   3.0077187e-05   4.2830650e-04   6.0991892e-03   8.6853944e-02   1.2368214e+00   2.1753372e-01
   1.0415614e-08   1.1575399e-09   1.4832090e-07   2.1121258e-06   3.0077187e-05   4.2830650e-04   6.0991892e-03   8.6853944e-02   1.2368214e+00   2.1753372e-01
   1.1575399e-09   1.0415614e-08   1.4832090e-07   2.1121258e-06   3.0077187e-05   4.2830650e-04   6.0991892e-03   8.6853944e-02   1.2368214e+00   2.1753372e-01
   5.5281323e-03   6.1436930e-04   9.7229494e-04   1.5387446e-03   2.4352024e-03   3.8539279e-03   6.0991892e-03   7.8151707e-01   1.3745422e-01   2.1753372e-01
   6.1436930e-04   5.5281323e-03   9.7229494e-04   1.5387446e-03   2.4352024e-03   3.8539279e-03   6.0991892e-03   7.8151707e-01   1.3745422e-01   2.1753372e-01
   6.1436930e-04   6.8277967e-05   8.7487689e-03   1.5387446e-03   2.4352024e-03   3.8539279e-03   6.0991892e-03   7.8151707e-01   1.3745422e-01   2.1753372e-01
   6.8277967e-05   6.1436930e-04   8.7487689e-03   1.5387446e-03   2.4352024e-03   3.8539279e-03   6.0991892e-03   7.8151707e-01   1.3745422e-01   2.1753372e-01
   6.1436930e-04   6.8277967e-05   1.0805605e-04   1.3845718e-02   2.4352024e-03   3.8539279e-03   6.0991892e-03   7.8151707e-01   1.3745422e-01   2.1753372e-01
   6.8277967e-05   6.1436930e-04   1.0805605e-04   1.3845718e-02   2.4352024e-03   3.8539279e-03   6.0991892e-03   7.8151707e-01   1.3745422e-01   2.1753372e-01
   6.8277967e-05   7.5880758e-06   9.7229494e-04   1.3845718e-02   2.4352024e-03   3.8539279e-03   6.0991892e-03   7.8151707e-01   1.3745422e-01   2.1753372e-01
   7.5880758e-06   6.8277967e-05   9.7229494e-04   1.3845718e-02   2.4352024e-03   3.8539279e-03   6.0991892e-03   7.8151707e-01   1.3745422e-01   2.1753372e-01
   6.1436930e-04   6.8277967e-05   1.0805605e-04   1.7100847e-04   2.1912099e-02   3.8539279e-03   6.0991892e-03   7.8151707e-01   1.3745422e-01   2.1753372e-01
   6.8277967e-05   6.1436930e-04   1.0805605e-04   1.7100847e-04   2.1912099e-02   3.8539279e-03   6.0991892e-03   7.8151707e-01   1.3745422e-01   2.1753372e-01
   6.8277967e-05   7.5880758e-06   9.7229494e-04   1.7100847e-04   2.1912099e-02   3.8539279e-03   6.0991892e-03   7.8151707e-01   1.3745422e-01   2.1753372e-01
   7.5880758e-06   6.8277967e-05   9.7229494e-04   1.7100847e-04   2.1912099e-02   3.8539279e-03   6.0991892e-03   7.8151707e-01   1.3745422e-01   2.1753372e-01
   6.8277967e-05   7.5880758e-06   1.2008816e-05   1.5387446e-03   2.1912099e-02   3.8539279e-03   6.0991892e-03   7.8151707e-01   1.3745422e-01   2.1753372e-01
   7.5880758e-06   6.8277967e-05   1.2008816e-05   1.5387446e-03   2.1912099e-02   3.8539279e-03   6.0991892e-03   7.8151707e-01   1.3745422e-01   2.1753372e-01
   7.5880758e-06   8.4330124e-07   1.0805605e-04   1.5387446e-03   2.1912099e-02   3.8539279e-03   6.0991892e-03   7.8151707e-01   1.3745422e-01   2.1753372e-01
   8.4330124e-07   7.5880758e-06   1.0805605e-04   1.5387446e-03   2.1912099e-02   3.8539279e-03   6.0991892e-03   7.8151707e-01   1.3745422e-01   2.1753372e-01
   6.1436930e-04   6.8277967e-05   1.0805605e-04   1.7100847e-04   2.7063636e-04   3.4677877e-02   6.0991892e-03   7.8151707e-01   1.3745422e-01   2.1753372e-01
   6.8277967e-05   6.1436930e-04   1.0805605e-04   1.7100847e-04   2.7063636e-04   3.4677877e-02   6.0991892e-03   7.8151707e-01   1.3745422e-01   2.1753372e-01
   6.8277967e-05   7.5880758e-06   9.7229494e-04   1.7100847e-04   2.7063636e-04   3.4677877e-02   6.0991892e-03   7.8151707e-01   1.3745422e-01   2.1753372e-01
   7.5880758e-06   6.8277967e-05   9.7229494e-04   1.7100847e-04   2.7063636e-04   3.4677877e-02   6.0991892e-03   7.8151707e-01   1.3745422e-01   2.1753372e-01
   6.8277967e-05   7.5880758e-06   1.2008816e-05   1.5387446e-03   2.7063636e-04   3.4677877e-02   6.0991892e-03   7.8151707e-01   1.3745422e-01   2.1753372e-01
   7.5880758e-06   6.8277967e-05   1.2008816e-05   1.5387446e-03   2.7063636e-04   3.4677877e-02   6.0991892e-03   7.8151707e-01   1.3745422e-01   2.1753372e-01
   7.5880758e-06   8.4330124e-07   1.0805605e-04   1.5387446e-03   2.7063636e-04   3.4677877e-02   6.0991892e-03   7.8151707e-01   1.3745422e-01   2.1753372e-01
   8.4330124e-07   7.5880758e-06   1.0805605e-04   1.5387446e-03   2.7063636e-04   3.4677877e-02   6.0991892e-03   7.8151707e-01   1.3745422e-01   2.1753372e-01
   6.8277967e-05   7.5880758e-06   1.2008816e-05   1.9005036e-05   2.4352024e-03   3.4677877e-02   6.0991892e-03   7.8151707e-01   1.3745422e-01   2.1753372e-01
   7.5880758e-06   6.8277967e-05   1.2008816e-05   1.9005036e-05   2.4352024e-03   3.4677877e-02   6.0991892e-03   7.8151707e-01   1.3745422e-01   2.1753372e-01
   7.5880758e-06   8.4330124e-07   1.0805605e-04   1.9005036e-05   2.4352024e-03   3.4677877e-02   6.0991892e-03   7.8151707e-01   1.3745422e-01   2.1753372e-01
   8.4330124e-07   7.5880758e-06   1.0805605e-04   1.9005036e-05   2.4352024e-03   3.4677877e-02   6.0991892e-03   7.8151707e-01   1.3745422e-01   2.1753372e-01
   7.5880758e-06   8.4330124e-07   1.3346004e-06   1.7100847e-04   2.4352024e-03   3.4677877e-02   6.0991892e-03   7.8151707e-01   1.3745422e-01   2.1753372e-01
   8.4330124e-07   7.5880758e-06   1.3346004e-06   1.7100847e-04   2.4352024e-03   3.4677877e-02   6.0991892e-03   7.8151707e-01   1.3745422e-01   2.1753372e-01
   8.4330124e-07   9.3720332e-08   1.2008816e-05   1.7100847e-04   2.4352024e-03   3.4677877e-02   6.0991892e-03   7.8151707e-01   1.3745422e-01   2.1753372e-01
   9.3720332e-08   8.4330124e-07   1.2008816e-05   1.7100847e-04   2.4352024e-03   3.4677877e-02   6.0991892e-03   7.8151707e-01   1.3745422e-01   2.1753372e-01
   6.1436930e-04   6.8277967e-05   1.0805605e-04   1.7100847e-04   2.7063636e-04   4.2830650e-04   5.4880875e-02   7.8151707e-01   1.3745422e-01   2.1753372e-01
   6.8277967e-05   6.1436930e-04   1.0805605e-04   1.7100847e-04   2.7063636e-04   4.2830650e-04   5.4880875e-02   7.8151707e-01   1.3745422e-01   2.1753372e-01
   6.8277967e-05   7.5880758e-06   9.7229494e-04   1.7100847e-04   2.7063636e-04   4.2830650e-04   5.4880875e-02   7.8151707e-01   1.3745422e-01   2.1753372e-01
   7.5880758e-06   6.8277967e-05   9.7229494e-04   1.7100847e-04   2.7063636e-04   4.2830650e-04   5.4880875e-02   7.8151707e-01   1.3745422e-01   2.1753372e-01
   6.8277967e-05   7.5880758e-06   1.2008816e-05   1.5387446e-03   2.7063636e-04   4.2830650e-04   5.4880875e-02   7.8151707e-01   1.3745422e-01   2.1753372e-01
   7.5880758e-06   6.8277967e-05   1.2008816e-05   1.5387446e-03   2.7063636e-04   4.2830650e-04   5.4880875e-02   7.8151707e-01   1.3745422e-01   2.1753372e-01
   7.5880758e-06   8.4330124e-07   1.0805605e-04   1.5387446e-03   2.7063636e-04   4.2830650e-04   5.4880875e-02   7.8151707e-01   1.3745422e-01   2.1753372e-01
   8.4330124e-07   7.5880758e-06   1.0805605e-04   1.5387446e-03   2.7063636e-04   4.2830650e-04   5.4880875e-02   7.8151707e-01   1.3745422e-01   2.1753372e-01
   6.8277967e-05   7.5880758e-06   1.2008816e-05   1.9005036e-05   2.4352024e-03   4.2830650e-04   5.4880875e-02   7.8151707e-01   1.3745422e-01   2.1753372e-01
   7.5880758e-06   6.8277967e-05   1.2008816e-05   1.9005036e-05   2.4352024e-03   4.2830650e-04   5.4880875e-02   7.8151707e-01   1.3745422e-01   2.1753372e-01
   7.5880758e-06   8.4330124e-07   1.0805605e-04   1.9005036e-05   2.4352024e-03   4.2830650e-04   5.4880875e-02   7.8151707e-01   1.3745422e-01   2.1753372e-01
   8.4330124e-07   7.5880758e-06   1.0805605e-04   1.9005036e-05   2.4352024e-03   4.2830650e-04   5.4880875e-02   7.8151707e-01   1.3745422e-01   2.1753372e-01
   7.5880758e-06   8.4330124e-07   1.3346004e-06   1.7100847e-04   2.4352024e-03   4.2830650e-04   5.4880875e-02   7.8151707e-01   1.3745422e-01   2.1753372e-01
   8.4330124e-07   7.5880758e-06   1.3346004e-06   1.7100847e-04   2.4352024e-03   4.2830650e-04   5.4880875e-02   7.8151707e-01   1.3745422e-01   2.1753372e-01
   8.4330124e-07   9.3720332e-08   1.2008816e-05   1.7100847e-04   2.4352024e-03   4.2830650e-04   5.4880875e-02   7.8151707e-01   1.3745422e-01   2.1753372e-01
   9.3720332e-08   8.4330124e-07   1.2008816e-05   1.7100847e-04   2.4352024e-03   4.2830650e-04   5.4880875e-02   7.8151707e-01   1.3745422e-01   2.1753372e-01
   6.8277967e-05   7.5880758e-06   1.2008816e-05   1.9005036e-05   3.0077187e-05   3.8539279e-03   5.4880875e-02   7.8151707e-01   1.3745422e-01   2.1753372e-01
   7.5880758e-06   6.8277967e-05   1.2008816e-05   1.9005036e-05   3.0077187e-05   3.8539279e-03   5.4880875e-02   7.8151707e-01   1.3745422e-01   2.1753372e-01
   7.5880758e-06   8.4330124e-07   1.0805605e-04   1.9005036e-05   3.0077187e-05   3.8539279e-03   5.4880875e-02   7.8151707e-01   1.3745422e-01   2.1753372e-01
   8.4330124e-07   7.5880758e-06   1.0805605e-04   1.9005036e-05   3.0077187e-05   3.8539279e-03   5.4880875e-02   7.8151707e-01   1.3745422e-01   2.1753372e-01
   7.5880758e-06   8.4330124e-07   1.3346004e-06   1.7100847e-04   3.0077187e-05   3.8539279e-03   5.4880875e-02   7.8151707e-01   1.3745422e-01   2.1753372e-01
   8.4330124e-07   7.5880758e-06   1.3346004e-06   1.7100847e-04   3.0077187e-05   3.8539279e-03   5.4880875e-02   7.8151707e-01   1.3745422e-01   2.1753372e-01
   8.4330124e-07   9.3720332e-08   1.2008816e-05   1.7100847e-04   3.0077187e-05   3.8539279e-03   5.4880875e-02   7.8151707e-01   1.3745422e-01   2.1753372e-01
   9.3720332e-08   8.4330124e-07   1.2008816e-05   1.7100847e-04   3.0077187e-05   3.8539279e-03   5.4880875e-02   7.8151707e-01   1.3745422e-01   2.1753372e-01
   7.5880758e-06   8.4330124e-07   1.3346004e-06   2.1121258e-06   2.7063636e-04   3.8539279e-03   5.4880875e-02   7.8151707e-01   1.3745422e-01   2.1753372e-01
   8.4330124e-07   7.5880758e-06   1.3346004e-06   2.1121258e-06   2.7063636e-04   3.8539279e-03   5.4880875e-02   7.8151707e-01   1.3745422e-01   2.1753372e-01
   8.4330124e-07   9.3720332e-08   1.2008816e-05   2.1121258e-06   2.7063636e-04   3.8539279e-03   5.4880875e-02   7.8151707e-01   1.3745422e-01   2.1753372e-01
   9.3720332e-08   8.4330124e-07   1.2008816e-05   2.1121258e-06   2.7063636e-04   3.8539279e-03   5.4880875e-02   7.8151707e-01   1.3745422e-01   2.1753372e-01
   8.4330124e-07   9.3720332e-08   1.4832090e-07   1.9005036e-05   2.7063636e-04   3.8539279e-03   5.4880875e-02   7.8151707e-01   1.3745422e-01   2.1753372e-01
   9.3720332e-08   8.4330124e-07   1.4832090e-07   1.9005036e-05   2.7063636e-04   3.8539279e-03   5.4880875e-02   7.8151707e-01   1.3745422e-01   2.1753372e-01
   9.3720332e-08   1.0415614e-08   1.3346004e-06   1.9005036e-05   2.7063636e-04   3.8539279e-03   5.4880875e-02   7.8151707e-01   1.3745422e-01   2.1753372e-01
   1.0415614e-08   9.3720332e-08   1.3346004e-06   1.9005036e-05   2.7063636e-04   3.8539279e-03   5.4880875e-02   7.8151707e-01   1.3745422e-01   2.1753372e-01
   5.5281323e-03   6.1436930e-04   9.7229494e-04   1.5387446e-03   2.4352024e-03   3.8539279e-03   4.9382145e-01   8.6853944e-02   1.3745422e-01   2.1753372e-01
   6.1436930e-04   5.5281323e-03   9.7229494e-04   1.5387446e-03   2.4352024e-03   3.8539279e-03   4.9382145e-01   8.6853944e-02   1.3745422e-01   2.1753372e-01
   6.1436930e-04   6.8277967e-05   8.7487689e-03   1.5387446e-03   2.4352024e-03   3.8539279e-03   4.9382145e-01   8.6853944e-02   1.3745422e-01   2.1753372e-01
   6.8277967e-05   6.1436930e-04   8.7487689e-03   1.5387446e-03   2.4352024e-03   3.8539279e-03   4.9382145e-01   8.6853944e-02   1.3745422e-01   2.1753372e-01
   6.1436930e-04   6.8277967e-05   1.0805605e-04   1.3845718e-02   2.4352024e-03   3.8539279e-03   4.9382145e-01   8.6853944e-02   1.3745422e-01   2.1753372e-01
   6.8277967e-05   6.1436930e-04   1.0805605e-04   1.3845718e-02   2.4352024e-03   3.8539279e-03   4.9382145e-01   8.6853944e-02   1.3745422e-01   2.1753372e-01
   6.8277967e-05   7.5880758e-06   9.7229494e-04   1.3845718e-02   2.4352024e-03   3.8539279e-03   4.9382145e-01   8.6853944e-02   1.3745422e-01   2.1753372e-01
   7.5880758e-06   6.8277967e-05   9.7229494e-04   1.3845718e-02   2.4352024e-03   3.8539279e-03   4.9382145e-01   8.6853944e-02   1.3745422e-01   2.1753372e-01
   6.1436930e-04   6.8277967e-05   1.0805605e-04   1.7100847e-04   2.1912099e-02   3.8539279e-03   4.9382145e-01   8.6853944e-02   1.3745422e-01   2.1753372e-01
   6.8277967e-05   6.1436930e-04   1.0805605e-04   1.7100847e-04   2.1912099e-02   3.8539279e-03   4.9382145e-01   8.6853944e-02   1.3745422e-01   2.1753372e-01
   6.8277967e-05   7.5880758e-06   9.7229494e-04   1.7100847e-04   2.1912099e-02   3.8539279e-03   4.9382145e-01   8.6853944e-02   1.3745422e-01   2.1753372e-01
   7.5880758e-06   6.8277967e-05   9.7229494e-04   1.7100847e-04   2.1912099e-02   3.8539279e-03   4.9382145e-01   8.6853944e-02   1.3745422e-01   2.1753372e-01
   6.8277967e-05   7.5880758e-06   1.2008816e-05   1.5387446e-03   2.1912099e-02   3.8539279e-03   4.9382145e-01   8.6853944e-02   1.3745422e-01   2.1753372e-01
   7.5880758e-06   6.8277967e-05   1.2008816e-05   1.5387446e-03   2.1912099e-02   3.8539279e-03   4.9382145e-01   8.6853944e-02   1.3745422e-01   2.1753372e-01
   7.5880758e-06   8.4330124e-07   1.0805605e-04   1.5387446e-03   2.1912099e-02   3.8539279e-03   4.9382145e-01   8.6853944e-02   1.3745422e-01   2.1753372e-01
   8.4330124e-07   7.5880758e-06   1.0805605e-04   1.5387446e-03   2.1912099e-02   3.8539279e-03   4.9382145e-01   8.6853944e-02   1.3745422e-01   2.1753372e-01
   6.1436930e-04   6.8277967e-05   1.0805605e-04   1.7100847e-04   2.7063636e-04   3.4677877e-02   4.9382145e-01   8.6853944e-02   1.3745422e-01   2.1753372e-01
   6.8277967e-05   6.1436930e-04   1.0805605e-04   1.7100847e-04   2.7063636e-04   3.4677877e-02   4.9382145e-01   8.6853944e-02   1.3745422e-01   2.1753372e-01
   6.8277967e-05   7.5880758e-06   9.7229494e-04   1.7100847e-04   2.7063636e-04   3.4677877e-02   4.9382145e-01   8.6853944e-02   1.3745422e-01   2.1753372e-01
   7.5880758e-06   6.8277967e-05   9.7229494e-04   1.7100847e-04   2.7063636e-04   3.4677877e-02   4.9382145e-01   8.6853944e-02   1.3745422e-01   2.1753372e-01
   6.8277967e-05   7.5880758e-06   1.2008816e-05   1.5387446e-03   2.7063636e-04   3.4677877e-02   4.9382145e-01   8.6853944e-02   1.3745422e-01   2.1753372e-01
   7.5880758e-06   6.8277967e-05   1.2008816e-05   1.5387446e-03   2.7063636e-04   3.4677877e-02   4.9382145e-01   8.6853944e-02   1.3745422e-01   2.1753372e-01
   7.5880758e-06   8.4330124e-07   1.0805605e-04   1.5387446e-03   2.7063636e-04   3.4677877e-02   4.9382145e-01   8.6853944e-02   1.3745422e-01   2.1753372e-01
   8.4330124e-07   7.5880758e-06   1.0805605e-04   1.5387446e-03   2.7063636e-04   3.4677877e-02   4.9382145e-01   8.6853944e-02   1.3745422e-01   2.1753372e-01
   6.8277967e-05   7.5880758e-06   1.2008816e-05   1.9005036e-05   2.4352024e-03   3.4677877e-02   4.9382145e-01   8.6853944e-02   1.3745422e-01   2.1753372e-01
   7.5880758e-06   6.8277967e-05   1.2008816e-05   1.9005036e-05   2.4352024e-03   3.4677877e-02   4.9382145e-01   8.6853944e-02   1.3745422e-01   2.1753372e-01
   7.5880758e-06   8.4330124e-07   1.0805605e-04   1.9005036e-05   2.4352024e-03   3.4677877e-02   4.9382145e-01   8.6853944e-02   1.3745422e-01   2.1753372e-01
   8.4330124e-07   7.5880758e-06   1.0805605e-04   1.9005036e-05   2.4352024e-03   3.4677877e-02   4.9382145e-01   8.6853944e-02   1.3745422e-01   2.1753372e-01
   7.5880758e-06   8.4330124e-07   1.3346004e-06   1.7100847e-04   2.4352024e-03   3.4677877e-02   4.9382145e-01   8.6853944e-02   1.3745422e-01   2.1753372e-01
   8.4330124e-07   7.5880758e-06   1.3346004e-06   1.7100847e-04   2.4352024e-03   3.4677877e-02   4.9382145e-01   8.6853944e-02   1.3745422e-01   2.1753372e-01
   8.4330124e-07   9.3720332e-08   1.2008816e-05   1.7100847e-04   2.4352024e-03   3.4677877e-02   4.9382145e-01   8.6853944e-02   1.3745422e-01   2.1753372e-01
   9.3720332e-08   8.4330124e-07   1.2008816e-05   1.7100847e-04   2.4352024e-03   3.4677877e-02   4.9382145e-01   8.6853944e-02   1.3745422e-01   2.1753372e-01
   5.5281323e-03   6.1436930e-04   9.7229494e-04   1.5387446e-03   2.4352024e-03   3.1203365e-01   5.4880875e-02   8.6853944e-02   1.3745422e-01   2.1753372e-01
   6.1436930e-04   5.5281323e-03   9.7229494e-04   1.5387446e-03   2.4352024e-03   3.1203365e-01   5.4880875e-02   8.6853944e-02   1.3745422e-01   2.1753372e-01
   6.1436930e-04   6.8277967e-05   8.7487689e-03   1.5387446e-03   2.4352024e-03   3.1203365e-01   5.4880875e-02   8.6853944e-02   1.3745422e-01   2.1753372e-01
   6.8277967e-05   6.1436930e-04   8.7487689e-03   1.5387446e-03   2.4352024e-03   3.1203365e-01   5.4880875e-02   8.6853944e-02   1.3745422e-01   2.1753372e-01
   6.1436930e-04   6.8277967e-05   1.0805605e-04   1.3845718e-02   2.4352024e-03   3.1203365e-01   5.4880875e-02   8.6853944e-02   1.3745422e-01   2.1753372e-01
   6.8277967e-05   6.1436930e-04   1.0805605e-04   1.3845718e-02   2.4352024e-03   3.1203365e-01   5.4880875e-02   8.6853944e-02   1.3745422e-01   2.1753372e-01
   6.8277967e-05   7.5880758e-06   9.7229494e-04   1.3845718e-02   2.4352024e-03   3.1203365e-01   5.4880875e-02   8.6853944e-02   1.3745422e-01   2.1753372e-01
   7.5880758e-06   6.8277967e-05   9.7229494e-04   1.3845718e-02   2.4352024e-03   3.1203365e-01   5.4880875e-02   8.6853944e-02   1.3745422e-01   2.1753372e-01
   6.1436930e-04   6.8277967e-05   1.0805605e-04   1.7100847e-04   2.1912099e-02   3.1203365e-01   5.4880875e-02   8.6853944e-02   1.3745422e-01   2.1753372e-01
   6.8277967e-05   6.1436930e-04   1.0805605e-04   1.7100847e-04   2.1912099e-02   3.1203365e-01   5.4880875e-02   8.6853944e-02   1.3745422e-01   2.1753372e-01
   6.8277967e-05   7.5880758e-06   9.7229494e-04   1.7100847e-04   2.1912099e-02   3.1203365e-01   5.4880875e-02   8.6853944e-02   1.3745422e-01   2.1753372e-01
   7.5880758e-06   6.8277967e-05   9.7229494e-04   1.7100847e-04   2.1912099e-02   3.1203365e-01   5.4880875e-02   8.6853944e-02   1.3745422e-01   2.1753372e-01
   6.8277967e-05   7.5880758e-06   1.2008816e-05   1.5387446e-03   2.1912099e-02   3.1203365e-01   5.4880875e-02   8.6853944e-02   1.3745422e-01   2.1753372e-01
   7.5880758e-06   6.8277967e-05   1.2008816e-05   1.5387446e-03   2.1912099e-02   3.1203365e-01   5.4880875e-02   8.6853944e-02   1.3745422e-01   2.1753372e-01
   7.5880758e-06   8.4330124e-07   1.0805605e-04   1.5387446e-03   2.1912099e-02   3.1203365e-01   5.4880875e-02   8.6853944e-02   1.3745422e-01   2.1753372e-01
   8.4330124e-07   7.5880758e-06   1.0805605e-04   1.5387446e-03   2.1912099e-02   3.1203365e-01   5.4880875e-02   8.6853944e-02   1.3745422e-01   2.1753372e-01
   5.5281323e-03   6.1436930e-04   9.7229494e-04   1.5387446e-03   1.9716640e-01   3.4677877e-02   5.4880875e-02   8.6853944e-02   1.3745422e-01   2.1753372e-01
   6.1436930e-04   5.5281323e-03   9.7229494e-04   1.5387446e-03   1.9716640e-01   3.4677877e-02   5.4880875e-02   8.6853944e-02   1.3745422e-01   2.1753372e-01
   6.1436930e-04   6.8277967e-05   8.7487689e-03   1.5387446e-03   1.9716640e-01   3.4677877e-02   5.4880875e-02   8.6853944e-02   1.3745422e-01   2.1753372e-01
   6.8277967e-05   6.1436930e-04   8.7487689e-03   1.5387446e-03   1.9716640e-01   3.4677877e-02   5.4880875e-02   8.6853944e-02   1.3745422e-01   2.1753372e-01
   6.1436930e-04   6.8277967e-05   1.0805605e-04   1.3845718e-02   1.9716640e-01   3.4677877e-02   5.4880875e-02   8.6853944e-02   1.3745422e-01   2.1753372e-01
   6.8277967e-05   6.1436930e-04   1.0805605e-04   1.3845718e-02   1.9716640e-01   3.4677877e-02   5.4880875e-02   8.6853944e-02   1.3745422e-01   2.1753372e-01
   6.8277967e-05   7.5880758e-06   9.7229494e-04   1.3845718e-02   1.9716640e-01   3.4677877e-02   5.4880875e-02   8.6853944e-02   1.3745422e-01   2.1753372e-01
   7.5880758e-06   6.8277967e-05   9.7229494e-04   1.3845718e-02   1.9716640e-01   3.4677877e-02   5.4880875e-02   8.6853944e-02   1.3745422e-01   2.1753372e-01
   5.5281323e-03   6.1436930e-04   9.7229494e-04   1.2458461e-01   2.1912099e-02   3.4677877e-02   5.4880875e-02   8.6853944e-02   1.3745422e-01   2.1753372e-01
   6.1436930e-04   5.5281323e-03   9.7229494e-04   1.2458461e-01   2.1912099e-02   3.4677877e-02   5.4880875e-02   8.6853944e-02   1.3745422e-01   2.1753372e-01
   6.1436930e-04   6.8277967e-05   8.7487689e-03   1.2458461e-01   2.1912099e-02   3.4677877e-02   5.4880875e-02   8.6853944e-02   1.3745422e-01   2.1753372e-01
   6.8277967e-05   6.1436930e-04   8.7487689e-03   1.2458461e-01   2.1912099e-02   3.4677877e-02   5.4880875e-02   8.6853944e-02   1.3745422e-01   2.1753372e-01
   5.5281323e-03   6.1436930e-04   7.8721955e-02   1.3845718e-02   2.1912099e-02   3.4677877e-02   5.4880875e-02   8.6853944e-02   1.3745422e-01   2.1753372e-01
   6.1436930e-04   5.5281323e-03   7.8721955e-02   1.3845718e-02   2.1912099e-02   3.4677877e-02   5.4880875e-02   8.6853944e-02   1.3745422e-01   2.1753372e-01
   5.5281323e-03   4.9742470e-02   8.7487689e-03   1.3845718e-02   2.1912099e-02   3.4677877e-02   5.4880875e-02   8.6853944e-02   1.3745422e-01   2.1753372e-01
   4.9742470e-02   5.5281323e-03   8.7487689e-03   1.3845718e-02   2.1912099e-02   3.4677877e-02   5.4880875e-02   8.6853944e-02   1.3745422e-01   2.1753372e-01
