   6.3391168e-05   3.3230814e-04   1.7734326e-03   9.4642982e-03   5.0508228e-02   2.6954784e-01   1.4384990e+00   7.6768542e+00   3.0942900e+00   3.3279933e+00
   3.0914406e-04   1.2239879e-04   1.7429887e-03   9.3018276e-03   4.9641169e-02   2.6492060e-01   1.4138048e+00   7.5450680e+00   3.0411713e+00   3.2708627e+00
   3.0914406e-04   1.6205899e-03   6.5320702e-04   9.3018276e-03   4.9641169e-02   2.6492060e-01   1.4138048e+00   7.5450680e+00   3.0411713e+00   3.2708627e+00
   1.5076240e-03   5.9691057e-04   6.4199362e-04   9.1421461e-03   4.8788995e-02   2.6037279e-01   1.3895344e+00   7.4155442e+00   2.9889644e+00   3.2147129e+00
   3.0914406e-04   1.6205899e-03   8.6486206e-03   3.4859774e-03   4.9641169e-02   2.6492060e-01   1.4138048e+00   7.5450680e+00   3.0411713e+00   3.2708627e+00
   1.5076240e-03   5.9691057e-04   8.5001524e-03   3.4261347e-03   4.8788995e-02   2.6037279e-01   1.3895344e+00   7.4155442e+00   2.9889644e+00   3.2147129e+00
   1.5076240e-03   7.9032419e-03   3.1855395e-03   3.4261347e-03   4.8788995e-02   2.6037279e-01   1.3895344e+00   7.4155442e+00   2.9889644e+00   3.2147129e+00
   7.3523334e-03   2.9109947e-03   3.1308543e-03   3.3673193e-03   4.7951450e-02   2.5590305e-01   1.3656807e+00   7.2882439e+00   2.9376538e+00   3.1595269e+00
   3.0914406e-04   1.6205899e-03   8.6486206e-03   4.6155192e-02   1.8603655e-02   2.6492060e-01   1.4138048e+00   7.5450680e+00   3.0411713e+00   3.2708627e+00
   1.5076240e-03   5.9691057e-04   8.5001524e-03   4.5362861e-02   1.8284292e-02   2.6037279e-01   1.3895344e+00   7.4155442e+00   2.9889644e+00   3.2147129e+00
   1.5076240e-03   7.9032419e-03   3.1855395e-03   4.5362861e-02   1.8284292e-02   2.6037279e-01   1.3895344e+00   7.4155442e+00   2.9889644e+00   3.2147129e+00
   7.3523334e-03   2.9109947e-03   3.1308543e-03   4.4584131e-02   1.7970411e-02   2.5590305e-01   1.3656807e+00   7.2882439e+00   2.9376538e+00   3.1595269e+00
   1.5076240e-03   7.9032419e-03   4.2177321e-02   1.7000305e-02   1.8284292e-02   2.6037279e-01   1.3895344e+00   7.4155442e+00   2.9889644e+00   3.2147129e+00
   7.3523334e-03   2.9109947e-03   4.1453276e-02   1.6708466e-02   1.7970411e-02   2.5590305e-01   1.3656807e+00   7.2882439e+00   2.9376538e+00   3.1595269e+00
   7.3523334e-03   3.8542282e-02   1.5535139e-02   1.6708466e-02   1.7970411e-02   2.5590305e-01   1.3656807e+00   7.2882439e+00   2.9376538e+00   3.1595269e+00
   3.5855629e-02   1.4196248e-02   1.5268452e-02   1.6421637e-02   1.7661919e-02   2.5151004e-01   1.3422365e+00   7.1631290e+00   2.8872241e+00   3.1052883e+00
   3.0914406e-04   1.6205899e-03   8.6486206e-03   4.6155192e-02   2.4631694e-01   9.9282339e-02   1.4138048e+00   7.5450680e+00   3.0411713e+00   3.2708627e+00
   1.5076240e-03   5.9691057e-04   8.5001524e-03   4.5362861e-02   2.4208850e-01   9.7577990e-02   1.3895344e+00   7.4155442e+00   2.9889644e+00   3.2147129e+00
   1.5076240e-03   7.9032419e-03   3.1855395e-03   4.5362861e-02   2.4208850e-01   9.7577990e-02   1.3895344e+00   7.4155442e+00   2.9889644e+00   3.2147129e+00
   7.3523334e-03   2.9109947e-03   3.1308543e-03   4.4584131e-02   2.3793264e-01   9.5902900e-02   1.3656807e+00   7.2882439e+00   2.9376538e+00   3.1595269e+00
   1.5076240e-03   7.9032419e-03   4.2177321e-02   1.7000305e-02   2.4208850e-01   9.7577990e-02   1.3895344e+00   7.4155442e+00   2.9889644e+00   3.2147129e+00
   7.3523334e-03   2.9109947e-03   4.1453276e-02   1.6708466e-02   2.3793264e-01   9.5902900e-02   1.3656807e+00   7.2882439e+00   2.9376538e+00   3.1595269e+00
   7.3523334e-03   3.8542282e-02   1.5535139e-02   1.6708466e-02   2.3793264e-01   9.5902900e-02   1.3656807e+00   7.2882439e+00   2.9376538e+00   3.1595269e+00
   3.5855629e-02   1.4196248e-02   1.5268452e-02   1.6421637e-02   2.3384812e-01   9.4256565e-02   1.3422365e+00   7.1631290e+00   2.8872241e+00   3.1052883e+00
   1.5076240e-03   7.9032419e-03   4.2177321e-02   2.2508819e-01   9.0725721e-02   9.7577990e-02   1.3895344e+00   7.4155442e+00   2.9889644e+00   3.2147129e+00
   7.3523334e-03   2.9109947e-03   4.1453276e-02   2.2122417e-01   8.9168261e-02   9.5902900e-02   1.3656807e+00   7.2882439e+00   2.9376538e+00   3.1595269e+00
   7.3523334e-03   3.8542282e-02   1.5535139e-02   2.2122417e-01   8.9168261e-02   9.5902900e-02   1.3656807e+00   7.2882439e+00   2.9376538e+00   3.1595269e+00
   3.5855629e-02   1.4196248e-02   1.5268452e-02   2.1742649e-01   8.7637538e-02   9.4256565e-02   1.3422365e+00   7.1631290e+00   2.8872241e+00   3.1052883e+00
   7.3523334e-03   3.8542282e-02   2.0568903e-01   8.2906553e-02   8.9168261e-02   9.5902900e-02   1.3656807e+00   7.2882439e+00   2.9376538e+00   3.1595269e+00
   3.5855629e-02   1.4196248e-02   2.0215804e-01   8.1483322e-02   8.7637538e-02   9.4256565e-02   1.3422365e+00   7.1631290e+00   2.8872241e+00   3.1052883e+00
   3.5855629e-02   1.8796179e-01   7.5761277e-02   8.1483322e-02   8.7637538e-02   9.4256565e-02   1.3422365e+00   7.1631290e+00   2.8872241e+00   3.1052883e+00
   1.7485960e-01   6.9231815e-02   7.4460707e-02   8.0084524e-02   8.6133092e-02   9.2638493e-02   1.3191948e+00   7.0401618e+00   2.8376600e+00   3.0519808e+00
   3.0914406e-04   1.6205899e-03   8.6486206e-03   4.6155192e-02   2.4631694e-01   1.3145224e+00   5.2984119e-01   7.5450680e+00   3.0411713e+00   3.2708627e+00
   1.5076240e-03   5.9691057e-04   8.5001524e-03   4.5362861e-02   2.4208850e-01   1.2919564e+00   5.2074558e-01   7.4155442e+00   2.9889644e+00   3.2147129e+00
   1.5076240e-03   7.9032419e-03   3.1855395e-03   4.5362861e-02   2.4208850e-01   1.2919564e+00   5.2074558e-01   7.4155442e+00   2.9889644e+00   3.2147129e+00
   7.3523334e-03   2.9109947e-03   3.1308543e-03   4.4584131e-02   2.3793264e-01   1.2697778e+00   5.1180610e-01   7.2882439e+00   2.9376538e+00   3.1595269e+00
   1.5076240e-03   7.9032419e-03   4.2177321e-02   1.7000305e-02   2.4208850e-01   1.2919564e+00   5.2074558e-01   7.4155442e+00   2.9889644e+00   3.2147129e+00
   7.3523334e-03   2.9109947e-03   4.1453276e-02   1.6708466e-02   2.3793264e-01   1.2697778e+00   5.1180610e-01   7.2882439e+00   2.9376538e+00   3.1595269e+00
   7.3523334e-03   3.8542282e-02   1.5535139e-02   1.6708466e-02   2.3793264e-01   1.2697778e+00   5.1180610e-01   7.2882439e+00   2.9376538e+00   3.1595269e+00
   3.5855629e-02   1.4196248e-02   1.5268452e-02   1.6421637e-02   2.3384812e-01   1.2479800e+00   5.0302009e-01   7.1631290e+00   2.8872241e+00   3.1052883e+00
   1.5076240e-03   7.9032419e-03   4.2177321e-02   2.2508819e-01   9.0725721e-02   1.2919564e+00   5.2074558e-01   7.4155442e+00   2.9889644e+00   3.2147129e+00
   7.3523334e-03   2.9109947e-03   4.1453276e-02   2.2122417e-01   8.9168261e-02   1.2697778e+00   5.1180610e-01   7.2882439e+00   2.9376538e+00   3.1595269e+00
   7.3523334e-03   3.8542282e-02   1.5535139e-02   2.2122417e-01   8.9168261e-02   1.2697778e+00   5.1180610e-01   7.2882439e+00   2.9376538e+00   3.1595269e+00
   3.5855629e-02   1.4196248e-02   1.5268452e-02   2.1742649e-01   8.7637538e-02   1.2479800e+00   5.0302009e-01   7.1631290e+00   2.8872241e+00   3.1052883e+00
   7.3523334e-03   3.8542282e-02   2.0568903e-01   8.2906553e-02   8.9168261e-02   1.2697778e+00   5.1180610e-01   7.2882439e+00   2.9376538e+00   3.1595269e+00
   3.5855629e-02   1.4196248e-02   2.0215804e-01   8.1483322e-02   8.7637538e-02   1.2479800e+00   5.0302009e-01   7.1631290e+00   2.8872241e+00   3.1052883e+00
   3.5855629e-02   1.8796179e-01   7.5761277e-02   8.1483322e-02   8.7637538e-02   1.2479800e+00   5.0302009e-01   7.1631290e+00   2.8872241e+00   3.1052883e+00
   1.7485960e-01   6.9231815e-02   7.4460707e-02   8.0084524e-02   8.6133092e-02   1.2265563e+00   4.9438490e-01   7.0401618e+00   2.8376600e+00   3.0519808e+00
   1.5076240e-03   7.9032419e-03   4.2177321e-02   2.2508819e-01   1.2012307e+00   4.8417699e-01   5.2074558e-01   7.4155442e+00   2.9889644e+00   3.2147129e+00
   7.3523334e-03   2.9109947e-03   4.1453276e-02   2.2122417e-01   1.1806096e+00   4.7586528e-01   5.1180610e-01   7.2882439e+00   2.9376538e+00   3.1595269e+00
   7.3523334e-03   3.8542282e-02   1.5535139e-02   2.2122417e-01   1.1806096e+00   4.7586528e-01   5.1180610e-01   7.2882439e+00   2.9376538e+00   3.1595269e+00
   3.5855629e-02   1.4196248e-02   1.5268452e-02   2.1742649e-01   1.1603424e+00   4.6769625e-01   5.0302009e-01   7.1631290e+00   2.8872241e+00   3.1052883e+00
   7.3523334e-03   3.8542282e-02   2.0568903e-01   8.2906553e-02   1.1806096e+00   4.7586528e-01   5.1180610e-01   7.2882439e+00   2.9376538e+00   3.1595269e+00
   3.5855629e-02   1.4196248e-02   2.0215804e-01   8.1483322e-02   1.1603424e+00   4.6769625e-01   5.0302009e-01   7.1631290e+00   2.8872241e+00   3.1052883e+00
   3.5855629e-02   1.8796179e-01   7.5761277e-02   8.1483322e-02   1.1603424e+00   4.6769625e-01   5.0302009e-01   7.1631290e+00   2.8872241e+00   3.1052883e+00
   1.7485960e-01   6.9231815e-02   7.4460707e-02   8.0084524e-02   1.1404232e+00   4.5966746e-01   4.9438490e-01   7.0401618e+00   2.8376600e+00   3.0519808e+00
   7.3523334e-03   3.8542282e-02   2.0568903e-01   1.0977030e+00   4.4244835e-01   4.7586528e-01   5.1180610e-01   7.2882439e+00   2.9376538e+00   3.1595269e+00
   3.5855629e-02   1.4196248e-02   2.0215804e-01   1.0788591e+00   4.3485298e-01   4.6769625e-01   5.0302009e-01   7.1631290e+00   2.8872241e+00   3.1052883e+00
   3.5855629e-02   1.8796179e-01   7.5761277e-02   1.0788591e+00   4.3485298e-01   4.6769625e-01   5.0302009e-01   7.1631290e+00   2.8872241e+00   3.1052883e+00
   1.7485960e-01   6.9231815e-02   7.4460707e-02   1.0603387e+00   4.2738799e-01   4.5966746e-01   4.9438490e-01   7.0401618e+00   2.8376600e+00   3.0519808e+00
   3.5855629e-02   1.8796179e-01   1.0030978e+00   4.0431607e-01   4.3485298e-01   4.6769625e-01   5.0302009e-01   7.1631290e+00   2.8872241e+00   3.1052883e+00
   1.7485960e-01   6.9231815e-02   9.8587796e-01   3.9737531e-01   4.2738799e-01   4.5966746e-01   4.9438490e-01   7.0401618e+00   2.8376600e+00   3.0519808e+00
   1.7485960e-01   9.1664614e-01   3.6947021e-01   3.9737531e-01   4.2738799e-01   4.5966746e-01   4.9438490e-01   7.0401618e+00   2.8376600e+00   3.0519808e+00
   8.5274982e-01   3.3762754e-01   3.6312764e-01   3.9055369e-01   4.2005116e-01   4.5177649e-01   4.8589795e-01   6.9193056e+00   2.7889468e+00   2.9995884e+00
   3.0914406e-04   1.6205899e-03   8.6486206e-03   4.6155192e-02   2.4631694e-01   1.3145224e+00   7.0152268e+00   2.8276095e+00   3.0411713e+00   3.2708627e+00
   1.5076240e-03   5.9691057e-04   8.5001524e-03   4.5362861e-02   2.4208850e-01   1.2919564e+00   6.8947987e+00   2.7790689e+00   2.9889644e+00   3.2147129e+00
   1.5076240e-03   7.9032419e-03   3.1855395e-03   4.5362861e-02   2.4208850e-01   1.2919564e+00   6.8947987e+00   2.7790689e+00   2.9889644e+00   3.2147129e+00
   7.3523334e-03   2.9109947e-03   3.1308543e-03   4.4584131e-02   2.3793264e-01   1.2697778e+00   6.7764378e+00   2.7313615e+00   2.9376538e+00   3.1595269e+00
   1.5076240e-03   7.9032419e-03   4.2177321e-02   1.7000305e-02   2.4208850e-01   1.2919564e+00   6.8947987e+00   2.7790689e+00   2.9889644e+00   3.2147129e+00
   7.3523334e-03   2.9109947e-03   4.1453276e-02   1.6708466e-02   2.3793264e-01   1.2697778e+00   6.7764378e+00   2.7313615e+00   2.9376538e+00   3.1595269e+00
   7.3523334e-03   3.8542282e-02   1.5535139e-02   1.6708466e-02   2.3793264e-01   1.2697778e+00   6.7764378e+00   2.7313615e+00   2.9376538e+00   3.1595269e+00
   3.5855629e-02   1.4196248e-02   1.5268452e-02   1.6421637e-02   2.3384812e-01   1.2479800e+00   6.6601089e+00   2.6844730e+00   2.8872241e+00   3.1052883e+00
   1.5076240e-03   7.9032419e-03   4.2177321e-02   2.2508819e-01   9.0725721e-02   1.2919564e+00   6.8947987e+00   2.7790689e+00   2.9889644e+00   3.2147129e+00
   7.3523334e-03   2.9109947e-03   4.1453276e-02   2.2122417e-01   8.9168261e-02   1.2697778e+00   6.7764378e+00   2.7313615e+00   2.9376538e+00   3.1595269e+00
   7.3523334e-03   3.8542282e-02   1.5535139e-02   2.2122417e-01   8.9168261e-02   1.2697778e+00   6.7764378e+00   2.7313615e+00   2.9376538e+00   3.1595269e+00
   3.5855629e-02   1.4196248e-02   1.5268452e-02   2.1742649e-01   8.7637538e-02   1.2479800e+00   6.6601089e+00   2.6844730e+00   2.8872241e+00   3.1052883e+00
   7.3523334e-03   3.8542282e-02   2.0568903e-01   8.2906553e-02   8.9168261e-02   1.2697778e+00   6.7764378e+00   2.7313615e+00   2.9376538e+00   3.1595269e+00
   3.5855629e-02   1.4196248e-02   2.0215804e-01   8.1483322e-02   8.7637538e-02   1.2479800e+00   6.6601089e+00   2.6844730e+00   2.8872241e+00   3.1052883e+00
   3.5855629e-02   1.8796179e-01   7.5761277e-02   8.1483322e-02   8.7637538e-02   1.2479800e+00   6.6601089e+00   2.6844730e+00   2.8872241e+00   3.1052883e+00
   1.7485960e-01   6.9231815e-02   7.4460707e-02   8.0084524e-02   8.6133092e-02   1.2265563e+00   6.5457769e+00   2.6383895e+00   2.8376600e+00   3.0519808e+00
   1.5076240e-03   7.9032419e-03   4.2177321e-02   2.2508819e-01   1.2012307e+00   4.8417699e-01   6.8947987e+00   2.7790689e+00   2.9889644e+00   3.2147129e+00
   7.3523334e-03   2.9109947e-03   4.1453276e-02   2.2122417e-01   1.1806096e+00   4.7586528e-01   6.7764378e+00   2.7313615e+00   2.9376538e+00   3.1595269e+00
   7.3523334e-03   3.8542282e-02   1.5535139e-02   2.2122417e-01   1.1806096e+00   4.7586528e-01   6.7764378e+00   2.7313615e+00   2.9376538e+00   3.1595269e+00
   3.5855629e-02   1.4196248e-02   1.5268452e-02   2.1742649e-01   1.1603424e+00   4.6769625e-01   6.6601089e+00   2.6844730e+00   2.8872241e+00   3.1052883e+00
   7.3523334e-03   3.8542282e-02   2.0568903e-01   8.2906553e-02   1.1806096e+00   4.7586528e-01   6.7764378e+00   2.7313615e+00   2.9376538e+00   3.1595269e+00
   3.5855629e-02   1.4196248e-02   2.0215804e-01   8.1483322e-02   1.1603424e+00   4.6769625e-01   6.6601089e+00   2.6844730e+00   2.8872241e+00   3.1052883e+00
   3.5855629e-02   1.8796179e-01   7.5761277e-02   8.1483322e-02   1.1603424e+00   4.6769625e-01   6.6601089e+00   2.6844730e+00   2.8872241e+00   3.1052883e+00
   1.7485960e-01   6.9231815e-02   7.4460707e-02   8.0084524e-02   1.1404232e+00   4.5966746e-01   6.5457769e+00   2.6383895e+00   2.8376600e+00   3.0519808e+00
   7.3523334e-03   3.8542282e-02   2.0568903e-01   1.0977030e+00   4.4244835e-01   4.7586528e-01   6.7764378e+00   2.7313615e+00   2.9376538e+00   3.1595269e+00
   3.5855629e-02   1.4196248e-02   2.0215804e-01   1.0788591e+00   4.3485298e-01   4.6769625e-01   6.6601089e+00   2.6844730e+00   2.8872241e+00   3.1052883e+00
   3.5855629e-02   1.8796179e-01   7.5761277e-02   1.0788591e+00   4.3485298e-01   4.6769625e-01   6.6601089e+00   2.6844730e+00   2.8872241e+00   3.1052883e+00
   1.7485960e-01   6.9231815e-02   7.4460707e-02   1.0603387e+00   4.2738799e-01   4.5966746e-01   6.5457769e+00   2.6383895e+00   2.8376600e+00   3.0519808e+00
   3.5855629e-02   1.8796179e-01   1.0030978e+00   4.0431607e-01   4.3485298e-01   4.6769625e-01   6.6601089e+00   2.6844730e+00   2.8872241e+00   3.1052883e+00
   1.7485960e-01   6.9231815e-02   9.8587796e-01   3.9737531e-01   4.2738799e-01   4.5966746e-01   6.5457769e+00   2.6383895e+00   2.8376600e+00   3.0519808e+00
   1.7485960e-01   9.1664614e-01   3.6947021e-01   3.9737531e-01   4.2738799e-01   4.5966746e-01   6.5457769e+00   2.6383895e+00   2.8376600e+00   3.0519808e+00
   8.5274982e-01   3.3762754e-01   3.6312764e-01   3.9055369e-01   4.2005116e-01   4.5177649e-01   6.4334076e+00   2.5930971e+00   2.7889468e+00   2.9995884e+00
   1.5076240e-03   7.9032419e-03   4.2177321e-02   2.2508819e-01   1.2012307e+00   6.4106217e+00   2.5839129e+00   2.7790689e+00   2.9889644e+00   3.2147129e+00
   7.3523334e-03   2.9109947e-03   4.1453276e-02   2.2122417e-01   1.1806096e+00   6.3005726e+00   2.5395557e+00   2.7313615e+00   2.9376538e+00   3.1595269e+00
   7.3523334e-03   3.8542282e-02   1.5535139e-02   2.2122417e-01   1.1806096e+00   6.3005726e+00   2.5395557e+00   2.7313615e+00   2.9376538e+00   3.1595269e+00
   3.5855629e-02   1.4196248e-02   1.5268452e-02   2.1742649e-01   1.1603424e+00   6.1924126e+00   2.4959599e+00   2.6844730e+00   2.8872241e+00   3.1052883e+00
   7.3523334e-03   3.8542282e-02   2.0568903e-01   8.2906553e-02   1.1806096e+00   6.3005726e+00   2.5395557e+00   2.7313615e+00   2.9376538e+00   3.1595269e+00
   3.5855629e-02   1.4196248e-02   2.0215804e-01   8.1483322e-02   1.1603424e+00   6.1924126e+00   2.4959599e+00   2.6844730e+00   2.8872241e+00   3.1052883e+00
   3.5855629e-02   1.8796179e-01   7.5761277e-02   8.1483322e-02   1.1603424e+00   6.1924126e+00   2.4959599e+00   2.6844730e+00   2.8872241e+00   3.1052883e+00
   1.7485960e-01   6.9231815e-02   7.4460707e-02   8.0084524e-02   1.1404232e+00   6.0861094e+00   2.4531126e+00   2.6383895e+00   2.8376600e+00   3.0519808e+00
   7.3523334e-03   3.8542282e-02   2.0568903e-01   1.0977030e+00   4.4244835e-01   6.3005726e+00   2.5395557e+00   2.7313615e+00   2.9376538e+00   3.1595269e+00
   3.5855629e-02   1.4196248e-02   2.0215804e-01   1.0788591e+00   4.3485298e-01   6.1924126e+00   2.4959599e+00   2.6844730e+00   2.8872241e+00   3.1052883e+00
   3.5855629e-02   1.8796179e-01   7.5761277e-02   1.0788591e+00   4.3485298e-01   6.1924126e+00   2.4959599e+00   2.6844730e+00   2.8872241e+00   3.1052883e+00
   1.7485960e-01   6.9231815e-02   7.4460707e-02   1.0603387e+00   4.2738799e-01   6.0861094e+00   2.4531126e+00   2.6383895e+00   2.8376600e+00   3.0519808e+00
   3.5855629e-02   1.8796179e-01   1.0030978e+00   4.0431607e-01   4.3485298e-01   6.1924126e+00   2.4959599e+00   2.6844730e+00   2.8872241e+00   3.1052883e+00
   1.7485960e-01   6.9231815e-02   9.8587796e-01   3.9737531e-01   4.2738799e-01   6.0861094e+00   2.4531126e+00   2.6383895e+00   2.8376600e+00   3.0519808e+00
   1.7485960e-01   9.1664614e-01   3.6947021e-01   3.9737531e-01   4.2738799e-01   6.0861094e+00   2.4531126e+00   2.6383895e+00   2.8376600e+00   3.0519808e+00
   8.5274982e-01   3.3762754e-01   3.6312764e-01   3.9055369e-01   4.2005116e-01   5.9816311e+00   2.4110008e+00   2.5930971e+00   2.7889468e+00   2.9995884e+00
   7.3523334e-03   3.8542282e-02   2.0568903e-01   1.0977030e+00   5.8581242e+00   2.3612191e+00   2.5395557e+00   2.7313615e+00   2.9376538e+00   3.1595269e+00
   3.5855629e-02   1.4196248e-02   2.0215804e-01   1.0788591e+00   5.7575596e+00   2.3206848e+00   2.4959599e+00   2.6844730e+00   2.8872241e+00   3.1052883e+00
   3.5855629e-02   1.8796179e-01   7.5761277e-02   1.0788591e+00   5.7575596e+00   2.3206848e+00   2.4959599e+00   2.6844730e+00   2.8872241e+00   3.1052883e+00
   1.7485960e-01   6.9231815e-02   7.4460707e-02   1.0603387e+00   5.6587214e+00   2.2808464e+00   2.4531126e+00   2.6383895e+00   2.8376600e+00   3.0519808e+00
   3.5855629e-02   1.8796179e-01   1.0030978e+00   4.0431607e-01   5.7575596e+00   2.3206848e+00   2.4959599e+00   2.6844730e+00   2.8872241e+00   3.1052883e+00
   1.7485960e-01   6.9231815e-02   9.8587796e-01   3.9737531e-01   5.6587214e+00   2.2808464e+00   2.4531126e+00   2.6383895e+00   2.8376600e+00   3.0519808e+00
   1.7485960e-01   9.1664614e-01   3.6947021e-01   3.9737531e-01   5.6587214e+00   2.2808464e+00   2.4531126e+00   2.6383895e+00   2.8376600e+00   3.0519808e+00
   8.5274982e-01   3.3762754e-01   3.6312764e-01   3.9055369e-01   5.5615800e+00   2.2416918e+00   2.4110008e+00   2.5930971e+00   2.7889468e+00   2.9995884e+00
   3.5855629e-02   1.8796179e-01   1.0030978e+00   5.3532436e+00   2.1577182e+00   2.3206848e+00   2.4959599e+00   2.6844730e+00   2.8872241e+00   3.1052883e+00
   1.7485960e-01   6.9231815e-02   9.8587796e-01   5.2613461e+00   2.1206773e+00   2.2808464e+00   2.4531126e+00   2.6383895e+00   2.8376600e+00   3.0519808e+00
   1.7485960e-01   9.1664614e-01   3.6947021e-01   5.2613461e+00   2.1206773e+00   2.2808464e+00   2.4531126e+00   2.6383895e+00   2.8376600e+00   3.0519808e+00
   8.5274982e-01   3.3762754e-01   3.6312764e-01   5.1710263e+00   2.0842723e+00   2.2416918e+00   2.4110008e+00   2.5930971e+00   2.7889468e+00   2.9995884e+00
   1.7485960e-01   9.1664614e-01   4.8918759e+00   1.9717559e+00   2.1206773e+00   2.2808464e+00   2.4531126e+00   2.6383895e+00   2.8376600e+00   3.0519808e+00
   8.5274982e-01   3.3762754e-01   4.8078986e+00   1.9379074e+00   2.0842723e+00   2.2416918e+00   2.4110008e+00   2.5930971e+00   2.7889468e+00   2.9995884e+00
   8.5274982e-01   4.4702711e+00   1.8018207e+00   1.9379074e+00   2.0842723e+00   2.2416918e+00   2.4110008e+00   2.5930971e+00   2.7889468e+00   2.9995884e+00
   4.1586635e+00   1.6465314e+00   1.7708894e+00   1.9046400e+00   2.0484923e+00   2.2032094e+00   2.3696119e+00   2.5485823e+00   2.7410698e+00   2.9480954e+00
   6.3391168e-05   3.3230814e-04   1.7734326e-03   9.4642982e-03   5.0508228e-02   2.6954784e-01   1.4384990e+00   5.7981212e-01   8.2566663e+00   3.3279933e+00
   3.0914406e-04   1.2239879e-04   1.7429887e-03   9.3018276e-03   4.9641169e-02   2.6492060e-01   1.4138048e+00   5.6985867e-01   8.1149267e+00   3.2708627e+00
   3.0914406e-04   1.6205899e-03   6.5320702e-04   9.3018276e-03   4.9641169e-02   2.6492060e-01   1.4138048e+00   5.6985867e-01   8.1149267e+00   3.2708627e+00
   1.5076240e-03   5.9691057e-04   6.4199362e-04   9.1421461e-03   4.8788995e-02   2.6037279e-01   1.3895344e+00   5.6007609e-01   7.9756203e+00   3.2147129e+00
   3.0914406e-04   1.6205899e-03   8.6486206e-03   3.4859774e-03   4.9641169e-02   2.6492060e-01   1.4138048e+00   5.6985867e-01   8.1149267e+00   3.2708627e+00
   1.5076240e-03   5.9691057e-04   8.5001524e-03   3.4261347e-03   4.8788995e-02   2.6037279e-01   1.3895344e+00   5.6007609e-01   7.9756203e+00   3.2147129e+00
   1.5076240e-03   7.9032419e-03   3.1855395e-03   3.4261347e-03   4.8788995e-02   2.6037279e-01   1.3895344e+00   5.6007609e-01   7.9756203e+00   3.2147129e+00
   7.3523334e-03   2.9109947e-03   3.1308543e-03   3.3673193e-03   4.7951450e-02   2.5590305e-01   1.3656807e+00   5.5046144e-01   7.8387054e+00   3.1595269e+00
   3.0914406e-04   1.6205899e-03   8.6486206e-03   4.6155192e-02   1.8603655e-02   2.6492060e-01   1.4138048e+00   5.6985867e-01   8.1149267e+00   3.2708627e+00
   1.5076240e-03   5.9691057e-04   8.5001524e-03   4.5362861e-02   1.8284292e-02   2.6037279e-01   1.3895344e+00   5.6007609e-01   7.9756203e+00   3.2147129e+00
   1.5076240e-03   7.9032419e-03   3.1855395e-03   4.5362861e-02   1.8284292e-02   2.6037279e-01   1.3895344e+00   5.6007609e-01   7.9756203e+00   3.2147129e+00
   7.3523334e-03   2.9109947e-03   3.1308543e-03   4.4584131e-02   1.7970411e-02   2.5590305e-01   1.3656807e+00   5.5046144e-01   7.8387054e+00   3.1595269e+00
   1.5076240e-03   7.9032419e-03   4.2177321e-02   1.7000305e-02   1.8284292e-02   2.6037279e-01   1.3895344e+00   5.6007609e-01   7.9756203e+00   3.2147129e+00
   7.3523334e-03   2.9109947e-03   4.1453276e-02   1.6708466e-02   1.7970411e-02   2.5590305e-01   1.3656807e+00   5.5046144e-01   7.8387054e+00   3.1595269e+00
   7.3523334e-03   3.8542282e-02   1.5535139e-02   1.6708466e-02   1.7970411e-02   2.5590305e-01   1.3656807e+00   5.5046144e-01   7.8387054e+00   3.1595269e+00
   3.5855629e-02   1.4196248e-02   1.5268452e-02   1.6421637e-02   1.7661919e-02   2.5151004e-01   1.3422365e+00   5.4101184e-01   7.7041408e+00   3.1052883e+00
   3.0914406e-04   1.6205899e-03   8.6486206e-03   4.6155192e-02   2.4631694e-01   9.9282339e-02   1.4138048e+00   5.6985867e-01   8.1149267e+00   3.2708627e+00
   1.5076240e-03   5.9691057e-04   8.5001524e-03   4.5362861e-02   2.4208850e-01   9.7577990e-02   1.3895344e+00   5.6007609e-01   7.9756203e+00   3.2147129e+00
   1.5076240e-03   7.9032419e-03   3.1855395e-03   4.5362861e-02   2.4208850e-01   9.7577990e-02   1.3895344e+00   5.6007609e-01   7.9756203e+00   3.2147129e+00
   7.3523334e-03   2.9109947e-03   3.1308543e-03   4.4584131e-02   2.3793264e-01   9.5902900e-02   1.3656807e+00   5.5046144e-01   7.8387054e+00   3.1595269e+00
   1.5076240e-03   7.9032419e-03   4.2177321e-02   1.7000305e-02   2.4208850e-01   9.7577990e-02   1.3895344e+00   5.6007609e-01   7.9756203e+00   3.2147129e+00
   7.3523334e-03   2.9109947e-03   4.1453276e-02   1.6708466e-02   2.3793264e-01   9.5902900e-02   1.3656807e+00   5.5046144e-01   7.8387054e+00   3.1595269e+00
   7.3523334e-03   3.8542282e-02   1.5535139e-02   1.6708466e-02   2.3793264e-01   9.5902900e-02   1.3656807e+00   5.5046144e-01   7.8387054e+00   3.1595269e+00
   3.5855629e-02   1.4196248e-02   1.5268452e-02   1.6421637e-02   2.3384812e-01   9.4256565e-02   1.3422365e+00   5.4101184e-01   7.7041408e+00   3.1052883e+00
   1.5076240e-03   7.9032419e-03   4.2177321e-02   2.2508819e-01   9.0725721e-02   9.7577990e-02   1.3895344e+00   5.6007609e-01   7.9756203e+00   3.2147129e+00
   7.3523334e-03   2.9109947e-03   4.1453276e-02   2.2122417e-01   8.9168261e-02   9.5902900e-02   1.3656807e+00   5.5046144e-01   7.8387054e+00   3.1595269e+00
   7.3523334e-03   3.8542282e-02   1.5535139e-02   2.2122417e-01   8.9168261e-02   9.5902900e-02   1.3656807e+00   5.5046144e-01   7.8387054e+00   3.1595269e+00
   3.5855629e-02   1.4196248e-02   1.5268452e-02   2.1742649e-01   8.7637538e-02   9.4256565e-02   1.3422365e+00   5.4101184e-01   7.7041408e+00   3.1052883e+00
   7.3523334e-03   3.8542282e-02   2.0568903e-01   8.2906553e-02   8.9168261e-02   9.5902900e-02   1.3656807e+00   5.5046144e-01   7.8387054e+00   3.1595269e+00
   3.5855629e-02   1.4196248e-02   2.0215804e-01   8.1483322e-02   8.7637538e-02   9.4256565e-02   1.3422365e+00   5.4101184e-01   7.7041408e+00   3.1052883e+00
   3.5855629e-02   1.8796179e-01   7.5761277e-02   8.1483322e-02   8.7637538e-02   9.4256565e-02   1.3422365e+00   5.4101184e-01   7.7041408e+00   3.1052883e+00
   1.7485960e-01   6.9231815e-02   7.4460707e-02   8.0084524e-02   8.6133092e-02   9.2638493e-02   1.3191948e+00   5.3172446e-01   7.5718863e+00   3.0519808e+00
   3.0914406e-04   1.6205899e-03   8.6486206e-03   4.6155192e-02   2.4631694e-01   1.3145224e+00   5.2984119e-01   5.6985867e-01   8.1149267e+00   3.2708627e+00
   1.5076240e-03   5.9691057e-04   8.5001524e-03   4.5362861e-02   2.4208850e-01   1.2919564e+00   5.2074558e-01   5.6007609e-01   7.9756203e+00   3.2147129e+00
   1.5076240e-03   7.9032419e-03   3.1855395e-03   4.5362861e-02   2.4208850e-01   1.2919564e+00   5.2074558e-01   5.6007609e-01   7.9756203e+00   3.2147129e+00
   7.3523334e-03   2.9109947e-03   3.1308543e-03   4.4584131e-02   2.3793264e-01   1.2697778e+00   5.1180610e-01   5.5046144e-01   7.8387054e+00   3.1595269e+00
   1.5076240e-03   7.9032419e-03   4.2177321e-02   1.7000305e-02   2.4208850e-01   1.2919564e+00   5.2074558e-01   5.6007609e-01   7.9756203e+00   3.2147129e+00
   7.3523334e-03   2.9109947e-03   4.1453276e-02   1.6708466e-02   2.3793264e-01   1.2697778e+00   5.1180610e-01   5.5046144e-01   7.8387054e+00   3.1595269e+00
   7.3523334e-03   3.8542282e-02   1.5535139e-02   1.6708466e-02   2.3793264e-01   1.2697778e+00   5.1180610e-01   5.5046144e-01   7.8387054e+00   3.1595269e+00
   3.5855629e-02   1.4196248e-02   1.5268452e-02   1.6421637e-02   2.3384812e-01   1.2479800e+00   5.0302009e-01   5.4101184e-01   7.7041408e+00   3.1052883e+00
   1.5076240e-03   7.9032419e-03   4.2177321e-02   2.2508819e-01   9.0725721e-02   1.2919564e+00   5.2074558e-01   5.6007609e-01   7.9756203e+00   3.2147129e+00
   7.3523334e-03   2.9109947e-03   4.1453276e-02   2.2122417e-01   8.9168261e-02   1.2697778e+00   5.1180610e-01   5.5046144e-01   7.8387054e+00   3.1595269e+00
   7.3523334e-03   3.8542282e-02   1.5535139e-02   2.2122417e-01   8.9168261e-02   1.2697778e+00   5.1180610e-01   5.5046144e-01   7.8387054e+00   3.1595269e+00
   3.5855629e-02   1.4196248e-02   1.5268452e-02   2.1742649e-01   8.7637538e-02   1.2479800e+00   5.0302009e-01   5.4101184e-01   7.7041408e+00   3.1052883e+00
   7.3523334e-03   3.8542282e-02   2.0568903e-01   8.2906553e-02   8.9168261e-02   1.2697778e+00   5.1180610e-01   5.5046144e-01   7.8387054e+00   3.1595269e+00
   3.5855629e-02   1.4196248e-02   2.0215804e-01   8.1483322e-02   8.7637538e-02   1.2479800e+00   5.0302009e-01   5.4101184e-01   7.7041408e+00   3.1052883e+00
   3.5855629e-02   1.8796179e-01   7.5761277e-02   8.1483322e-02   8.7637538e-02   1.2479800e+00   5.0302009e-01   5.4101184e-01   7.7041408e+00   3.1052883e+00
   1.7485960e-01   6.9231815e-02   7.4460707e-02   8.0084524e-02   8.6133092e-02   1.2265563e+00   4.9438490e-01   5.3172446e-01   7.5718863e+00   3.0519808e+00
   1.5076240e-03   7.9032419e-03   4.2177321e-02   2.2508819e-01   1.2012307e+00   4.8417699e-01   5.2074558e-01   5.6007609e-01   7.9756203e+00   3.2147129e+00
   7.3523334e-03   2.9109947e-03   4.1453276e-02   2.2122417e-01   1.1806096e+00   4.7586528e-01   5.1180610e-01   5.5046144e-01   7.8387054e+00   3.1595269e+00
   7.3523334e-03   3.8542282e-02   1.5535139e-02   2.2122417e-01   1.1806096e+00   4.7586528e-01   5.1180610e-01   5.5046144e-01   7.8387054e+00   3.1595269e+00
   3.5855629e-02   1.4196248e-02   1.5268452e-02   2.1742649e-01   1.1603424e+00   4.6769625e-01   5.0302009e-01   5.4101184e-01   7.7041408e+00   3.1052883e+00
   7.3523334e-03   3.8542282e-02   2.0568903e-01   8.2906553e-02   1.1806096e+00   4.7586528e-01   5.1180610e-01   5.5046144e-01   7.8387054e+00   3.1595269e+00
   3.5855629e-02   1.4196248e-02   2.0215804e-01   8.1483322e-02   1.1603424e+00   4.6769625e-01   5.0302009e-01   5.4101184e-01   7.7041408e+00   3.1052883e+00
   3.5855629e-02   1.8796179e-01   7.5761277e-02   8.1483322e-02   1.1603424e+00   4.6769625e-01   5.0302009e-01   5.4101184e-01   7.7041408e+00   3.1052883e+00
   1.7485960e-01   6.9231815e-02   7.4460707e-02   8.0084524e-02   1.1404232e+00   4.5966746e-01   4.9438490e-01   5.3172446e-01   7.5718863e+00   3.0519808e+00
   7.3523334e-03   3.8542282e-02   2.0568903e-01   1.0977030e+00   4.4244835e-01   4.7586528e-01   5.1180610e-01   5.5046144e-01   7.8387054e+00   3.1595269e+00
   3.5855629e-02   1.4196248e-02   2.0215804e-01   1.0788591e+00   4.3485298e-01   4.6769625e-01   5.0302009e-01   5.4101184e-01   7.7041408e+00   3.1052883e+00
   3.5855629e-02   1.8796179e-01   7.5761277e-02   1.0788591e+00   4.3485298e-01   4.6769625e-01   5.0302009e-01   5.4101184e-01   7.7041408e+00   3.1052883e+00
   1.7485960e-01   6.9231815e-02   7.4460707e-02   1.0603387e+00   4.2738799e-01   4.5966746e-01   4.9438490e-01   5.3172446e-01   7.5718863e+00   3.0519808e+00
   3.5855629e-02   1.8796179e-01   1.0030978e+00   4.0431607e-01   4.3485298e-01   4.6769625e-01   5.0302009e-01   5.4101184e-01   7.7041408e+00   3.1052883e+00
   1.7485960e-01   6.9231815e-02   9.8587796e-01   3.9737531e-01   4.2738799e-01   4.5966746e-01   4.9438490e-01   5.3172446e-01   7.5718863e+00   3.0519808e+00
   1.7485960e-01   9.1664614e-01   3.6947021e-01   3.9737531e-01   4.2738799e-01   4.5966746e-01   4.9438490e-01   5.3172446e-01   7.5718863e+00   3.0519808e+00
   8.5274982e-01   3.3762754e-01   3.6312764e-01   3.9055369e-01   4.2005116e-01   4.5177649e-01   4.8589795e-01   5.2259652e-01   7.4419021e+00   2.9995884e+00
   6.3391168e-05   3.3230814e-04   1.7734326e-03   9.4642982e-03   5.0508228e-02   2.6954784e-01   1.0864596e-01   1.5471450e+00   8.2566663e+00   3.3279933e+00
   3.0914406e-04   1.2239879e-04   1.7429887e-03   9.3018276e-03   4.9641169e-02   2.6492060e-01   1.0678087e-01   1.5205856e+00   8.1149267e+00   3.2708627e+00
   3.0914406e-04   1.6205899e-03   6.5320702e-04   9.3018276e-03   4.9641169e-02   2.6492060e-01   1.0678087e-01   1.5205856e+00   8.1149267e+00   3.2708627e+00
   1.5076240e-03   5.9691057e-04   6.4199362e-04   9.1421461e-03   4.8788995e-02   2.6037279e-01   1.0494779e-01   1.4944822e+00   7.9756203e+00   3.2147129e+00
   3.0914406e-04   1.6205899e-03   8.6486206e-03   3.4859774e-03   4.9641169e-02   2.6492060e-01   1.0678087e-01   1.5205856e+00   8.1149267e+00   3.2708627e+00
   1.5076240e-03   5.9691057e-04   8.5001524e-03   3.4261347e-03   4.8788995e-02   2.6037279e-01   1.0494779e-01   1.4944822e+00   7.9756203e+00   3.2147129e+00
   1.5076240e-03   7.9032419e-03   3.1855395e-03   3.4261347e-03   4.8788995e-02   2.6037279e-01   1.0494779e-01   1.4944822e+00   7.9756203e+00   3.2147129e+00
   7.3523334e-03   2.9109947e-03   3.1308543e-03   3.3673193e-03   4.7951450e-02   2.5590305e-01   1.0314619e-01   1.4688269e+00   7.8387054e+00   3.1595269e+00
   3.0914406e-04   1.6205899e-03   8.6486206e-03   4.6155192e-02   1.8603655e-02   2.6492060e-01   1.0678087e-01   1.5205856e+00   8.1149267e+00   3.2708627e+00
   1.5076240e-03   5.9691057e-04   8.5001524e-03   4.5362861e-02   1.8284292e-02   2.6037279e-01   1.0494779e-01   1.4944822e+00   7.9756203e+00   3.2147129e+00
   1.5076240e-03   7.9032419e-03   3.1855395e-03   4.5362861e-02   1.8284292e-02   2.6037279e-01   1.0494779e-01   1.4944822e+00   7.9756203e+00   3.2147129e+00
   7.3523334e-03   2.9109947e-03   3.1308543e-03   4.4584131e-02   1.7970411e-02   2.5590305e-01   1.0314619e-01   1.4688269e+00   7.8387054e+00   3.1595269e+00
   1.5076240e-03   7.9032419e-03   4.2177321e-02   1.7000305e-02   1.8284292e-02   2.6037279e-01   1.0494779e-01   1.4944822e+00   7.9756203e+00   3.2147129e+00
   7.3523334e-03   2.9109947e-03   4.1453276e-02   1.6708466e-02   1.7970411e-02   2.5590305e-01   1.0314619e-01   1.4688269e+00   7.8387054e+00   3.1595269e+00
   7.3523334e-03   3.8542282e-02   1.5535139e-02   1.6708466e-02   1.7970411e-02   2.5590305e-01   1.0314619e-01   1.4688269e+00   7.8387054e+00   3.1595269e+00
   3.5855629e-02   1.4196248e-02   1.5268452e-02   1.6421637e-02   1.7661919e-02   2.5151004e-01   1.0137551e-01   1.4436120e+00   7.7041408e+00   3.1052883e+00
   3.0914406e-04   1.6205899e-03   8.6486206e-03   4.6155192e-02   2.4631694e-01   9.9282339e-02   1.0678087e-01   1.5205856e+00   8.1149267e+00   3.2708627e+00
   1.5076240e-03   5.9691057e-04   8.5001524e-03   4.5362861e-02   2.4208850e-01   9.7577990e-02   1.0494779e-01   1.4944822e+00   7.9756203e+00   3.2147129e+00
   1.5076240e-03   7.9032419e-03   3.1855395e-03   4.5362861e-02   2.4208850e-01   9.7577990e-02   1.0494779e-01   1.4944822e+00   7.9756203e+00   3.2147129e+00
   7.3523334e-03   2.9109947e-03   3.1308543e-03   4.4584131e-02   2.3793264e-01   9.5902900e-02   1.0314619e-01   1.4688269e+00   7.8387054e+00   3.1595269e+00
   1.5076240e-03   7.9032419e-03   4.2177321e-02   1.7000305e-02   2.4208850e-01   9.7577990e-02   1.0494779e-01   1.4944822e+00   7.9756203e+00   3.2147129e+00
   7.3523334e-03   2.9109947e-03   4.1453276e-02   1.6708466e-02   2.3793264e-01   9.5902900e-02   1.0314619e-01   1.4688269e+00   7.8387054e+00   3.1595269e+00
   7.3523334e-03   3.8542282e-02   1.5535139e-02   1.6708466e-02   2.3793264e-01   9.5902900e-02   1.0314619e-01   1.4688269e+00   7.8387054e+00   3.1595269e+00
   3.5855629e-02   1.4196248e-02   1.5268452e-02   1.6421637e-02   2.3384812e-01   9.4256565e-02   1.0137551e-01   1.4436120e+00   7.7041408e+00   3.1052883e+00
   1.5076240e-03   7.9032419e-03   4.2177321e-02   2.2508819e-01   9.0725721e-02   9.7577990e-02   1.0494779e-01   1.4944822e+00   7.9756203e+00   3.2147129e+00
   7.3523334e-03   2.9109947e-03   4.1453276e-02   2.2122417e-01   8.9168261e-02   9.5902900e-02   1.0314619e-01   1.4688269e+00   7.8387054e+00   3.1595269e+00
   7.3523334e-03   3.8542282e-02   1.5535139e-02   2.2122417e-01   8.9168261e-02   9.5902900e-02   1.0314619e-01   1.4688269e+00   7.8387054e+00   3.1595269e+00
   3.5855629e-02   1.4196248e-02   1.5268452e-02   2.1742649e-01   8.7637538e-02   9.4256565e-02   1.0137551e-01   1.4436120e+00   7.7041408e+00   3.1052883e+00
   7.3523334e-03   3.8542282e-02   2.0568903e-01   8.2906553e-02   8.9168261e-02   9.5902900e-02   1.0314619e-01   1.4688269e+00   7.8387054e+00   3.1595269e+00
   3.5855629e-02   1.4196248e-02   2.0215804e-01   8.1483322e-02   8.7637538e-02   9.4256565e-02   1.0137551e-01   1.4436120e+00   7.7041408e+00   3.1052883e+00
   3.5855629e-02   1.8796179e-01   7.5761277e-02   8.1483322e-02   8.7637538e-02   9.4256565e-02   1.0137551e-01   1.4436120e+00   7.7041408e+00   3.1052883e+00
   1.7485960e-01   6.9231815e-02   7.4460707e-02   8.0084524e-02   8.6133092e-02   9.2638493e-02   9.9635229e-02   1.4188300e+00   7.5718863e+00   3.0519808e+00
   6.3391168e-05   3.3230814e-04   1.7734326e-03   9.4642982e-03   5.0508228e-02   2.0358222e-02   2.8990606e-01   1.5471450e+00   8.2566663e+00   3.3279933e+00
   3.0914406e-04   1.2239879e-04   1.7429887e-03   9.3018276e-03   4.9641169e-02   2.0008739e-02   2.8492933e-01   1.5205856e+00   8.1149267e+00   3.2708627e+00
   3.0914406e-04   1.6205899e-03   6.5320702e-04   9.3018276e-03   4.9641169e-02   2.0008739e-02   2.8492933e-01   1.5205856e+00   8.1149267e+00   3.2708627e+00
   1.5076240e-03   5.9691057e-04   6.4199362e-04   9.1421461e-03   4.8788995e-02   1.9665255e-02   2.8003804e-01   1.4944822e+00   7.9756203e+00   3.2147129e+00
   3.0914406e-04   1.6205899e-03   8.6486206e-03   3.4859774e-03   4.9641169e-02   2.0008739e-02   2.8492933e-01   1.5205856e+00   8.1149267e+00   3.2708627e+00
   1.5076240e-03   5.9691057e-04   8.5001524e-03   3.4261347e-03   4.8788995e-02   1.9665255e-02   2.8003804e-01   1.4944822e+00   7.9756203e+00   3.2147129e+00
   1.5076240e-03   7.9032419e-03   3.1855395e-03   3.4261347e-03   4.8788995e-02   1.9665255e-02   2.8003804e-01   1.4944822e+00   7.9756203e+00   3.2147129e+00
   7.3523334e-03   2.9109947e-03   3.1308543e-03   3.3673193e-03   4.7951450e-02   1.9327668e-02   2.7523072e-01   1.4688269e+00   7.8387054e+00   3.1595269e+00
   3.0914406e-04   1.6205899e-03   8.6486206e-03   4.6155192e-02   1.8603655e-02   2.0008739e-02   2.8492933e-01   1.5205856e+00   8.1149267e+00   3.2708627e+00
   1.5076240e-03   5.9691057e-04   8.5001524e-03   4.5362861e-02   1.8284292e-02   1.9665255e-02   2.8003804e-01   1.4944822e+00   7.9756203e+00   3.2147129e+00
   1.5076240e-03   7.9032419e-03   3.1855395e-03   4.5362861e-02   1.8284292e-02   1.9665255e-02   2.8003804e-01   1.4944822e+00   7.9756203e+00   3.2147129e+00
   7.3523334e-03   2.9109947e-03   3.1308543e-03   4.4584131e-02   1.7970411e-02   1.9327668e-02   2.7523072e-01   1.4688269e+00   7.8387054e+00   3.1595269e+00
   1.5076240e-03   7.9032419e-03   4.2177321e-02   1.7000305e-02   1.8284292e-02   1.9665255e-02   2.8003804e-01   1.4944822e+00   7.9756203e+00   3.2147129e+00
   7.3523334e-03   2.9109947e-03   4.1453276e-02   1.6708466e-02   1.7970411e-02   1.9327668e-02   2.7523072e-01   1.4688269e+00   7.8387054e+00   3.1595269e+00
   7.3523334e-03   3.8542282e-02   1.5535139e-02   1.6708466e-02   1.7970411e-02   1.9327668e-02   2.7523072e-01   1.4688269e+00   7.8387054e+00   3.1595269e+00
   3.5855629e-02   1.4196248e-02   1.5268452e-02   1.6421637e-02   1.7661919e-02   1.8995876e-02   2.7050592e-01   1.4436120e+00   7.7041408e+00   3.1052883e+00
   6.3391168e-05   3.3230814e-04   1.7734326e-03   9.4642982e-03   3.8147505e-03   5.4322979e-02   2.8990606e-01   1.5471450e+00   8.2566663e+00   3.3279933e+00
   3.0914406e-04   1.2239879e-04   1.7429887e-03   9.3018276e-03   3.7492638e-03   5.3390433e-02   2.8492933e-01   1.5205856e+00   8.1149267e+00   3.2708627e+00
   3.0914406e-04   1.6205899e-03   6.5320702e-04   9.3018276e-03   3.7492638e-03   5.3390433e-02   2.8492933e-01   1.5205856e+00   8.1149267e+00   3.2708627e+00
   1.5076240e-03   5.9691057e-04   6.4199362e-04   9.1421461e-03   3.6849014e-03   5.2473897e-02   2.8003804e-01   1.4944822e+00   7.9756203e+00   3.2147129e+00
   3.0914406e-04   1.6205899e-03   8.6486206e-03   3.4859774e-03   3.7492638e-03   5.3390433e-02   2.8492933e-01   1.5205856e+00   8.1149267e+00   3.2708627e+00
   1.5076240e-03   5.9691057e-04   8.5001524e-03   3.4261347e-03   3.6849014e-03   5.2473897e-02   2.8003804e-01   1.4944822e+00   7.9756203e+00   3.2147129e+00
   1.5076240e-03   7.9032419e-03   3.1855395e-03   3.4261347e-03   3.6849014e-03   5.2473897e-02   2.8003804e-01   1.4944822e+00   7.9756203e+00   3.2147129e+00
   7.3523334e-03   2.9109947e-03   3.1308543e-03   3.3673193e-03   3.6216439e-03   5.1573094e-02   2.7523072e-01   1.4688269e+00   7.8387054e+00   3.1595269e+00
   6.3391168e-05   3.3230814e-04   1.7734326e-03   7.1481296e-04   1.0179111e-02   5.4322979e-02   2.8990606e-01   1.5471450e+00   8.2566663e+00   3.3279933e+00
   3.0914406e-04   1.2239879e-04   1.7429887e-03   7.0254199e-04   1.0004370e-02   5.3390433e-02   2.8492933e-01   1.5205856e+00   8.1149267e+00   3.2708627e+00
   3.0914406e-04   1.6205899e-03   6.5320702e-04   7.0254199e-04   1.0004370e-02   5.3390433e-02   2.8492933e-01   1.5205856e+00   8.1149267e+00   3.2708627e+00
   1.5076240e-03   5.9691057e-04   6.4199362e-04   6.9048167e-04   9.8326277e-03   5.2473897e-02   2.8003804e-01   1.4944822e+00   7.9756203e+00   3.2147129e+00
   6.3391168e-05   3.3230814e-04   1.3394259e-04   1.9073752e-03   1.0179111e-02   5.4322979e-02   2.8990606e-01   1.5471450e+00   8.2566663e+00   3.3279933e+00
   3.0914406e-04   1.2239879e-04   1.3164324e-04   1.8746319e-03   1.0004370e-02   5.3390433e-02   2.8492933e-01   1.5205856e+00   8.1149267e+00   3.2708627e+00
   6.3391168e-05   2.5098339e-05   3.5740648e-04   1.9073752e-03   1.0179111e-02   5.4322979e-02   2.8990606e-01   1.5471450e+00   8.2566663e+00   3.3279933e+00
   1.2998601e-05   6.8141052e-05   3.6364913e-04   1.9406904e-03   1.0356905e-02   5.5271812e-02   2.9496971e-01   1.5741682e+00   8.4008815e+00   3.3861218e+00
   1.2998601e-05   6.8141052e-05   3.6364913e-04   1.9406904e-03   1.0356905e-02   5.5271812e-02   2.9496971e-01   1.5741682e+00   6.3449596e-01   9.0353775e+00
   6.3391168e-05   2.5098339e-05   3.5740648e-04   1.9073752e-03   1.0179111e-02   5.4322979e-02   2.8990606e-01   1.5471450e+00   6.2360377e-01   8.8802700e+00
   6.3391168e-05   3.3230814e-04   1.3394259e-04   1.9073752e-03   1.0179111e-02   5.4322979e-02   2.8990606e-01   1.5471450e+00   6.2360377e-01   8.8802700e+00
   3.0914406e-04   1.2239879e-04   1.3164324e-04   1.8746319e-03   1.0004370e-02   5.3390433e-02   2.8492933e-01   1.5205856e+00   6.1289856e-01   8.7278253e+00
   6.3391168e-05   3.3230814e-04   1.7734326e-03   7.1481296e-04   1.0179111e-02   5.4322979e-02   2.8990606e-01   1.5471450e+00   6.2360377e-01   8.8802700e+00
   3.0914406e-04   1.2239879e-04   1.7429887e-03   7.0254199e-04   1.0004370e-02   5.3390433e-02   2.8492933e-01   1.5205856e+00   6.1289856e-01   8.7278253e+00
   3.0914406e-04   1.6205899e-03   6.5320702e-04   7.0254199e-04   1.0004370e-02   5.3390433e-02   2.8492933e-01   1.5205856e+00   6.1289856e-01   8.7278253e+00
   1.5076240e-03   5.9691057e-04   6.4199362e-04   6.9048167e-04   9.8326277e-03   5.2473897e-02   2.8003804e-01   1.4944822e+00   6.0237712e-01   8.5779974e+00
   6.3391168e-05   3.3230814e-04   1.7734326e-03   9.4642982e-03   3.8147505e-03   5.4322979e-02   2.8990606e-01   1.5471450e+00   6.2360377e-01   8.8802700e+00
   3.0914406e-04   1.2239879e-04   1.7429887e-03   9.3018276e-03   3.7492638e-03   5.3390433e-02   2.8492933e-01   1.5205856e+00   6.1289856e-01   8.7278253e+00
   3.0914406e-04   1.6205899e-03   6.5320702e-04   9.3018276e-03   3.7492638e-03   5.3390433e-02   2.8492933e-01   1.5205856e+00   6.1289856e-01   8.7278253e+00
   1.5076240e-03   5.9691057e-04   6.4199362e-04   9.1421461e-03   3.6849014e-03   5.2473897e-02   2.8003804e-01   1.4944822e+00   6.0237712e-01   8.5779974e+00
   3.0914406e-04   1.6205899e-03   8.6486206e-03   3.4859774e-03   3.7492638e-03   5.3390433e-02   2.8492933e-01   1.5205856e+00   6.1289856e-01   8.7278253e+00
   1.5076240e-03   5.9691057e-04   8.5001524e-03   3.4261347e-03   3.6849014e-03   5.2473897e-02   2.8003804e-01   1.4944822e+00   6.0237712e-01   8.5779974e+00
   1.5076240e-03   7.9032419e-03   3.1855395e-03   3.4261347e-03   3.6849014e-03   5.2473897e-02   2.8003804e-01   1.4944822e+00   6.0237712e-01   8.5779974e+00
   7.3523334e-03   2.9109947e-03   3.1308543e-03   3.3673193e-03   3.6216439e-03   5.1573094e-02   2.7523072e-01   1.4688269e+00   5.9203631e-01   8.4307417e+00
   6.3391168e-05   3.3230814e-04   1.7734326e-03   9.4642982e-03   5.0508228e-02   2.0358222e-02   2.8990606e-01   1.5471450e+00   6.2360377e-01   8.8802700e+00
   3.0914406e-04   1.2239879e-04   1.7429887e-03   9.3018276e-03   4.9641169e-02   2.0008739e-02   2.8492933e-01   1.5205856e+00   6.1289856e-01   8.7278253e+00
   3.0914406e-04   1.6205899e-03   6.5320702e-04   9.3018276e-03   4.9641169e-02   2.0008739e-02   2.8492933e-01   1.5205856e+00   6.1289856e-01   8.7278253e+00
   1.5076240e-03   5.9691057e-04   6.4199362e-04   9.1421461e-03   4.8788995e-02   1.9665255e-02   2.8003804e-01   1.4944822e+00   6.0237712e-01   8.5779974e+00
   3.0914406e-04   1.6205899e-03   8.6486206e-03   3.4859774e-03   4.9641169e-02   2.0008739e-02   2.8492933e-01   1.5205856e+00   6.1289856e-01   8.7278253e+00
   1.5076240e-03   5.9691057e-04   8.5001524e-03   3.4261347e-03   4.8788995e-02   1.9665255e-02   2.8003804e-01   1.4944822e+00   6.0237712e-01   8.5779974e+00
   1.5076240e-03   7.9032419e-03   3.1855395e-03   3.4261347e-03   4.8788995e-02   1.9665255e-02   2.8003804e-01   1.4944822e+00   6.0237712e-01   8.5779974e+00
   7.3523334e-03   2.9109947e-03   3.1308543e-03   3.3673193e-03   4.7951450e-02   1.9327668e-02   2.7523072e-01   1.4688269e+00   5.9203631e-01   8.4307417e+00
   3.0914406e-04   1.6205899e-03   8.6486206e-03   4.6155192e-02   1.8603655e-02   2.0008739e-02   2.8492933e-01   1.5205856e+00   6.1289856e-01   8.7278253e+00
   1.5076240e-03   5.9691057e-04   8.5001524e-03   4.5362861e-02   1.8284292e-02   1.9665255e-02   2.8003804e-01   1.4944822e+00   6.0237712e-01   8.5779974e+00
   1.5076240e-03   7.9032419e-03   3.1855395e-03   4.5362861e-02   1.8284292e-02   1.9665255e-02   2.8003804e-01   1.4944822e+00   6.0237712e-01   8.5779974e+00
   7.3523334e-03   2.9109947e-03   3.1308543e-03   4.4584131e-02   1.7970411e-02   1.9327668e-02   2.7523072e-01   1.4688269e+00   5.9203631e-01   8.4307417e+00
   1.5076240e-03   7.9032419e-03   4.2177321e-02   1.7000305e-02   1.8284292e-02   1.9665255e-02   2.8003804e-01   1.4944822e+00   6.0237712e-01   8.5779974e+00
   7.3523334e-03   2.9109947e-03   4.1453276e-02   1.6708466e-02   1.7970411e-02   1.9327668e-02   2.7523072e-01   1.4688269e+00   5.9203631e-01   8.4307417e+00
   7.3523334e-03   3.8542282e-02   1.5535139e-02   1.6708466e-02   1.7970411e-02   1.9327668e-02   2.7523072e-01   1.4688269e+00   5.9203631e-01   8.4307417e+00
   3.5855629e-02   1.4196248e-02   1.5268452e-02   1.6421637e-02   1.7661919e-02   1.8995876e-02   2.7050592e-01   1.4436120e+00   5.8187301e-01   8.2860138e+00
   6.3391168e-05   3.3230814e-04   1.7734326e-03   9.4642982e-03   5.0508228e-02   2.6954784e-01   1.0864596e-01   1.5471450e+00   6.2360377e-01   8.8802700e+00
   3.0914406e-04   1.2239879e-04   1.7429887e-03   9.3018276e-03   4.9641169e-02   2.6492060e-01   1.0678087e-01   1.5205856e+00   6.1289856e-01   8.7278253e+00
   3.0914406e-04   1.6205899e-03   6.5320702e-04   9.3018276e-03   4.9641169e-02   2.6492060e-01   1.0678087e-01   1.5205856e+00   6.1289856e-01   8.7278253e+00
   1.5076240e-03   5.9691057e-04   6.4199362e-04   9.1421461e-03   4.8788995e-02   2.6037279e-01   1.0494779e-01   1.4944822e+00   6.0237712e-01   8.5779974e+00
   3.0914406e-04   1.6205899e-03   8.6486206e-03   3.4859774e-03   4.9641169e-02   2.6492060e-01   1.0678087e-01   1.5205856e+00   6.1289856e-01   8.7278253e+00
   1.5076240e-03   5.9691057e-04   8.5001524e-03   3.4261347e-03   4.8788995e-02   2.6037279e-01   1.0494779e-01   1.4944822e+00   6.0237712e-01   8.5779974e+00
   1.5076240e-03   7.9032419e-03   3.1855395e-03   3.4261347e-03   4.8788995e-02   2.6037279e-01   1.0494779e-01   1.4944822e+00   6.0237712e-01   8.5779974e+00
   7.3523334e-03   2.9109947e-03   3.1308543e-03   3.3673193e-03   4.7951450e-02   2.5590305e-01   1.0314619e-01   1.4688269e+00   5.9203631e-01   8.4307417e+00
   3.0914406e-04   1.6205899e-03   8.6486206e-03   4.6155192e-02   1.8603655e-02   2.6492060e-01   1.0678087e-01   1.5205856e+00   6.1289856e-01   8.7278253e+00
   1.5076240e-03   5.9691057e-04   8.5001524e-03   4.5362861e-02   1.8284292e-02   2.6037279e-01   1.0494779e-01   1.4944822e+00   6.0237712e-01   8.5779974e+00
   1.5076240e-03   7.9032419e-03   3.1855395e-03   4.5362861e-02   1.8284292e-02   2.6037279e-01   1.0494779e-01   1.4944822e+00   6.0237712e-01   8.5779974e+00
   7.3523334e-03   2.9109947e-03   3.1308543e-03   4.4584131e-02   1.7970411e-02   2.5590305e-01   1.0314619e-01   1.4688269e+00   5.9203631e-01   8.4307417e+00
   1.5076240e-03   7.9032419e-03   4.2177321e-02   1.7000305e-02   1.8284292e-02   2.6037279e-01   1.0494779e-01   1.4944822e+00   6.0237712e-01   8.5779974e+00
   7.3523334e-03   2.9109947e-03   4.1453276e-02   1.6708466e-02   1.7970411e-02   2.5590305e-01   1.0314619e-01   1.4688269e+00   5.9203631e-01   8.4307417e+00
   7.3523334e-03   3.8542282e-02   1.5535139e-02   1.6708466e-02   1.7970411e-02   2.5590305e-01   1.0314619e-01   1.4688269e+00   5.9203631e-01   8.4307417e+00
   3.5855629e-02   1.4196248e-02   1.5268452e-02   1.6421637e-02   1.7661919e-02   2.5151004e-01   1.0137551e-01   1.4436120e+00   5.8187301e-01   8.2860138e+00
   3.0914406e-04   1.6205899e-03   8.6486206e-03   4.6155192e-02   2.4631694e-01   9.9282339e-02   1.0678087e-01   1.5205856e+00   6.1289856e-01   8.7278253e+00
   1.5076240e-03   5.9691057e-04   8.5001524e-03   4.5362861e-02   2.4208850e-01   9.7577990e-02   1.0494779e-01   1.4944822e+00   6.0237712e-01   8.5779974e+00
   1.5076240e-03   7.9032419e-03   3.1855395e-03   4.5362861e-02   2.4208850e-01   9.7577990e-02   1.0494779e-01   1.4944822e+00   6.0237712e-01   8.5779974e+00
   7.3523334e-03   2.9109947e-03   3.1308543e-03   4.4584131e-02   2.3793264e-01   9.5902900e-02   1.0314619e-01   1.4688269e+00   5.9203631e-01   8.4307417e+00
   1.5076240e-03   7.9032419e-03   4.2177321e-02   1.7000305e-02   2.4208850e-01   9.7577990e-02   1.0494779e-01   1.4944822e+00   6.0237712e-01   8.5779974e+00
   7.3523334e-03   2.9109947e-03   4.1453276e-02   1.6708466e-02   2.3793264e-01   9.5902900e-02   1.0314619e-01   1.4688269e+00   5.9203631e-01   8.4307417e+00
   7.3523334e-03   3.8542282e-02   1.5535139e-02   1.6708466e-02   2.3793264e-01   9.5902900e-02   1.0314619e-01   1.4688269e+00   5.9203631e-01   8.4307417e+00
   3.5855629e-02   1.4196248e-02   1.5268452e-02   1.6421637e-02   2.3384812e-01   9.4256565e-02   1.0137551e-01   1.4436120e+00   5.8187301e-01   8.2860138e+00
   1.5076240e-03   7.9032419e-03   4.2177321e-02   2.2508819e-01   9.0725721e-02   9.7577990e-02   1.0494779e-01   1.4944822e+00   6.0237712e-01   8.5779974e+00
   7.3523334e-03   2.9109947e-03   4.1453276e-02   2.2122417e-01   8.9168261e-02   9.5902900e-02   1.0314619e-01   1.4688269e+00   5.9203631e-01   8.4307417e+00
   7.3523334e-03   3.8542282e-02   1.5535139e-02   2.2122417e-01   8.9168261e-02   9.5902900e-02   1.0314619e-01   1.4688269e+00   5.9203631e-01   8.4307417e+00
   3.5855629e-02   1.4196248e-02   1.5268452e-02   2.1742649e-01   8.7637538e-02   9.4256565e-02   1.0137551e-01   1.4436120e+00   5.8187301e-01   8.2860138e+00
   7.3523334e-03   3.8542282e-02   2.0568903e-01   8.2906553e-02   8.9168261e-02   9.5902900e-02   1.0314619e-01   1.4688269e+00   5.9203631e-01   8.4307417e+00
   3.5855629e-02   1.4196248e-02   2.0215804e-01   8.1483322e-02   8.7637538e-02   9.4256565e-02   1.0137551e-01   1.4436120e+00   5.8187301e-01   8.2860138e+00
   3.5855629e-02   1.8796179e-01   7.5761277e-02   8.1483322e-02   8.7637538e-02   9.4256565e-02   1.0137551e-01   1.4436120e+00   5.8187301e-01   8.2860138e+00
   1.7485960e-01   6.9231815e-02   7.4460707e-02   8.0084524e-02   8.6133092e-02   9.2638493e-02   9.9635229e-02   1.4188300e+00   5.7188418e-01   8.1437704e+00
   6.3391168e-05   3.3230814e-04   1.7734326e-03   9.4642982e-03   5.0508228e-02   2.6954784e-01   1.4384990e+00   5.7981212e-01   6.2360377e-01   8.8802700e+00
   3.0914406e-04   1.2239879e-04   1.7429887e-03   9.3018276e-03   4.9641169e-02   2.6492060e-01   1.4138048e+00   5.6985867e-01   6.1289856e-01   8.7278253e+00
   3.0914406e-04   1.6205899e-03   6.5320702e-04   9.3018276e-03   4.9641169e-02   2.6492060e-01   1.4138048e+00   5.6985867e-01   6.1289856e-01   8.7278253e+00
   1.5076240e-03   5.9691057e-04   6.4199362e-04   9.1421461e-03   4.8788995e-02   2.6037279e-01   1.3895344e+00   5.6007609e-01   6.0237712e-01   8.5779974e+00
   3.0914406e-04   1.6205899e-03   8.6486206e-03   3.4859774e-03   4.9641169e-02   2.6492060e-01   1.4138048e+00   5.6985867e-01   6.1289856e-01   8.7278253e+00
   1.5076240e-03   5.9691057e-04   8.5001524e-03   3.4261347e-03   4.8788995e-02   2.6037279e-01   1.3895344e+00   5.6007609e-01   6.0237712e-01   8.5779974e+00
   1.5076240e-03   7.9032419e-03   3.1855395e-03   3.4261347e-03   4.8788995e-02   2.6037279e-01   1.3895344e+00   5.6007609e-01   6.0237712e-01   8.5779974e+00
   7.3523334e-03   2.9109947e-03   3.1308543e-03   3.3673193e-03   4.7951450e-02   2.5590305e-01   1.3656807e+00   5.5046144e-01   5.9203631e-01   8.4307417e+00
   3.0914406e-04   1.6205899e-03   8.6486206e-03   4.6155192e-02   1.8603655e-02   2.6492060e-01   1.4138048e+00   5.6985867e-01   6.1289856e-01   8.7278253e+00
   1.5076240e-03   5.9691057e-04   8.5001524e-03   4.5362861e-02   1.8284292e-02   2.6037279e-01   1.3895344e+00   5.6007609e-01   6.0237712e-01   8.5779974e+00
   1.5076240e-03   7.9032419e-03   3.1855395e-03   4.5362861e-02   1.8284292e-02   2.6037279e-01   1.3895344e+00   5.6007609e-01   6.0237712e-01   8.5779974e+00
   7.3523334e-03   2.9109947e-03   3.1308543e-03   4.4584131e-02   1.7970411e-02   2.5590305e-01   1.3656807e+00   5.5046144e-01   5.9203631e-01   8.4307417e+00
   1.5076240e-03   7.9032419e-03   4.2177321e-02   1.7000305e-02   1.8284292e-02   2.6037279e-01   1.3895344e+00   5.6007609e-01   6.0237712e-01   8.5779974e+00
   7.3523334e-03   2.9109947e-03   4.1453276e-02   1.6708466e-02   1.7970411e-02   2.5590305e-01   1.3656807e+00   5.5046144e-01   5.9203631e-01   8.4307417e+00
   7.3523334e-03   3.8542282e-02   1.5535139e-02   1.6708466e-02   1.7970411e-02   2.5590305e-01   1.3656807e+00   5.5046144e-01   5.9203631e-01   8.4307417e+00
   3.5855629e-02   1.4196248e-02   1.5268452e-02   1.6421637e-02   1.7661919e-02   2.5151004e-01   1.3422365e+00   5.4101184e-01   5.8187301e-01   8.2860138e+00
   3.0914406e-04   1.6205899e-03   8.6486206e-03   4.6155192e-02   2.4631694e-01   9.9282339e-02   1.4138048e+00   5.6985867e-01   6.1289856e-01   8.7278253e+00
   1.5076240e-03   5.9691057e-04   8.5001524e-03   4.5362861e-02   2.4208850e-01   9.7577990e-02   1.3895344e+00   5.6007609e-01   6.0237712e-01   8.5779974e+00
   1.5076240e-03   7.9032419e-03   3.1855395e-03   4.5362861e-02   2.4208850e-01   9.7577990e-02   1.3895344e+00   5.6007609e-01   6.0237712e-01   8.5779974e+00
   7.3523334e-03   2.9109947e-03   3.1308543e-03   4.4584131e-02   2.3793264e-01   9.5902900e-02   1.3656807e+00   5.5046144e-01   5.9203631e-01   8.4307417e+00
   1.5076240e-03   7.9032419e-03   4.2177321e-02   1.7000305e-02   2.4208850e-01   9.7577990e-02   1.3895344e+00   5.6007609e-01   6.0237712e-01   8.5779974e+00
   7.3523334e-03   2.9109947e-03   4.1453276e-02   1.6708466e-02   2.3793264e-01   9.5902900e-02   1.3656807e+00   5.5046144e-01   5.9203631e-01   8.4307417e+00
   7.3523334e-03   3.8542282e-02   1.5535139e-02   1.6708466e-02   2.3793264e-01   9.5902900e-02   1.3656807e+00   5.5046144e-01   5.9203631e-01   8.4307417e+00
   3.5855629e-02   1.4196248e-02   1.5268452e-02   1.6421637e-02   2.3384812e-01   9.4256565e-02   1.3422365e+00   5.4101184e-01   5.8187301e-01   8.2860138e+00
   1.5076240e-03   7.9032419e-03   4.2177321e-02   2.2508819e-01   9.0725721e-02   9.7577990e-02   1.3895344e+00   5.6007609e-01   6.0237712e-01   8.5779974e+00
   7.3523334e-03   2.9109947e-03   4.1453276e-02   2.2122417e-01   8.9168261e-02   9.5902900e-02   1.3656807e+00   5.5046144e-01   5.9203631e-01   8.4307417e+00
   7.3523334e-03   3.8542282e-02   1.5535139e-02   2.2122417e-01   8.9168261e-02   9.5902900e-02   1.3656807e+00   5.5046144e-01   5.9203631e-01   8.4307417e+00
   3.5855629e-02   1.4196248e-02   1.5268452e-02   2.1742649e-01   8.7637538e-02   9.4256565e-02   1.3422365e+00   5.4101184e-01   5.8187301e-01   8.2860138e+00
   7.3523334e-03   3.8542282e-02   2.0568903e-01   8.2906553e-02   8.9168261e-02   9.5902900e-02   1.3656807e+00   5.5046144e-01   5.9203631e-01   8.4307417e+00
   3.5855629e-02   1.4196248e-02   2.0215804e-01   8.1483322e-02   8.7637538e-02   9.4256565e-02   1.3422365e+00   5.4101184e-01   5.8187301e-01   8.2860138e+00
   3.5855629e-02   1.8796179e-01   7.5761277e-02   8.1483322e-02   8.7637538e-02   9.4256565e-02   1.3422365e+00   5.4101184e-01   5.8187301e-01   8.2860138e+00
   1.7485960e-01   6.9231815e-02   7.4460707e-02   8.0084524e-02   8.6133092e-02   9.2638493e-02   1.3191948e+00   5.3172446e-01   5.7188418e-01   8.1437704e+00
   3.0914406e-04   1.6205899e-03   8.6486206e-03   4.6155192e-02   2.4631694e-01   1.3145224e+00   5.2984119e-01   5.6985867e-01   6.1289856e-01   8.7278253e+00
   1.5076240e-03   5.9691057e-04   8.5001524e-03   4.5362861e-02   2.4208850e-01   1.2919564e+00   5.2074558e-01   5.6007609e-01   6.0237712e-01   8.5779974e+00
   1.5076240e-03   7.9032419e-03   3.1855395e-03   4.5362861e-02   2.4208850e-01   1.2919564e+00   5.2074558e-01   5.6007609e-01   6.0237712e-01   8.5779974e+00
   7.3523334e-03   2.9109947e-03   3.1308543e-03   4.4584131e-02   2.3793264e-01   1.2697778e+00   5.1180610e-01   5.5046144e-01   5.9203631e-01   8.4307417e+00
   1.5076240e-03   7.9032419e-03   4.2177321e-02   1.7000305e-02   2.4208850e-01   1.2919564e+00   5.2074558e-01   5.6007609e-01   6.0237712e-01   8.5779974e+00
   7.3523334e-03   2.9109947e-03   4.1453276e-02   1.6708466e-02   2.3793264e-01   1.2697778e+00   5.1180610e-01   5.5046144e-01   5.9203631e-01   8.4307417e+00
   7.3523334e-03   3.8542282e-02   1.5535139e-02   1.6708466e-02   2.3793264e-01   1.2697778e+00   5.1180610e-01   5.5046144e-01   5.9203631e-01   8.4307417e+00
   3.5855629e-02   1.4196248e-02   1.5268452e-02   1.6421637e-02   2.3384812e-01   1.2479800e+00   5.0302009e-01   5.4101184e-01   5.8187301e-01   8.2860138e+00
   1.5076240e-03   7.9032419e-03   4.2177321e-02   2.2508819e-01   9.0725721e-02   1.2919564e+00   5.2074558e-01   5.6007609e-01   6.0237712e-01   8.5779974e+00
   7.3523334e-03   2.9109947e-03   4.1453276e-02   2.2122417e-01   8.9168261e-02   1.2697778e+00   5.1180610e-01   5.5046144e-01   5.9203631e-01   8.4307417e+00
   7.3523334e-03   3.8542282e-02   1.5535139e-02   2.2122417e-01   8.9168261e-02   1.2697778e+00   5.1180610e-01   5.5046144e-01   5.9203631e-01   8.4307417e+00
   3.5855629e-02   1.4196248e-02   1.5268452e-02   2.1742649e-01   8.7637538e-02   1.2479800e+00   5.0302009e-01   5.4101184e-01   5.8187301e-01   8.2860138e+00
   7.3523334e-03   3.8542282e-02   2.0568903e-01   8.2906553e-02   8.9168261e-02   1.2697778e+00   5.1180610e-01   5.5046144e-01   5.9203631e-01   8.4307417e+00
   3.5855629e-02   1.4196248e-02   2.0215804e-01   8.1483322e-02   8.7637538e-02   1.2479800e+00   5.0302009e-01   5.4101184e-01   5.8187301e-01   8.2860138e+00
   3.5855629e-02   1.8796179e-01   7.5761277e-02   8.1483322e-02   8.7637538e-02   1.2479800e+00   5.0302009e-01   5.4101184e-01   5.8187301e-01   8.2860138e+00
   1.7485960e-01   6.9231815e-02   7.4460707e-02   8.0084524e-02   8.6133092e-02   1.2265563e+00   4.9438490e-01   5.3172446e-01   5.7188418e-01   8.1437704e+00
   1.5076240e-03   7.9032419e-03   4.2177321e-02   2.2508819e-01   1.2012307e+00   4.8417699e-01   5.2074558e-01   5.6007609e-01   6.0237712e-01   8.5779974e+00
   7.3523334e-03   2.9109947e-03   4.1453276e-02   2.2122417e-01   1.1806096e+00   4.7586528e-01   5.1180610e-01   5.5046144e-01   5.9203631e-01   8.4307417e+00
   7.3523334e-03   3.8542282e-02   1.5535139e-02   2.2122417e-01   1.1806096e+00   4.7586528e-01   5.1180610e-01   5.5046144e-01   5.9203631e-01   8.4307417e+00
   3.5855629e-02   1.4196248e-02   1.5268452e-02   2.1742649e-01   1.1603424e+00   4.6769625e-01   5.0302009e-01   5.4101184e-01   5.8187301e-01   8.2860138e+00
   7.3523334e-03   3.8542282e-02   2.0568903e-01   8.2906553e-02   1.1806096e+00   4.7586528e-01   5.1180610e-01   5.5046144e-01   5.9203631e-01   8.4307417e+00
   3.5855629e-02   1.4196248e-02   2.0215804e-01   8.1483322e-02   1.1603424e+00   4.6769625e-01   5.0302009e-01   5.4101184e-01   5.8187301e-01   8.2860138e+00
   3.5855629e-02   1.8796179e-01   7.5761277e-02   8.1483322e-02   1.1603424e+00   4.6769625e-01   5.0302009e-01   5.4101184e-01   5.8187301e-01   8.2860138e+00
   1.7485960e-01   6.9231815e-02   7.4460707e-02   8.0084524e-02   1.1404232e+00   4.5966746e-01   4.9438490e-01   5.3172446e-01   5.7188418e-01   8.1437704e+00
   7.3523334e-03   3.8542282e-02   2.0568903e-01   1.0977030e+00   4.4244835e-01   4.7586528e-01   5.1180610e-01   5.5046144e-01   5.9203631e-01   8.4307417e+00
   3.5855629e-02   1.4196248e-02   2.0215804e-01   1.0788591e+00   4.3485298e-01   4.6769625e-01   5.0302009e-01   5.4101184e-01   5.8187301e-01   8.2860138e+00
   3.5855629e-02   1.8796179e-01   7.5761277e-02   1.0788591e+00   4.3485298e-01   4.6769625e-01   5.0302009e-01   5.4101184e-01   5.8187301e-01   8.2860138e+00
   1.7485960e-01   6.9231815e-02   7.4460707e-02   1.0603387e+00   4.2738799e-01   4.5966746e-01   4.9438490e-01   5.3172446e-01   5.7188418e-01   8.1437704e+00
   3.5855629e-02   1.8796179e-01   1.0030978e+00   4.0431607e-01   4.3485298e-01   4.6769625e-01   5.0302009e-01   5.4101184e-01   5.8187301e-01   8.2860138e+00
   1.7485960e-01   6.9231815e-02   9.8587796e-01   3.9737531e-01   4.2738799e-01   4.5966746e-01   4.9438490e-01   5.3172446e-01   5.7188418e-01   8.1437704e+00
   1.7485960e-01   9.1664614e-01   3.6947021e-01   3.9737531e-01   4.2738799e-01   4.5966746e-01   4.9438490e-01   5.3172446e-01   5.7188418e-01   8.1437704e+00
   8.5274982e-01   3.3762754e-01   3.6312764e-01   3.9055369e-01   4.2005116e-01   4.5177649e-01   4.8589795e-01   5.2259652e-01   5.6206682e-01   8.0039689e+00
   1.2998601e-05   6.8141052e-05   3.6364913e-04   1.9406904e-03   1.0356905e-02   5.5271812e-02   2.9496971e-01   1.1889269e-01   1.6930609e+00   9.0353775e+00
   6.3391168e-05   2.5098339e-05   3.5740648e-04   1.9073752e-03   1.0179111e-02   5.4322979e-02   2.8990606e-01   1.1685169e-01   1.6639967e+00   8.8802700e+00
   6.3391168e-05   3.3230814e-04   1.3394259e-04   1.9073752e-03   1.0179111e-02   5.4322979e-02   2.8990606e-01   1.1685169e-01   1.6639967e+00   8.8802700e+00
   3.0914406e-04   1.2239879e-04   1.3164324e-04   1.8746319e-03   1.0004370e-02   5.3390433e-02   2.8492933e-01   1.1484574e-01   1.6354314e+00   8.7278253e+00
   6.3391168e-05   3.3230814e-04   1.7734326e-03   7.1481296e-04   1.0179111e-02   5.4322979e-02   2.8990606e-01   1.1685169e-01   1.6639967e+00   8.8802700e+00
   3.0914406e-04   1.2239879e-04   1.7429887e-03   7.0254199e-04   1.0004370e-02   5.3390433e-02   2.8492933e-01   1.1484574e-01   1.6354314e+00   8.7278253e+00
   3.0914406e-04   1.6205899e-03   6.5320702e-04   7.0254199e-04   1.0004370e-02   5.3390433e-02   2.8492933e-01   1.1484574e-01   1.6354314e+00   8.7278253e+00
   1.5076240e-03   5.9691057e-04   6.4199362e-04   6.9048167e-04   9.8326277e-03   5.2473897e-02   2.8003804e-01   1.1287422e-01   1.6073564e+00   8.5779974e+00
   6.3391168e-05   3.3230814e-04   1.7734326e-03   9.4642982e-03   3.8147505e-03   5.4322979e-02   2.8990606e-01   1.1685169e-01   1.6639967e+00   8.8802700e+00
   3.0914406e-04   1.2239879e-04   1.7429887e-03   9.3018276e-03   3.7492638e-03   5.3390433e-02   2.8492933e-01   1.1484574e-01   1.6354314e+00   8.7278253e+00
   3.0914406e-04   1.6205899e-03   6.5320702e-04   9.3018276e-03   3.7492638e-03   5.3390433e-02   2.8492933e-01   1.1484574e-01   1.6354314e+00   8.7278253e+00
   1.5076240e-03   5.9691057e-04   6.4199362e-04   9.1421461e-03   3.6849014e-03   5.2473897e-02   2.8003804e-01   1.1287422e-01   1.6073564e+00   8.5779974e+00
   3.0914406e-04   1.6205899e-03   8.6486206e-03   3.4859774e-03   3.7492638e-03   5.3390433e-02   2.8492933e-01   1.1484574e-01   1.6354314e+00   8.7278253e+00
   1.5076240e-03   5.9691057e-04   8.5001524e-03   3.4261347e-03   3.6849014e-03   5.2473897e-02   2.8003804e-01   1.1287422e-01   1.6073564e+00   8.5779974e+00
   1.5076240e-03   7.9032419e-03   3.1855395e-03   3.4261347e-03   3.6849014e-03   5.2473897e-02   2.8003804e-01   1.1287422e-01   1.6073564e+00   8.5779974e+00
   7.3523334e-03   2.9109947e-03   3.1308543e-03   3.3673193e-03   3.6216439e-03   5.1573094e-02   2.7523072e-01   1.1093654e-01   1.5797635e+00   8.4307417e+00
   6.3391168e-05   3.3230814e-04   1.7734326e-03   9.4642982e-03   5.0508228e-02   2.0358222e-02   2.8990606e-01   1.1685169e-01   1.6639967e+00   8.8802700e+00
   3.0914406e-04   1.2239879e-04   1.7429887e-03   9.3018276e-03   4.9641169e-02   2.0008739e-02   2.8492933e-01   1.1484574e-01   1.6354314e+00   8.7278253e+00
   3.0914406e-04   1.6205899e-03   6.5320702e-04   9.3018276e-03   4.9641169e-02   2.0008739e-02   2.8492933e-01   1.1484574e-01   1.6354314e+00   8.7278253e+00
   1.5076240e-03   5.9691057e-04   6.4199362e-04   9.1421461e-03   4.8788995e-02   1.9665255e-02   2.8003804e-01   1.1287422e-01   1.6073564e+00   8.5779974e+00
   3.0914406e-04   1.6205899e-03   8.6486206e-03   3.4859774e-03   4.9641169e-02   2.0008739e-02   2.8492933e-01   1.1484574e-01   1.6354314e+00   8.7278253e+00
   1.5076240e-03   5.9691057e-04   8.5001524e-03   3.4261347e-03   4.8788995e-02   1.9665255e-02   2.8003804e-01   1.1287422e-01   1.6073564e+00   8.5779974e+00
   1.5076240e-03   7.9032419e-03   3.1855395e-03   3.4261347e-03   4.8788995e-02   1.9665255e-02   2.8003804e-01   1.1287422e-01   1.6073564e+00   8.5779974e+00
   7.3523334e-03   2.9109947e-03   3.1308543e-03   3.3673193e-03   4.7951450e-02   1.9327668e-02   2.7523072e-01   1.1093654e-01   1.5797635e+00   8.4307417e+00
   3.0914406e-04   1.6205899e-03   8.6486206e-03   4.6155192e-02   1.8603655e-02   2.0008739e-02   2.8492933e-01   1.1484574e-01   1.6354314e+00   8.7278253e+00
   1.5076240e-03   5.9691057e-04   8.5001524e-03   4.5362861e-02   1.8284292e-02   1.9665255e-02   2.8003804e-01   1.1287422e-01   1.6073564e+00   8.5779974e+00
   1.5076240e-03   7.9032419e-03   3.1855395e-03   4.5362861e-02   1.8284292e-02   1.9665255e-02   2.8003804e-01   1.1287422e-01   1.6073564e+00   8.5779974e+00
   7.3523334e-03   2.9109947e-03   3.1308543e-03   4.4584131e-02   1.7970411e-02   1.9327668e-02   2.7523072e-01   1.1093654e-01   1.5797635e+00   8.4307417e+00
   1.5076240e-03   7.9032419e-03   4.2177321e-02   1.7000305e-02   1.8284292e-02   1.9665255e-02   2.8003804e-01   1.1287422e-01   1.6073564e+00   8.5779974e+00
   7.3523334e-03   2.9109947e-03   4.1453276e-02   1.6708466e-02   1.7970411e-02   1.9327668e-02   2.7523072e-01   1.1093654e-01   1.5797635e+00   8.4307417e+00
   7.3523334e-03   3.8542282e-02   1.5535139e-02   1.6708466e-02   1.7970411e-02   1.9327668e-02   2.7523072e-01   1.1093654e-01   1.5797635e+00   8.4307417e+00
   3.5855629e-02   1.4196248e-02   1.5268452e-02   1.6421637e-02   1.7661919e-02   1.8995876e-02   2.7050592e-01   1.0903213e-01   1.5526442e+00   8.2860138e+00
   6.3391168e-05   3.3230814e-04   1.7734326e-03   9.4642982e-03   5.0508228e-02   2.6954784e-01   1.0864596e-01   1.1685169e-01   1.6639967e+00   8.8802700e+00
   3.0914406e-04   1.2239879e-04   1.7429887e-03   9.3018276e-03   4.9641169e-02   2.6492060e-01   1.0678087e-01   1.1484574e-01   1.6354314e+00   8.7278253e+00
   3.0914406e-04   1.6205899e-03   6.5320702e-04   9.3018276e-03   4.9641169e-02   2.6492060e-01   1.0678087e-01   1.1484574e-01   1.6354314e+00   8.7278253e+00
   1.5076240e-03   5.9691057e-04   6.4199362e-04   9.1421461e-03   4.8788995e-02   2.6037279e-01   1.0494779e-01   1.1287422e-01   1.6073564e+00   8.5779974e+00
   3.0914406e-04   1.6205899e-03   8.6486206e-03   3.4859774e-03   4.9641169e-02   2.6492060e-01   1.0678087e-01   1.1484574e-01   1.6354314e+00   8.7278253e+00
   1.5076240e-03   5.9691057e-04   8.5001524e-03   3.4261347e-03   4.8788995e-02   2.6037279e-01   1.0494779e-01   1.1287422e-01   1.6073564e+00   8.5779974e+00
   1.5076240e-03   7.9032419e-03   3.1855395e-03   3.4261347e-03   4.8788995e-02   2.6037279e-01   1.0494779e-01   1.1287422e-01   1.6073564e+00   8.5779974e+00
   7.3523334e-03   2.9109947e-03   3.1308543e-03   3.3673193e-03   4.7951450e-02   2.5590305e-01   1.0314619e-01   1.1093654e-01   1.5797635e+00   8.4307417e+00
   3.0914406e-04   1.6205899e-03   8.6486206e-03   4.6155192e-02   1.8603655e-02   2.6492060e-01   1.0678087e-01   1.1484574e-01   1.6354314e+00   8.7278253e+00
   1.5076240e-03   5.9691057e-04   8.5001524e-03   4.5362861e-02   1.8284292e-02   2.6037279e-01   1.0494779e-01   1.1287422e-01   1.6073564e+00   8.5779974e+00
   1.5076240e-03   7.9032419e-03   3.1855395e-03   4.5362861e-02   1.8284292e-02   2.6037279e-01   1.0494779e-01   1.1287422e-01   1.6073564e+00   8.5779974e+00
   7.3523334e-03   2.9109947e-03   3.1308543e-03   4.4584131e-02   1.7970411e-02   2.5590305e-01   1.0314619e-01   1.1093654e-01   1.5797635e+00   8.4307417e+00
   1.5076240e-03   7.9032419e-03   4.2177321e-02   1.7000305e-02   1.8284292e-02   2.6037279e-01   1.0494779e-01   1.1287422e-01   1.6073564e+00   8.5779974e+00
   7.3523334e-03   2.9109947e-03   4.1453276e-02   1.6708466e-02   1.7970411e-02   2.5590305e-01   1.0314619e-01   1.1093654e-01   1.5797635e+00   8.4307417e+00
   7.3523334e-03   3.8542282e-02   1.5535139e-02   1.6708466e-02   1.7970411e-02   2.5590305e-01   1.0314619e-01   1.1093654e-01   1.5797635e+00   8.4307417e+00
   3.5855629e-02   1.4196248e-02   1.5268452e-02   1.6421637e-02   1.7661919e-02   2.5151004e-01   1.0137551e-01   1.0903213e-01   1.5526442e+00   8.2860138e+00
   3.0914406e-04   1.6205899e-03   8.6486206e-03   4.6155192e-02   2.4631694e-01   9.9282339e-02   1.0678087e-01   1.1484574e-01   1.6354314e+00   8.7278253e+00
   1.5076240e-03   5.9691057e-04   8.5001524e-03   4.5362861e-02   2.4208850e-01   9.7577990e-02   1.0494779e-01   1.1287422e-01   1.6073564e+00   8.5779974e+00
   1.5076240e-03   7.9032419e-03   3.1855395e-03   4.5362861e-02   2.4208850e-01   9.7577990e-02   1.0494779e-01   1.1287422e-01   1.6073564e+00   8.5779974e+00
   7.3523334e-03   2.9109947e-03   3.1308543e-03   4.4584131e-02   2.3793264e-01   9.5902900e-02   1.0314619e-01   1.1093654e-01   1.5797635e+00   8.4307417e+00
   1.5076240e-03   7.9032419e-03   4.2177321e-02   1.7000305e-02   2.4208850e-01   9.7577990e-02   1.0494779e-01   1.1287422e-01   1.6073564e+00   8.5779974e+00
   7.3523334e-03   2.9109947e-03   4.1453276e-02   1.6708466e-02   2.3793264e-01   9.5902900e-02   1.0314619e-01   1.1093654e-01   1.5797635e+00   8.4307417e+00
   7.3523334e-03   3.8542282e-02   1.5535139e-02   1.6708466e-02   2.3793264e-01   9.5902900e-02   1.0314619e-01   1.1093654e-01   1.5797635e+00   8.4307417e+00
   3.5855629e-02   1.4196248e-02   1.5268452e-02   1.6421637e-02   2.3384812e-01   9.4256565e-02   1.0137551e-01   1.0903213e-01   1.5526442e+00   8.2860138e+00
   1.5076240e-03   7.9032419e-03   4.2177321e-02   2.2508819e-01   9.0725721e-02   9.7577990e-02   1.0494779e-01   1.1287422e-01   1.6073564e+00   8.5779974e+00
   7.3523334e-03   2.9109947e-03   4.1453276e-02   2.2122417e-01   8.9168261e-02   9.5902900e-02   1.0314619e-01   1.1093654e-01   1.5797635e+00   8.4307417e+00
   7.3523334e-03   3.8542282e-02   1.5535139e-02   2.2122417e-01   8.9168261e-02   9.5902900e-02   1.0314619e-01   1.1093654e-01   1.5797635e+00   8.4307417e+00
   3.5855629e-02   1.4196248e-02   1.5268452e-02   2.1742649e-01   8.7637538e-02   9.4256565e-02   1.0137551e-01   1.0903213e-01   1.5526442e+00   8.2860138e+00
   7.3523334e-03   3.8542282e-02   2.0568903e-01   8.2906553e-02   8.9168261e-02   9.5902900e-02   1.0314619e-01   1.1093654e-01   1.5797635e+00   8.4307417e+00
   3.5855629e-02   1.4196248e-02   2.0215804e-01   8.1483322e-02   8.7637538e-02   9.4256565e-02   1.0137551e-01   1.0903213e-01   1.5526442e+00   8.2860138e+00
   3.5855629e-02   1.8796179e-01   7.5761277e-02   8.1483322e-02   8.7637538e-02   9.4256565e-02   1.0137551e-01   1.0903213e-01   1.5526442e+00   8.2860138e+00
   1.7485960e-01   6.9231815e-02   7.4460707e-02   8.0084524e-02   8.6133092e-02   9.2638493e-02   9.9635229e-02   1.0716041e-01   1.5259904e+00   8.1437704e+00
   1.2998601e-05   6.8141052e-05   3.6364913e-04   1.9406904e-03   1.0356905e-02   5.5271812e-02   2.2278268e-02   3.1724798e-01   1.6930609e+00   9.0353775e+00
   6.3391168e-05   2.5098339e-05   3.5740648e-04   1.9073752e-03   1.0179111e-02   5.4322979e-02   2.1895824e-02   3.1180188e-01   1.6639967e+00   8.8802700e+00
   6.3391168e-05   3.3230814e-04   1.3394259e-04   1.9073752e-03   1.0179111e-02   5.4322979e-02   2.1895824e-02   3.1180188e-01   1.6639967e+00   8.8802700e+00
   3.0914406e-04   1.2239879e-04   1.3164324e-04   1.8746319e-03   1.0004370e-02   5.3390433e-02   2.1519945e-02   3.0644928e-01   1.6354314e+00   8.7278253e+00
   6.3391168e-05   3.3230814e-04   1.7734326e-03   7.1481296e-04   1.0179111e-02   5.4322979e-02   2.1895824e-02   3.1180188e-01   1.6639967e+00   8.8802700e+00
   3.0914406e-04   1.2239879e-04   1.7429887e-03   7.0254199e-04   1.0004370e-02   5.3390433e-02   2.1519945e-02   3.0644928e-01   1.6354314e+00   8.7278253e+00
   3.0914406e-04   1.6205899e-03   6.5320702e-04   7.0254199e-04   1.0004370e-02   5.3390433e-02   2.1519945e-02   3.0644928e-01   1.6354314e+00   8.7278253e+00
   1.5076240e-03   5.9691057e-04   6.4199362e-04   6.9048167e-04   9.8326277e-03   5.2473897e-02   2.1150519e-02   3.0118856e-01   1.6073564e+00   8.5779974e+00
   6.3391168e-05   3.3230814e-04   1.7734326e-03   9.4642982e-03   3.8147505e-03   5.4322979e-02   2.1895824e-02   3.1180188e-01   1.6639967e+00   8.8802700e+00
   3.0914406e-04   1.2239879e-04   1.7429887e-03   9.3018276e-03   3.7492638e-03   5.3390433e-02   2.1519945e-02   3.0644928e-01   1.6354314e+00   8.7278253e+00
   3.0914406e-04   1.6205899e-03   6.5320702e-04   9.3018276e-03   3.7492638e-03   5.3390433e-02   2.1519945e-02   3.0644928e-01   1.6354314e+00   8.7278253e+00
   1.5076240e-03   5.9691057e-04   6.4199362e-04   9.1421461e-03   3.6849014e-03   5.2473897e-02   2.1150519e-02   3.0118856e-01   1.6073564e+00   8.5779974e+00
   3.0914406e-04   1.6205899e-03   8.6486206e-03   3.4859774e-03   3.7492638e-03   5.3390433e-02   2.1519945e-02   3.0644928e-01   1.6354314e+00   8.7278253e+00
   1.5076240e-03   5.9691057e-04   8.5001524e-03   3.4261347e-03   3.6849014e-03   5.2473897e-02   2.1150519e-02   3.0118856e-01   1.6073564e+00   8.5779974e+00
   1.5076240e-03   7.9032419e-03   3.1855395e-03   3.4261347e-03   3.6849014e-03   5.2473897e-02   2.1150519e-02   3.0118856e-01   1.6073564e+00   8.5779974e+00
   7.3523334e-03   2.9109947e-03   3.1308543e-03   3.3673193e-03   3.6216439e-03   5.1573094e-02   2.0787435e-02   2.9601815e-01   1.5797635e+00   8.4307417e+00
   6.3391168e-05   3.3230814e-04   1.7734326e-03   9.4642982e-03   5.0508228e-02   2.0358222e-02   2.1895824e-02   3.1180188e-01   1.6639967e+00   8.8802700e+00
   3.0914406e-04   1.2239879e-04   1.7429887e-03   9.3018276e-03   4.9641169e-02   2.0008739e-02   2.1519945e-02   3.0644928e-01   1.6354314e+00   8.7278253e+00
   3.0914406e-04   1.6205899e-03   6.5320702e-04   9.3018276e-03   4.9641169e-02   2.0008739e-02   2.1519945e-02   3.0644928e-01   1.6354314e+00   8.7278253e+00
   1.5076240e-03   5.9691057e-04   6.4199362e-04   9.1421461e-03   4.8788995e-02   1.9665255e-02   2.1150519e-02   3.0118856e-01   1.6073564e+00   8.5779974e+00
   3.0914406e-04   1.6205899e-03   8.6486206e-03   3.4859774e-03   4.9641169e-02   2.0008739e-02   2.1519945e-02   3.0644928e-01   1.6354314e+00   8.7278253e+00
   1.5076240e-03   5.9691057e-04   8.5001524e-03   3.4261347e-03   4.8788995e-02   1.9665255e-02   2.1150519e-02   3.0118856e-01   1.6073564e+00   8.5779974e+00
   1.5076240e-03   7.9032419e-03   3.1855395e-03   3.4261347e-03   4.8788995e-02   1.9665255e-02   2.1150519e-02   3.0118856e-01   1.6073564e+00   8.5779974e+00
   7.3523334e-03   2.9109947e-03   3.1308543e-03   3.3673193e-03   4.7951450e-02   1.9327668e-02   2.0787435e-02   2.9601815e-01   1.5797635e+00   8.4307417e+00
   3.0914406e-04   1.6205899e-03   8.6486206e-03   4.6155192e-02   1.8603655e-02   2.0008739e-02   2.1519945e-02   3.0644928e-01   1.6354314e+00   8.7278253e+00
   1.5076240e-03   5.9691057e-04   8.5001524e-03   4.5362861e-02   1.8284292e-02   1.9665255e-02   2.1150519e-02   3.0118856e-01   1.6073564e+00   8.5779974e+00
   1.5076240e-03   7.9032419e-03   3.1855395e-03   4.5362861e-02   1.8284292e-02   1.9665255e-02   2.1150519e-02   3.0118856e-01   1.6073564e+00   8.5779974e+00
   7.3523334e-03   2.9109947e-03   3.1308543e-03   4.4584131e-02   1.7970411e-02   1.9327668e-02   2.0787435e-02   2.9601815e-01   1.5797635e+00   8.4307417e+00
   1.5076240e-03   7.9032419e-03   4.2177321e-02   1.7000305e-02   1.8284292e-02   1.9665255e-02   2.1150519e-02   3.0118856e-01   1.6073564e+00   8.5779974e+00
   7.3523334e-03   2.9109947e-03   4.1453276e-02   1.6708466e-02   1.7970411e-02   1.9327668e-02   2.0787435e-02   2.9601815e-01   1.5797635e+00   8.4307417e+00
   7.3523334e-03   3.8542282e-02   1.5535139e-02   1.6708466e-02   1.7970411e-02   1.9327668e-02   2.0787435e-02   2.9601815e-01   1.5797635e+00   8.4307417e+00
   3.5855629e-02   1.4196248e-02   1.5268452e-02   1.6421637e-02   1.7661919e-02   1.8995876e-02   2.0430584e-02   2.9093650e-01   1.5526442e+00   8.2860138e+00
   1.2998601e-05   6.8141052e-05   3.6364913e-04   1.9406904e-03   1.0356905e-02   4.1745311e-03   5.9446344e-02   3.1724798e-01   1.6930609e+00   9.0353775e+00
   6.3391168e-05   2.5098339e-05   3.5740648e-04   1.9073752e-03   1.0179111e-02   4.1028683e-03   5.8425847e-02   3.1180188e-01   1.6639967e+00   8.8802700e+00
   6.3391168e-05   3.3230814e-04   1.3394259e-04   1.9073752e-03   1.0179111e-02   4.1028683e-03   5.8425847e-02   3.1180188e-01   1.6639967e+00   8.8802700e+00
   3.0914406e-04   1.2239879e-04   1.3164324e-04   1.8746319e-03   1.0004370e-02   4.0324356e-03   5.7422869e-02   3.0644928e-01   1.6354314e+00   8.7278253e+00
   6.3391168e-05   3.3230814e-04   1.7734326e-03   7.1481296e-04   1.0179111e-02   4.1028683e-03   5.8425847e-02   3.1180188e-01   1.6639967e+00   8.8802700e+00
   3.0914406e-04   1.2239879e-04   1.7429887e-03   7.0254199e-04   1.0004370e-02   4.0324356e-03   5.7422869e-02   3.0644928e-01   1.6354314e+00   8.7278253e+00
   3.0914406e-04   1.6205899e-03   6.5320702e-04   7.0254199e-04   1.0004370e-02   4.0324356e-03   5.7422869e-02   3.0644928e-01   1.6354314e+00   8.7278253e+00
   1.5076240e-03   5.9691057e-04   6.4199362e-04   6.9048167e-04   9.8326277e-03   3.9632121e-03   5.6437109e-02   3.0118856e-01   1.6073564e+00   8.5779974e+00
   6.3391168e-05   3.3230814e-04   1.7734326e-03   9.4642982e-03   3.8147505e-03   4.1028683e-03   5.8425847e-02   3.1180188e-01   1.6639967e+00   8.8802700e+00
   3.0914406e-04   1.2239879e-04   1.7429887e-03   9.3018276e-03   3.7492638e-03   4.0324356e-03   5.7422869e-02   3.0644928e-01   1.6354314e+00   8.7278253e+00
   3.0914406e-04   1.6205899e-03   6.5320702e-04   9.3018276e-03   3.7492638e-03   4.0324356e-03   5.7422869e-02   3.0644928e-01   1.6354314e+00   8.7278253e+00
   1.5076240e-03   5.9691057e-04   6.4199362e-04   9.1421461e-03   3.6849014e-03   3.9632121e-03   5.6437109e-02   3.0118856e-01   1.6073564e+00   8.5779974e+00
   3.0914406e-04   1.6205899e-03   8.6486206e-03   3.4859774e-03   3.7492638e-03   4.0324356e-03   5.7422869e-02   3.0644928e-01   1.6354314e+00   8.7278253e+00
   1.5076240e-03   5.9691057e-04   8.5001524e-03   3.4261347e-03   3.6849014e-03   3.9632121e-03   5.6437109e-02   3.0118856e-01   1.6073564e+00   8.5779974e+00
   1.5076240e-03   7.9032419e-03   3.1855395e-03   3.4261347e-03   3.6849014e-03   3.9632121e-03   5.6437109e-02   3.0118856e-01   1.6073564e+00   8.5779974e+00
   7.3523334e-03   2.9109947e-03   3.1308543e-03   3.3673193e-03   3.6216439e-03   3.8951769e-03   5.5468271e-02   2.9601815e-01   1.5797635e+00   8.4307417e+00
   1.2998601e-05   6.8141052e-05   3.6364913e-04   1.9406904e-03   7.8222913e-04   1.1139134e-02   5.9446344e-02   3.1724798e-01   1.6930609e+00   9.0353775e+00
   6.3391168e-05   2.5098339e-05   3.5740648e-04   1.9073752e-03   7.6880085e-04   1.0947912e-02   5.8425847e-02   3.1180188e-01   1.6639967e+00   8.8802700e+00
   6.3391168e-05   3.3230814e-04   1.3394259e-04   1.9073752e-03   7.6880085e-04   1.0947912e-02   5.8425847e-02   3.1180188e-01   1.6639967e+00   8.8802700e+00
   3.0914406e-04   1.2239879e-04   1.3164324e-04   1.8746319e-03   7.5560309e-04   1.0759973e-02   5.7422869e-02   3.0644928e-01   1.6354314e+00   8.7278253e+00
   6.3391168e-05   3.3230814e-04   1.7734326e-03   7.1481296e-04   7.6880085e-04   1.0947912e-02   5.8425847e-02   3.1180188e-01   1.6639967e+00   8.8802700e+00
   3.0914406e-04   1.2239879e-04   1.7429887e-03   7.0254199e-04   7.5560309e-04   1.0759973e-02   5.7422869e-02   3.0644928e-01   1.6354314e+00   8.7278253e+00
   3.0914406e-04   1.6205899e-03   6.5320702e-04   7.0254199e-04   7.5560309e-04   1.0759973e-02   5.7422869e-02   3.0644928e-01   1.6354314e+00   8.7278253e+00
   1.5076240e-03   5.9691057e-04   6.4199362e-04   6.9048167e-04   7.4263189e-04   1.0575260e-02   5.6437109e-02   3.0118856e-01   1.6073564e+00   8.5779974e+00
   1.2998601e-05   6.8141052e-05   3.6364913e-04   1.4657512e-04   2.0872656e-03   1.1139134e-02   5.9446344e-02   3.1724798e-01   1.6930609e+00   9.0353775e+00
   6.3391168e-05   2.5098339e-05   3.5740648e-04   1.4405891e-04   2.0514341e-03   1.0947912e-02   5.8425847e-02   3.1180188e-01   1.6639967e+00   8.8802700e+00
   6.3391168e-05   3.3230814e-04   1.3394259e-04   1.4405891e-04   2.0514341e-03   1.0947912e-02   5.8425847e-02   3.1180188e-01   1.6639967e+00   8.8802700e+00
   3.0914406e-04   1.2239879e-04   1.3164324e-04   1.4158590e-04   2.0162178e-03   1.0759973e-02   5.7422869e-02   3.0644928e-01   1.6354314e+00   8.7278253e+00
   1.2998601e-05   6.8141052e-05   2.7465439e-05   3.9111457e-04   2.0872656e-03   1.1139134e-02   5.9446344e-02   3.1724798e-01   1.6930609e+00   9.0353775e+00
   6.3391168e-05   2.5098339e-05   2.6993949e-05   3.8440043e-04   2.0514341e-03   1.0947912e-02   5.8425847e-02   3.1180188e-01   1.6639967e+00   8.8802700e+00
   1.2998601e-05   5.1465101e-06   7.3287562e-05   3.9111457e-04   2.0872656e-03   1.1139134e-02   5.9446344e-02   3.1724798e-01   1.6930609e+00   9.0353775e+00
   2.6654127e-06   1.3972583e-05   7.4567641e-05   3.9794598e-04   2.1237228e-03   1.1333696e-02   6.0484665e-02   3.2278920e-01   1.7226328e+00   9.1931942e+00
