   5.0336685e-04   2.6387414e-03   1.4082201e-02   7.5152645e-02   4.0106798e-01
   2.2799524e-03   1.4469018e-03   1.4155553e-02   7.5544104e-02   4.0315708e-01
   2.2799524e-03   1.1951929e-02   7.7216973e-03   7.5544104e-02   4.0315708e-01
   1.0326775e-02   6.5535707e-03   7.7618785e-03   7.5937210e-02   4.0525498e-01
   2.2799524e-03   1.1951929e-02   6.3783996e-02   4.1208470e-02   4.0315708e-01
   1.0326775e-02   6.5535707e-03   6.4115907e-02   4.1422905e-02   4.0525498e-01
   1.0326775e-02   5.4134851e-02   3.4974516e-02   4.1422905e-02   4.0525498e-01
   4.6773666e-02   2.9683471e-02   3.5156330e-02   4.1638241e-02   4.0736168e-01
   2.2799524e-03   1.1951929e-02   6.3783996e-02   3.4039678e-01   2.1991771e-01
   1.0326775e-02   6.5535707e-03   6.4115907e-02   3.4216809e-01   2.2106209e-01
   1.0326775e-02   5.4134851e-02   3.4974516e-02   3.4216809e-01   2.2106209e-01
   4.6773666e-02   2.9683471e-02   3.5156330e-02   3.4394684e-01   2.2221128e-01
   1.0326775e-02   5.4134851e-02   2.8890208e-01   1.8664890e-01   2.2106209e-01
   4.6773666e-02   2.9683471e-02   2.9040392e-01   1.8761919e-01   2.2221128e-01
   4.6773666e-02   2.4519614e-01   1.5841212e-01   1.8761919e-01   2.2221128e-01
   2.1185360e-01   1.3444638e-01   1.5923479e-01   1.8859354e-01   2.2336528e-01
