   1.5039086e-03   3.7984394e-03   1.0318354e-02   2.8029518e-02   7.6141399e-02   2.0683597e-01   5.6186410e-01   1.5262880e+00   6.4994134e-01   6.9902966e-01
   3.7984394e-03   1.5039086e-03   1.0318354e-02   2.8029518e-02   7.6141399e-02   2.0683597e-01   5.6186410e-01   1.5262880e+00   6.4994134e-01   6.9902966e-01
   3.7984394e-03   9.5937628e-03   4.0853253e-03   2.8029518e-02   7.6141399e-02   2.0683597e-01   5.6186410e-01   1.5262880e+00   6.4994134e-01   6.9902966e-01
   9.5937628e-03   3.7984394e-03   4.0853253e-03   2.8029518e-02   7.6141399e-02   2.0683597e-01   5.6186410e-01   1.5262880e+00   6.4994134e-01   6.9902966e-01
   3.7984394e-03   9.5937628e-03   2.6061187e-02   1.1097671e-02   7.6141399e-02   2.0683597e-01   5.6186410e-01   1.5262880e+00   6.4994134e-01   6.9902966e-01
   9.5937628e-03   3.7984394e-03   2.6061187e-02   1.1097671e-02   7.6141399e-02   2.0683597e-01   5.6186410e-01   1.5262880e+00   6.4994134e-01   6.9902966e-01
   9.5937628e-03   2.4231079e-02   1.0318354e-02   1.1097671e-02   7.6141399e-02   2.0683597e-01   5.6186410e-01   1.5262880e+00   6.4994134e-01   6.9902966e-01
   2.4231079e-02   9.5937628e-03   1.0318354e-02   1.1097671e-02   7.6141399e-02   2.0683597e-01   5.6186410e-01   1.5262880e+00   6.4994134e-01   6.9902966e-01
   3.7984394e-03   9.5937628e-03   2.6061187e-02   7.0794482e-02   3.0146512e-02   2.0683597e-01   5.6186410e-01   1.5262880e+00   6.4994134e-01   6.9902966e-01
   9.5937628e-03   3.7984394e-03   2.6061187e-02   7.0794482e-02   3.0146512e-02   2.0683597e-01   5.6186410e-01   1.5262880e+00   6.4994134e-01   6.9902966e-01
   9.5937628e-03   2.4231079e-02   1.0318354e-02   7.0794482e-02   3.0146512e-02   2.0683597e-01   5.6186410e-01   1.5262880e+00   6.4994134e-01   6.9902966e-01
   2.4231079e-02   9.5937628e-03   1.0318354e-02   7.0794482e-02   3.0146512e-02   2.0683597e-01   5.6186410e-01   1.5262880e+00   6.4994134e-01   6.9902966e-01
   9.5937628e-03   2.4231079e-02   6.5823045e-02   2.8029518e-02   3.0146512e-02   2.0683597e-01   5.6186410e-01   1.5262880e+00   6.4994134e-01   6.9902966e-01
   2.4231079e-02   9.5937628e-03   6.5823045e-02   2.8029518e-02   3.0146512e-02   2.0683597e-01   5.6186410e-01   1.5262880e+00   6.4994134e-01   6.9902966e-01
   2.4231079e-02   6.1200719e-02   2.6061187e-02   2.8029518e-02   3.0146512e-02   2.0683597e-01   5.6186410e-01   1.5262880e+00   6.4994134e-01   6.9902966e-01
   6.1200719e-02   2.4231079e-02   2.6061187e-02   2.8029518e-02   3.0146512e-02   2.0683597e-01   5.6186410e-01   1.5262880e+00   6.4994134e-01   6.9902966e-01
   3.7984394e-03   9.5937628e-03   2.6061187e-02   7.0794482e-02   1.9231122e-01   8.1892154e-02   5.6186410e-01   1.5262880e+00   6.4994134e-01   6.9902966e-01
   9.5937628e-03   3.7984394e-03   2.6061187e-02   7.0794482e-02   1.9231122e-01   8.1892154e-02   5.6186410e-01   1.5262880e+00   6.4994134e-01   6.9902966e-01
   9.5937628e-03   2.4231079e-02   1.0318354e-02   7.0794482e-02   1.9231122e-01   8.1892154e-02   5.6186410e-01   1.5262880e+00   6.4994134e-01   6.9902966e-01
   2.4231079e-02   9.5937628e-03   1.0318354e-02   7.0794482e-02   1.9231122e-01   8.1892154e-02   5.6186410e-01   1.5262880e+00   6.4994134e-01   6.9902966e-01
   9.5937628e-03   2.4231079e-02   6.5823045e-02   2.8029518e-02   1.9231122e-01   8.1892154e-02   5.6186410e-01   1.5262880e+00   6.4994134e-01   6.9902966e-01
   2.4231079e-02   9.5937628e-03   6.5823045e-02   2.8029518e-02   1.9231122e-01   8.1892154e-02   5.6186410e-01   1.5262880e+00   6.4994134e-01   6.9902966e-01
   2.4231079e-02   6.1200719e-02   2.6061187e-02   2.8029518e-02   1.9231122e-01   8.1892154e-02   5.6186410e-01   1.5262880e+00   6.4994134e-01   6.9902966e-01
   6.1200719e-02   2.4231079e-02   2.6061187e-02   2.8029518e-02   1.9231122e-01   8.1892154e-02   5.6186410e-01   1.5262880e+00   6.4994134e-01   6.9902966e-01
   9.5937628e-03   2.4231079e-02   6.5823045e-02   1.7880645e-01   7.6141399e-02   8.1892154e-02   5.6186410e-01   1.5262880e+00   6.4994134e-01   6.9902966e-01
   2.4231079e-02   9.5937628e-03   6.5823045e-02   1.7880645e-01   7.6141399e-02   8.1892154e-02   5.6186410e-01   1.5262880e+00   6.4994134e-01   6.9902966e-01
   2.4231079e-02   6.1200719e-02   2.6061187e-02   1.7880645e-01   7.6141399e-02   8.1892154e-02   5.6186410e-01   1.5262880e+00   6.4994134e-01   6.9902966e-01
   6.1200719e-02   2.4231079e-02   2.6061187e-02   1.7880645e-01   7.6141399e-02   8.1892154e-02   5.6186410e-01   1.5262880e+00   6.4994134e-01   6.9902966e-01
   2.4231079e-02   6.1200719e-02   1.6625003e-01   7.0794482e-02   7.6141399e-02   8.1892154e-02   5.6186410e-01   1.5262880e+00   6.4994134e-01   6.9902966e-01
   6.1200719e-02   2.4231079e-02   1.6625003e-01   7.0794482e-02   7.6141399e-02   8.1892154e-02   5.6186410e-01   1.5262880e+00   6.4994134e-01   6.9902966e-01
   6.1200719e-02   1.5457537e-01   6.5823045e-02   7.0794482e-02   7.6141399e-02   8.1892154e-02   5.6186410e-01   1.5262880e+00   6.4994134e-01   6.9902966e-01
   1.5457537e-01   6.1200719e-02   6.5823045e-02   7.0794482e-02   7.6141399e-02   8.1892154e-02   5.6186410e-01   1.5262880e+00   6.4994134e-01   6.9902966e-01
   3.7984394e-03   9.5937628e-03   2.6061187e-02   7.0794482e-02   1.9231122e-01   5.2240803e-01   2.2245773e-01   1.5262880e+00   6.4994134e-01   6.9902966e-01
   9.5937628e-03   3.7984394e-03   2.6061187e-02   7.0794482e-02   1.9231122e-01   5.2240803e-01   2.2245773e-01   1.5262880e+00   6.4994134e-01   6.9902966e-01
   9.5937628e-03   2.4231079e-02   1.0318354e-02   7.0794482e-02   1.9231122e-01   5.2240803e-01   2.2245773e-01   1.5262880e+00   6.4994134e-01   6.9902966e-01
   2.4231079e-02   9.5937628e-03   1.0318354e-02   7.0794482e-02   1.9231122e-01   5.2240803e-01   2.2245773e-01   1.5262880e+00   6.4994134e-01   6.9902966e-01
   9.5937628e-03   2.4231079e-02   6.5823045e-02   2.8029518e-02   1.9231122e-01   5.2240803e-01   2.2245773e-01   1.5262880e+00   6.4994134e-01   6.9902966e-01
   2.4231079e-02   9.5937628e-03   6.5823045e-02   2.8029518e-02   1.9231122e-01   5.2240803e-01   2.2245773e-01   1.5262880e+00   6.4994134e-01   6.9902966e-01
   2.4231079e-02   6.1200719e-02   2.6061187e-02   2.8029518e-02   1.9231122e-01   5.2240803e-01   2.2245773e-01   1.5262880e+00   6.4994134e-01   6.9902966e-01
   6.1200719e-02   2.4231079e-02   2.6061187e-02   2.8029518e-02   1.9231122e-01   5.2240803e-01   2.2245773e-01   1.5262880e+00   6.4994134e-01   6.9902966e-01
   9.5937628e-03   2.4231079e-02   6.5823045e-02   1.7880645e-01   7.6141399e-02   5.2240803e-01   2.2245773e-01   1.5262880e+00   6.4994134e-01   6.9902966e-01
   2.4231079e-02   9.5937628e-03   6.5823045e-02   1.7880645e-01   7.6141399e-02   5.2240803e-01   2.2245773e-01   1.5262880e+00   6.4994134e-01   6.9902966e-01
   2.4231079e-02   6.1200719e-02   2.6061187e-02   1.7880645e-01   7.6141399e-02   5.2240803e-01   2.2245773e-01   1.5262880e+00   6.4994134e-01   6.9902966e-01
   6.1200719e-02   2.4231079e-02   2.6061187e-02   1.7880645e-01   7.6141399e-02   5.2240803e-01   2.2245773e-01   1.5262880e+00   6.4994134e-01   6.9902966e-01
   2.4231079e-02   6.1200719e-02   1.6625003e-01   7.0794482e-02   7.6141399e-02   5.2240803e-01   2.2245773e-01   1.5262880e+00   6.4994134e-01   6.9902966e-01
   6.1200719e-02   2.4231079e-02   1.6625003e-01   7.0794482e-02   7.6141399e-02   5.2240803e-01   2.2245773e-01   1.5262880e+00   6.4994134e-01   6.9902966e-01
   6.1200719e-02   1.5457537e-01   6.5823045e-02   7.0794482e-02   7.6141399e-02   5.2240803e-01   2.2245773e-01   1.5262880e+00   6.4994134e-01   6.9902966e-01
   1.5457537e-01   6.1200719e-02   6.5823045e-02   7.0794482e-02   7.6141399e-02   5.2240803e-01   2.2245773e-01   1.5262880e+00   6.4994134e-01   6.9902966e-01
   9.5937628e-03   2.4231079e-02   6.5823045e-02   1.7880645e-01   4.8572270e-01   2.0683597e-01   2.2245773e-01   1.5262880e+00   6.4994134e-01   6.9902966e-01
   2.4231079e-02   9.5937628e-03   6.5823045e-02   1.7880645e-01   4.8572270e-01   2.0683597e-01   2.2245773e-01   1.5262880e+00   6.4994134e-01   6.9902966e-01
   2.4231079e-02   6.1200719e-02   2.6061187e-02   1.7880645e-01   4.8572270e-01   2.0683597e-01   2.2245773e-01   1.5262880e+00   6.4994134e-01   6.9902966e-01
   6.1200719e-02   2.4231079e-02   2.6061187e-02   1.7880645e-01   4.8572270e-01   2.0683597e-01   2.2245773e-01   1.5262880e+00   6.4994134e-01   6.9902966e-01
   2.4231079e-02   6.1200719e-02   1.6625003e-01   7.0794482e-02   4.8572270e-01   2.0683597e-01   2.2245773e-01   1.5262880e+00   6.4994134e-01   6.9902966e-01
   6.1200719e-02   2.4231079e-02   1.6625003e-01   7.0794482e-02   4.8572270e-01   2.0683597e-01   2.2245773e-01   1.5262880e+00   6.4994134e-01   6.9902966e-01
   6.1200719e-02   1.5457537e-01   6.5823045e-02   7.0794482e-02   4.8572270e-01   2.0683597e-01   2.2245773e-01   1.5262880e+00   6.4994134e-01   6.9902966e-01
   1.5457537e-01   6.1200719e-02   6.5823045e-02   7.0794482e-02   4.8572270e-01   2.0683597e-01   2.2245773e-01   1.5262880e+00   6.4994134e-01   6.9902966e-01
   2.4231079e-02   6.1200719e-02   1.6625003e-01   4.5161354e-01   1.9231122e-01   2.0683597e-01   2.2245773e-01   1.5262880e+00   6.4994134e-01   6.9902966e-01
   6.1200719e-02   2.4231079e-02   1.6625003e-01   4.5161354e-01   1.9231122e-01   2.0683597e-01   2.2245773e-01   1.5262880e+00   6.4994134e-01   6.9902966e-01
   6.1200719e-02   1.5457537e-01   6.5823045e-02   4.5161354e-01   1.9231122e-01   2.0683597e-01   2.2245773e-01   1.5262880e+00   6.4994134e-01   6.9902966e-01
   1.5457537e-01   6.1200719e-02   6.5823045e-02   4.5161354e-01   1.9231122e-01   2.0683597e-01   2.2245773e-01   1.5262880e+00   6.4994134e-01   6.9902966e-01
   6.1200719e-02   1.5457537e-01   4.1989965e-01   1.7880645e-01   1.9231122e-01   2.0683597e-01   2.2245773e-01   1.5262880e+00   6.4994134e-01   6.9902966e-01
   1.5457537e-01   6.1200719e-02   4.1989965e-01   1.7880645e-01   1.9231122e-01   2.0683597e-01   2.2245773e-01   1.5262880e+00   6.4994134e-01   6.9902966e-01
   1.5457537e-01   3.9041282e-01   1.6625003e-01   1.7880645e-01   1.9231122e-01   2.0683597e-01   2.2245773e-01   1.5262880e+00   6.4994134e-01   6.9902966e-01
   3.9041282e-01   1.5457537e-01   1.6625003e-01   1.7880645e-01   1.9231122e-01   2.0683597e-01   2.2245773e-01   1.5262880e+00   6.4994134e-01   6.9902966e-01
   3.7984394e-03   9.5937628e-03   2.6061187e-02   7.0794482e-02   1.9231122e-01   5.2240803e-01   1.4191067e+00   6.0430018e-01   6.4994134e-01   6.9902966e-01
   9.5937628e-03   3.7984394e-03   2.6061187e-02   7.0794482e-02   1.9231122e-01   5.2240803e-01   1.4191067e+00   6.0430018e-01   6.4994134e-01   6.9902966e-01
   9.5937628e-03   2.4231079e-02   1.0318354e-02   7.0794482e-02   1.9231122e-01   5.2240803e-01   1.4191067e+00   6.0430018e-01   6.4994134e-01   6.9902966e-01
   2.4231079e-02   9.5937628e-03   1.0318354e-02   7.0794482e-02   1.9231122e-01   5.2240803e-01   1.4191067e+00   6.0430018e-01   6.4994134e-01   6.9902966e-01
   9.5937628e-03   2.4231079e-02   6.5823045e-02   2.8029518e-02   1.9231122e-01   5.2240803e-01   1.4191067e+00   6.0430018e-01   6.4994134e-01   6.9902966e-01
   2.4231079e-02   9.5937628e-03   6.5823045e-02   2.8029518e-02   1.9231122e-01   5.2240803e-01   1.4191067e+00   6.0430018e-01   6.4994134e-01   6.9902966e-01
   2.4231079e-02   6.1200719e-02   2.6061187e-02   2.8029518e-02   1.9231122e-01   5.2240803e-01   1.4191067e+00   6.0430018e-01   6.4994134e-01   6.9902966e-01
   6.1200719e-02   2.4231079e-02   2.6061187e-02   2.8029518e-02   1.9231122e-01   5.2240803e-01   1.4191067e+00   6.0430018e-01   6.4994134e-01   6.9902966e-01
   9.5937628e-03   2.4231079e-02   6.5823045e-02   1.7880645e-01   7.6141399e-02   5.2240803e-01   1.4191067e+00   6.0430018e-01   6.4994134e-01   6.9902966e-01
   2.4231079e-02   9.5937628e-03   6.5823045e-02   1.7880645e-01   7.6141399e-02   5.2240803e-01   1.4191067e+00   6.0430018e-01   6.4994134e-01   6.9902966e-01
   2.4231079e-02   6.1200719e-02   2.6061187e-02   1.7880645e-01   7.6141399e-02   5.2240803e-01   1.4191067e+00   6.0430018e-01   6.4994134e-01   6.9902966e-01
   6.1200719e-02   2.4231079e-02   2.6061187e-02   1.7880645e-01   7.6141399e-02   5.2240803e-01   1.4191067e+00   6.0430018e-01   6.4994134e-01   6.9902966e-01
   2.4231079e-02   6.1200719e-02   1.6625003e-01   7.0794482e-02   7.6141399e-02   5.2240803e-01   1.4191067e+00   6.0430018e-01   6.4994134e-01   6.9902966e-01
   6.1200719e-02   2.4231079e-02   1.6625003e-01   7.0794482e-02   7.6141399e-02   5.2240803e-01   1.4191067e+00   6.0430018e-01   6.4994134e-01   6.9902966e-01
   6.1200719e-02   1.5457537e-01   6.5823045e-02   7.0794482e-02   7.6141399e-02   5.2240803e-01   1.4191067e+00   6.0430018e-01   6.4994134e-01   6.9902966e-01
   1.5457537e-01   6.1200719e-02   6.5823045e-02   7.0794482e-02   7.6141399e-02   5.2240803e-01   1.4191067e+00   6.0430018e-01   6.4994134e-01   6.9902966e-01
   9.5937628e-03   2.4231079e-02   6.5823045e-02   1.7880645e-01   4.8572270e-01   2.0683597e-01   1.4191067e+00   6.0430018e-01   6.4994134e-01   6.9902966e-01
   2.4231079e-02   9.5937628e-03   6.5823045e-02   1.7880645e-01   4.8572270e-01   2.0683597e-01   1.4191067e+00   6.0430018e-01   6.4994134e-01   6.9902966e-01
   2.4231079e-02   6.1200719e-02   2.6061187e-02   1.7880645e-01   4.8572270e-01   2.0683597e-01   1.4191067e+00   6.0430018e-01   6.4994134e-01   6.9902966e-01
   6.1200719e-02   2.4231079e-02   2.6061187e-02   1.7880645e-01   4.8572270e-01   2.0683597e-01   1.4191067e+00   6.0430018e-01   6.4994134e-01   6.9902966e-01
   2.4231079e-02   6.1200719e-02   1.6625003e-01   7.0794482e-02   4.8572270e-01   2.0683597e-01   1.4191067e+00   6.0430018e-01   6.4994134e-01   6.9902966e-01
   6.1200719e-02   2.4231079e-02   1.6625003e-01   7.0794482e-02   4.8572270e-01   2.0683597e-01   1.4191067e+00   6.0430018e-01   6.4994134e-01   6.9902966e-01
   6.1200719e-02   1.5457537e-01   6.5823045e-02   7.0794482e-02   4.8572270e-01   2.0683597e-01   1.4191067e+00   6.0430018e-01   6.4994134e-01   6.9902966e-01
   1.5457537e-01   6.1200719e-02   6.5823045e-02   7.0794482e-02   4.8572270e-01   2.0683597e-01   1.4191067e+00   6.0430018e-01   6.4994134e-01   6.9902966e-01
   2.4231079e-02   6.1200719e-02   1.6625003e-01   4.5161354e-01   1.9231122e-01   2.0683597e-01   1.4191067e+00   6.0430018e-01   6.4994134e-01   6.9902966e-01
   6.1200719e-02   2.4231079e-02   1.6625003e-01   4.5161354e-01   1.9231122e-01   2.0683597e-01   1.4191067e+00   6.0430018e-01   6.4994134e-01   6.9902966e-01
   6.1200719e-02   1.5457537e-01   6.5823045e-02   4.5161354e-01   1.9231122e-01   2.0683597e-01   1.4191067e+00   6.0430018e-01   6.4994134e-01   6.9902966e-01
   1.5457537e-01   6.1200719e-02   6.5823045e-02   4.5161354e-01   1.9231122e-01   2.0683597e-01   1.4191067e+00   6.0430018e-01   6.4994134e-01   6.9902966e-01
   6.1200719e-02   1.5457537e-01   4.1989965e-01   1.7880645e-01   1.9231122e-01   2.0683597e-01   1.4191067e+00   6.0430018e-01   6.4994134e-01   6.9902966e-01
   1.5457537e-01   6.1200719e-02   4.1989965e-01   1.7880645e-01   1.9231122e-01   2.0683597e-01   1.4191067e+00   6.0430018e-01   6.4994134e-01   6.9902966e-01
   1.5457537e-01   3.9041282e-01   1.6625003e-01   1.7880645e-01   1.9231122e-01   2.0683597e-01   1.4191067e+00   6.0430018e-01   6.4994134e-01   6.9902966e-01
   3.9041282e-01   1.5457537e-01   1.6625003e-01   1.7880645e-01   1.9231122e-01   2.0683597e-01   1.4191067e+00   6.0430018e-01   6.4994134e-01   6.9902966e-01
   9.5937628e-03   2.4231079e-02   6.5823045e-02   1.7880645e-01   4.8572270e-01   1.3194521e+00   5.6186410e-01   6.0430018e-01   6.4994134e-01   6.9902966e-01
   2.4231079e-02   9.5937628e-03   6.5823045e-02   1.7880645e-01   4.8572270e-01   1.3194521e+00   5.6186410e-01   6.0430018e-01   6.4994134e-01   6.9902966e-01
   2.4231079e-02   6.1200719e-02   2.6061187e-02   1.7880645e-01   4.8572270e-01   1.3194521e+00   5.6186410e-01   6.0430018e-01   6.4994134e-01   6.9902966e-01
   6.1200719e-02   2.4231079e-02   2.6061187e-02   1.7880645e-01   4.8572270e-01   1.3194521e+00   5.6186410e-01   6.0430018e-01   6.4994134e-01   6.9902966e-01
   2.4231079e-02   6.1200719e-02   1.6625003e-01   7.0794482e-02   4.8572270e-01   1.3194521e+00   5.6186410e-01   6.0430018e-01   6.4994134e-01   6.9902966e-01
   6.1200719e-02   2.4231079e-02   1.6625003e-01   7.0794482e-02   4.8572270e-01   1.3194521e+00   5.6186410e-01   6.0430018e-01   6.4994134e-01   6.9902966e-01
   6.1200719e-02   1.5457537e-01   6.5823045e-02   7.0794482e-02   4.8572270e-01   1.3194521e+00   5.6186410e-01   6.0430018e-01   6.4994134e-01   6.9902966e-01
   1.5457537e-01   6.1200719e-02   6.5823045e-02   7.0794482e-02   4.8572270e-01   1.3194521e+00   5.6186410e-01   6.0430018e-01   6.4994134e-01   6.9902966e-01
   2.4231079e-02   6.1200719e-02   1.6625003e-01   4.5161354e-01   1.9231122e-01   1.3194521e+00   5.6186410e-01   6.0430018e-01   6.4994134e-01   6.9902966e-01
   6.1200719e-02   2.4231079e-02   1.6625003e-01   4.5161354e-01   1.9231122e-01   1.3194521e+00   5.6186410e-01   6.0430018e-01   6.4994134e-01   6.9902966e-01
   6.1200719e-02   1.5457537e-01   6.5823045e-02   4.5161354e-01   1.9231122e-01   1.3194521e+00   5.6186410e-01   6.0430018e-01   6.4994134e-01   6.9902966e-01
   1.5457537e-01   6.1200719e-02   6.5823045e-02   4.5161354e-01   1.9231122e-01   1.3194521e+00   5.6186410e-01   6.0430018e-01   6.4994134e-01   6.9902966e-01
   6.1200719e-02   1.5457537e-01   4.1989965e-01   1.7880645e-01   1.9231122e-01   1.3194521e+00   5.6186410e-01   6.0430018e-01   6.4994134e-01   6.9902966e-01
   1.5457537e-01   6.1200719e-02   4.1989965e-01   1.7880645e-01   1.9231122e-01   1.3194521e+00   5.6186410e-01   6.0430018e-01   6.4994134e-01   6.9902966e-01
   1.5457537e-01   3.9041282e-01   1.6625003e-01   1.7880645e-01   1.9231122e-01   1.3194521e+00   5.6186410e-01   6.0430018e-01   6.4994134e-01   6.9902966e-01
   3.9041282e-01   1.5457537e-01   1.6625003e-01   1.7880645e-01   1.9231122e-01   1.3194521e+00   5.6186410e-01   6.0430018e-01   6.4994134e-01   6.9902966e-01
   2.4231079e-02   6.1200719e-02   1.6625003e-01   4.5161354e-01   1.2267955e+00   5.2240803e-01   5.6186410e-01   6.0430018e-01   6.4994134e-01   6.9902966e-01
   6.1200719e-02   2.4231079e-02   1.6625003e-01   4.5161354e-01   1.2267955e+00   5.2240803e-01   5.6186410e-01   6.0430018e-01   6.4994134e-01   6.9902966e-01
   6.1200719e-02   1.5457537e-01   6.5823045e-02   4.5161354e-01   1.2267955e+00   5.2240803e-01   5.6186410e-01   6.0430018e-01   6.4994134e-01   6.9902966e-01
   1.5457537e-01   6.1200719e-02   6.5823045e-02   4.5161354e-01   1.2267955e+00   5.2240803e-01   5.6186410e-01   6.0430018e-01   6.4994134e-01   6.9902966e-01
   6.1200719e-02   1.5457537e-01   4.1989965e-01   1.7880645e-01   1.2267955e+00   5.2240803e-01   5.6186410e-01   6.0430018e-01   6.4994134e-01   6.9902966e-01
   1.5457537e-01   6.1200719e-02   4.1989965e-01   1.7880645e-01   1.2267955e+00   5.2240803e-01   5.6186410e-01   6.0430018e-01   6.4994134e-01   6.9902966e-01
   1.5457537e-01   3.9041282e-01   1.6625003e-01   1.7880645e-01   1.2267955e+00   5.2240803e-01   5.6186410e-01   6.0430018e-01   6.4994134e-01   6.9902966e-01
   3.9041282e-01   1.5457537e-01   1.6625003e-01   1.7880645e-01   1.2267955e+00   5.2240803e-01   5.6186410e-01   6.0430018e-01   6.4994134e-01   6.9902966e-01
   6.1200719e-02   1.5457537e-01   4.1989965e-01   1.1406456e+00   4.8572270e-01   5.2240803e-01   5.6186410e-01   6.0430018e-01   6.4994134e-01   6.9902966e-01
   1.5457537e-01   6.1200719e-02   4.1989965e-01   1.1406456e+00   4.8572270e-01   5.2240803e-01   5.6186410e-01   6.0430018e-01   6.4994134e-01   6.9902966e-01
   1.5457537e-01   3.9041282e-01   1.6625003e-01   1.1406456e+00   4.8572270e-01   5.2240803e-01   5.6186410e-01   6.0430018e-01   6.4994134e-01   6.9902966e-01
   3.9041282e-01   1.5457537e-01   1.6625003e-01   1.1406456e+00   4.8572270e-01   5.2240803e-01   5.6186410e-01   6.0430018e-01   6.4994134e-01   6.9902966e-01
   1.5457537e-01   3.9041282e-01   1.0605455e+00   4.5161354e-01   4.8572270e-01   5.2240803e-01   5.6186410e-01   6.0430018e-01   6.4994134e-01   6.9902966e-01
   3.9041282e-01   1.5457537e-01   1.0605455e+00   4.5161354e-01   4.8572270e-01   5.2240803e-01   5.6186410e-01   6.0430018e-01   6.4994134e-01   6.9902966e-01
   3.9041282e-01   9.8607023e-01   4.1989965e-01   4.5161354e-01   4.8572270e-01   5.2240803e-01   5.6186410e-01   6.0430018e-01   6.4994134e-01   6.9902966e-01
   9.8607023e-01   3.9041282e-01   4.1989965e-01   4.5161354e-01   4.8572270e-01   5.2240803e-01   5.6186410e-01   6.0430018e-01   6.4994134e-01   6.9902966e-01
   1.5039086e-03   3.7984394e-03   1.0318354e-02   2.8029518e-02   7.6141399e-02   2.0683597e-01   5.6186410e-01   2.3925937e-01   1.6415645e+00   6.9902966e-01
   3.7984394e-03   1.5039086e-03   1.0318354e-02   2.8029518e-02   7.6141399e-02   2.0683597e-01   5.6186410e-01   2.3925937e-01   1.6415645e+00   6.9902966e-01
   3.7984394e-03   9.5937628e-03   4.0853253e-03   2.8029518e-02   7.6141399e-02   2.0683597e-01   5.6186410e-01   2.3925937e-01   1.6415645e+00   6.9902966e-01
   9.5937628e-03   3.7984394e-03   4.0853253e-03   2.8029518e-02   7.6141399e-02   2.0683597e-01   5.6186410e-01   2.3925937e-01   1.6415645e+00   6.9902966e-01
   3.7984394e-03   9.5937628e-03   2.6061187e-02   1.1097671e-02   7.6141399e-02   2.0683597e-01   5.6186410e-01   2.3925937e-01   1.6415645e+00   6.9902966e-01
   9.5937628e-03   3.7984394e-03   2.6061187e-02   1.1097671e-02   7.6141399e-02   2.0683597e-01   5.6186410e-01   2.3925937e-01   1.6415645e+00   6.9902966e-01
   9.5937628e-03   2.4231079e-02   1.0318354e-02   1.1097671e-02   7.6141399e-02   2.0683597e-01   5.6186410e-01   2.3925937e-01   1.6415645e+00   6.9902966e-01
   2.4231079e-02   9.5937628e-03   1.0318354e-02   1.1097671e-02   7.6141399e-02   2.0683597e-01   5.6186410e-01   2.3925937e-01   1.6415645e+00   6.9902966e-01
   3.7984394e-03   9.5937628e-03   2.6061187e-02   7.0794482e-02   3.0146512e-02   2.0683597e-01   5.6186410e-01   2.3925937e-01   1.6415645e+00   6.9902966e-01
   9.5937628e-03   3.7984394e-03   2.6061187e-02   7.0794482e-02   3.0146512e-02   2.0683597e-01   5.6186410e-01   2.3925937e-01   1.6415645e+00   6.9902966e-01
   9.5937628e-03   2.4231079e-02   1.0318354e-02   7.0794482e-02   3.0146512e-02   2.0683597e-01   5.6186410e-01   2.3925937e-01   1.6415645e+00   6.9902966e-01
   2.4231079e-02   9.5937628e-03   1.0318354e-02   7.0794482e-02   3.0146512e-02   2.0683597e-01   5.6186410e-01   2.3925937e-01   1.6415645e+00   6.9902966e-01
   9.5937628e-03   2.4231079e-02   6.5823045e-02   2.8029518e-02   3.0146512e-02   2.0683597e-01   5.6186410e-01   2.3925937e-01   1.6415645e+00   6.9902966e-01
   2.4231079e-02   9.5937628e-03   6.5823045e-02   2.8029518e-02   3.0146512e-02   2.0683597e-01   5.6186410e-01   2.3925937e-01   1.6415645e+00   6.9902966e-01
   2.4231079e-02   6.1200719e-02   2.6061187e-02   2.8029518e-02   3.0146512e-02   2.0683597e-01   5.6186410e-01   2.3925937e-01   1.6415645e+00   6.9902966e-01
   6.1200719e-02   2.4231079e-02   2.6061187e-02   2.8029518e-02   3.0146512e-02   2.0683597e-01   5.6186410e-01   2.3925937e-01   1.6415645e+00   6.9902966e-01
   3.7984394e-03   9.5937628e-03   2.6061187e-02   7.0794482e-02   1.9231122e-01   8.1892154e-02   5.6186410e-01   2.3925937e-01   1.6415645e+00   6.9902966e-01
   9.5937628e-03   3.7984394e-03   2.6061187e-02   7.0794482e-02   1.9231122e-01   8.1892154e-02   5.6186410e-01   2.3925937e-01   1.6415645e+00   6.9902966e-01
   9.5937628e-03   2.4231079e-02   1.0318354e-02   7.0794482e-02   1.9231122e-01   8.1892154e-02   5.6186410e-01   2.3925937e-01   1.6415645e+00   6.9902966e-01
   2.4231079e-02   9.5937628e-03   1.0318354e-02   7.0794482e-02   1.9231122e-01   8.1892154e-02   5.6186410e-01   2.3925937e-01   1.6415645e+00   6.9902966e-01
   9.5937628e-03   2.4231079e-02   6.5823045e-02   2.8029518e-02   1.9231122e-01   8.1892154e-02   5.6186410e-01   2.3925937e-01   1.6415645e+00   6.9902966e-01
   2.4231079e-02   9.5937628e-03   6.5823045e-02   2.8029518e-02   1.9231122e-01   8.1892154e-02   5.6186410e-01   2.3925937e-01   1.6415645e+00   6.9902966e-01
   2.4231079e-02   6.1200719e-02   2.6061187e-02   2.8029518e-02   1.9231122e-01   8.1892154e-02   5.6186410e-01   2.3925937e-01   1.6415645e+00   6.9902966e-01
   6.1200719e-02   2.4231079e-02   2.6061187e-02   2.8029518e-02   1.9231122e-01   8.1892154e-02   5.6186410e-01   2.3925937e-01   1.6415645e+00   6.9902966e-01
   9.5937628e-03   2.4231079e-02   6.5823045e-02   1.7880645e-01   7.6141399e-02   8.1892154e-02   5.6186410e-01   2.3925937e-01   1.6415645e+00   6.9902966e-01
   2.4231079e-02   9.5937628e-03   6.5823045e-02   1.7880645e-01   7.6141399e-02   8.1892154e-02   5.6186410e-01   2.3925937e-01   1.6415645e+00   6.9902966e-01
   2.4231079e-02   6.1200719e-02   2.6061187e-02   1.7880645e-01   7.6141399e-02   8.1892154e-02   5.6186410e-01   2.3925937e-01   1.6415645e+00   6.9902966e-01
   6.1200719e-02   2.4231079e-02   2.6061187e-02   1.7880645e-01   7.6141399e-02   8.1892154e-02   5.6186410e-01   2.3925937e-01   1.6415645e+00   6.9902966e-01
   2.4231079e-02   6.1200719e-02   1.6625003e-01   7.0794482e-02   7.6141399e-02   8.1892154e-02   5.6186410e-01   2.3925937e-01   1.6415645e+00   6.9902966e-01
   6.1200719e-02   2.4231079e-02   1.6625003e-01   7.0794482e-02   7.6141399e-02   8.1892154e-02   5.6186410e-01   2.3925937e-01   1.6415645e+00   6.9902966e-01
   6.1200719e-02   1.5457537e-01   6.5823045e-02   7.0794482e-02   7.6141399e-02   8.1892154e-02   5.6186410e-01   2.3925937e-01   1.6415645e+00   6.9902966e-01
   1.5457537e-01   6.1200719e-02   6.5823045e-02   7.0794482e-02   7.6141399e-02   8.1892154e-02   5.6186410e-01   2.3925937e-01   1.6415645e+00   6.9902966e-01
   3.7984394e-03   9.5937628e-03   2.6061187e-02   7.0794482e-02   1.9231122e-01   5.2240803e-01   2.2245773e-01   2.3925937e-01   1.6415645e+00   6.9902966e-01
   9.5937628e-03   3.7984394e-03   2.6061187e-02   7.0794482e-02   1.9231122e-01   5.2240803e-01   2.2245773e-01   2.3925937e-01   1.6415645e+00   6.9902966e-01
   9.5937628e-03   2.4231079e-02   1.0318354e-02   7.0794482e-02   1.9231122e-01   5.2240803e-01   2.2245773e-01   2.3925937e-01   1.6415645e+00   6.9902966e-01
   2.4231079e-02   9.5937628e-03   1.0318354e-02   7.0794482e-02   1.9231122e-01   5.2240803e-01   2.2245773e-01   2.3925937e-01   1.6415645e+00   6.9902966e-01
   9.5937628e-03   2.4231079e-02   6.5823045e-02   2.8029518e-02   1.9231122e-01   5.2240803e-01   2.2245773e-01   2.3925937e-01   1.6415645e+00   6.9902966e-01
   2.4231079e-02   9.5937628e-03   6.5823045e-02   2.8029518e-02   1.9231122e-01   5.2240803e-01   2.2245773e-01   2.3925937e-01   1.6415645e+00   6.9902966e-01
   2.4231079e-02   6.1200719e-02   2.6061187e-02   2.8029518e-02   1.9231122e-01   5.2240803e-01   2.2245773e-01   2.3925937e-01   1.6415645e+00   6.9902966e-01
   6.1200719e-02   2.4231079e-02   2.6061187e-02   2.8029518e-02   1.9231122e-01   5.2240803e-01   2.2245773e-01   2.3925937e-01   1.6415645e+00   6.9902966e-01
   9.5937628e-03   2.4231079e-02   6.5823045e-02   1.7880645e-01   7.6141399e-02   5.2240803e-01   2.2245773e-01   2.3925937e-01   1.6415645e+00   6.9902966e-01
   2.4231079e-02   9.5937628e-03   6.5823045e-02   1.7880645e-01   7.6141399e-02   5.2240803e-01   2.2245773e-01   2.3925937e-01   1.6415645e+00   6.9902966e-01
   2.4231079e-02   6.1200719e-02   2.6061187e-02   1.7880645e-01   7.6141399e-02   5.2240803e-01   2.2245773e-01   2.3925937e-01   1.6415645e+00   6.9902966e-01
   6.1200719e-02   2.4231079e-02   2.6061187e-02   1.7880645e-01   7.6141399e-02   5.2240803e-01   2.2245773e-01   2.3925937e-01   1.6415645e+00   6.9902966e-01
   2.4231079e-02   6.1200719e-02   1.6625003e-01   7.0794482e-02   7.6141399e-02   5.2240803e-01   2.2245773e-01   2.3925937e-01   1.6415645e+00   6.9902966e-01
   6.1200719e-02   2.4231079e-02   1.6625003e-01   7.0794482e-02   7.6141399e-02   5.2240803e-01   2.2245773e-01   2.3925937e-01   1.6415645e+00   6.9902966e-01
   6.1200719e-02   1.5457537e-01   6.5823045e-02   7.0794482e-02   7.6141399e-02   5.2240803e-01   2.2245773e-01   2.3925937e-01   1.6415645e+00   6.9902966e-01
   1.5457537e-01   6.1200719e-02   6.5823045e-02   7.0794482e-02   7.6141399e-02   5.2240803e-01   2.2245773e-01   2.3925937e-01   1.6415645e+00   6.9902966e-01
   9.5937628e-03   2.4231079e-02   6.5823045e-02   1.7880645e-01   4.8572270e-01   2.0683597e-01   2.2245773e-01   2.3925937e-01   1.6415645e+00   6.9902966e-01
   2.4231079e-02   9.5937628e-03   6.5823045e-02   1.7880645e-01   4.8572270e-01   2.0683597e-01   2.2245773e-01   2.3925937e-01   1.6415645e+00   6.9902966e-01
   2.4231079e-02   6.1200719e-02   2.6061187e-02   1.7880645e-01   4.8572270e-01   2.0683597e-01   2.2245773e-01   2.3925937e-01   1.6415645e+00   6.9902966e-01
   6.1200719e-02   2.4231079e-02   2.6061187e-02   1.7880645e-01   4.8572270e-01   2.0683597e-01   2.2245773e-01   2.3925937e-01   1.6415645e+00   6.9902966e-01
   2.4231079e-02   6.1200719e-02   1.6625003e-01   7.0794482e-02   4.8572270e-01   2.0683597e-01   2.2245773e-01   2.3925937e-01   1.6415645e+00   6.9902966e-01
   6.1200719e-02   2.4231079e-02   1.6625003e-01   7.0794482e-02   4.8572270e-01   2.0683597e-01   2.2245773e-01   2.3925937e-01   1.6415645e+00   6.9902966e-01
   6.1200719e-02   1.5457537e-01   6.5823045e-02   7.0794482e-02   4.8572270e-01   2.0683597e-01   2.2245773e-01   2.3925937e-01   1.6415645e+00   6.9902966e-01
   1.5457537e-01   6.1200719e-02   6.5823045e-02   7.0794482e-02   4.8572270e-01   2.0683597e-01   2.2245773e-01   2.3925937e-01   1.6415645e+00   6.9902966e-01
   2.4231079e-02   6.1200719e-02   1.6625003e-01   4.5161354e-01   1.9231122e-01   2.0683597e-01   2.2245773e-01   2.3925937e-01   1.6415645e+00   6.9902966e-01
   6.1200719e-02   2.4231079e-02   1.6625003e-01   4.5161354e-01   1.9231122e-01   2.0683597e-01   2.2245773e-01   2.3925937e-01   1.6415645e+00   6.9902966e-01
   6.1200719e-02   1.5457537e-01   6.5823045e-02   4.5161354e-01   1.9231122e-01   2.0683597e-01   2.2245773e-01   2.3925937e-01   1.6415645e+00   6.9902966e-01
   1.5457537e-01   6.1200719e-02   6.5823045e-02   4.5161354e-01   1.9231122e-01   2.0683597e-01   2.2245773e-01   2.3925937e-01   1.6415645e+00   6.9902966e-01
   6.1200719e-02   1.5457537e-01   4.1989965e-01   1.7880645e-01   1.9231122e-01   2.0683597e-01   2.2245773e-01   2.3925937e-01   1.6415645e+00   6.9902966e-01
   1.5457537e-01   6.1200719e-02   4.1989965e-01   1.7880645e-01   1.9231122e-01   2.0683597e-01   2.2245773e-01   2.3925937e-01   1.6415645e+00   6.9902966e-01
   1.5457537e-01   3.9041282e-01   1.6625003e-01   1.7880645e-01   1.9231122e-01   2.0683597e-01   2.2245773e-01   2.3925937e-01   1.6415645e+00   6.9902966e-01
   3.9041282e-01   1.5457537e-01   1.6625003e-01   1.7880645e-01   1.9231122e-01   2.0683597e-01   2.2245773e-01   2.3925937e-01   1.6415645e+00   6.9902966e-01
   1.5039086e-03   3.7984394e-03   1.0318354e-02   2.8029518e-02   7.6141399e-02   2.0683597e-01   8.8077247e-02   6.0430018e-01   1.6415645e+00   6.9902966e-01
   3.7984394e-03   1.5039086e-03   1.0318354e-02   2.8029518e-02   7.6141399e-02   2.0683597e-01   8.8077247e-02   6.0430018e-01   1.6415645e+00   6.9902966e-01
   3.7984394e-03   9.5937628e-03   4.0853253e-03   2.8029518e-02   7.6141399e-02   2.0683597e-01   8.8077247e-02   6.0430018e-01   1.6415645e+00   6.9902966e-01
   9.5937628e-03   3.7984394e-03   4.0853253e-03   2.8029518e-02   7.6141399e-02   2.0683597e-01   8.8077247e-02   6.0430018e-01   1.6415645e+00   6.9902966e-01
   3.7984394e-03   9.5937628e-03   2.6061187e-02   1.1097671e-02   7.6141399e-02   2.0683597e-01   8.8077247e-02   6.0430018e-01   1.6415645e+00   6.9902966e-01
   9.5937628e-03   3.7984394e-03   2.6061187e-02   1.1097671e-02   7.6141399e-02   2.0683597e-01   8.8077247e-02   6.0430018e-01   1.6415645e+00   6.9902966e-01
   9.5937628e-03   2.4231079e-02   1.0318354e-02   1.1097671e-02   7.6141399e-02   2.0683597e-01   8.8077247e-02   6.0430018e-01   1.6415645e+00   6.9902966e-01
   2.4231079e-02   9.5937628e-03   1.0318354e-02   1.1097671e-02   7.6141399e-02   2.0683597e-01   8.8077247e-02   6.0430018e-01   1.6415645e+00   6.9902966e-01
   3.7984394e-03   9.5937628e-03   2.6061187e-02   7.0794482e-02   3.0146512e-02   2.0683597e-01   8.8077247e-02   6.0430018e-01   1.6415645e+00   6.9902966e-01
   9.5937628e-03   3.7984394e-03   2.6061187e-02   7.0794482e-02   3.0146512e-02   2.0683597e-01   8.8077247e-02   6.0430018e-01   1.6415645e+00   6.9902966e-01
   9.5937628e-03   2.4231079e-02   1.0318354e-02   7.0794482e-02   3.0146512e-02   2.0683597e-01   8.8077247e-02   6.0430018e-01   1.6415645e+00   6.9902966e-01
   2.4231079e-02   9.5937628e-03   1.0318354e-02   7.0794482e-02   3.0146512e-02   2.0683597e-01   8.8077247e-02   6.0430018e-01   1.6415645e+00   6.9902966e-01
   9.5937628e-03   2.4231079e-02   6.5823045e-02   2.8029518e-02   3.0146512e-02   2.0683597e-01   8.8077247e-02   6.0430018e-01   1.6415645e+00   6.9902966e-01
   2.4231079e-02   9.5937628e-03   6.5823045e-02   2.8029518e-02   3.0146512e-02   2.0683597e-01   8.8077247e-02   6.0430018e-01   1.6415645e+00   6.9902966e-01
   2.4231079e-02   6.1200719e-02   2.6061187e-02   2.8029518e-02   3.0146512e-02   2.0683597e-01   8.8077247e-02   6.0430018e-01   1.6415645e+00   6.9902966e-01
   6.1200719e-02   2.4231079e-02   2.6061187e-02   2.8029518e-02   3.0146512e-02   2.0683597e-01   8.8077247e-02   6.0430018e-01   1.6415645e+00   6.9902966e-01
   3.7984394e-03   9.5937628e-03   2.6061187e-02   7.0794482e-02   1.9231122e-01   8.1892154e-02   8.8077247e-02   6.0430018e-01   1.6415645e+00   6.9902966e-01
   9.5937628e-03   3.7984394e-03   2.6061187e-02   7.0794482e-02   1.9231122e-01   8.1892154e-02   8.8077247e-02   6.0430018e-01   1.6415645e+00   6.9902966e-01
   9.5937628e-03   2.4231079e-02   1.0318354e-02   7.0794482e-02   1.9231122e-01   8.1892154e-02   8.8077247e-02   6.0430018e-01   1.6415645e+00   6.9902966e-01
   2.4231079e-02   9.5937628e-03   1.0318354e-02   7.0794482e-02   1.9231122e-01   8.1892154e-02   8.8077247e-02   6.0430018e-01   1.6415645e+00   6.9902966e-01
   9.5937628e-03   2.4231079e-02   6.5823045e-02   2.8029518e-02   1.9231122e-01   8.1892154e-02   8.8077247e-02   6.0430018e-01   1.6415645e+00   6.9902966e-01
   2.4231079e-02   9.5937628e-03   6.5823045e-02   2.8029518e-02   1.9231122e-01   8.1892154e-02   8.8077247e-02   6.0430018e-01   1.6415645e+00   6.9902966e-01
   2.4231079e-02   6.1200719e-02   2.6061187e-02   2.8029518e-02   1.9231122e-01   8.1892154e-02   8.8077247e-02   6.0430018e-01   1.6415645e+00   6.9902966e-01
   6.1200719e-02   2.4231079e-02   2.6061187e-02   2.8029518e-02   1.9231122e-01   8.1892154e-02   8.8077247e-02   6.0430018e-01   1.6415645e+00   6.9902966e-01
   9.5937628e-03   2.4231079e-02   6.5823045e-02   1.7880645e-01   7.6141399e-02   8.1892154e-02   8.8077247e-02   6.0430018e-01   1.6415645e+00   6.9902966e-01
   2.4231079e-02   9.5937628e-03   6.5823045e-02   1.7880645e-01   7.6141399e-02   8.1892154e-02   8.8077247e-02   6.0430018e-01   1.6415645e+00   6.9902966e-01
   2.4231079e-02   6.1200719e-02   2.6061187e-02   1.7880645e-01   7.6141399e-02   8.1892154e-02   8.8077247e-02   6.0430018e-01   1.6415645e+00   6.9902966e-01
   6.1200719e-02   2.4231079e-02   2.6061187e-02   1.7880645e-01   7.6141399e-02   8.1892154e-02   8.8077247e-02   6.0430018e-01   1.6415645e+00   6.9902966e-01
   2.4231079e-02   6.1200719e-02   1.6625003e-01   7.0794482e-02   7.6141399e-02   8.1892154e-02   8.8077247e-02   6.0430018e-01   1.6415645e+00   6.9902966e-01
   6.1200719e-02   2.4231079e-02   1.6625003e-01   7.0794482e-02   7.6141399e-02   8.1892154e-02   8.8077247e-02   6.0430018e-01   1.6415645e+00   6.9902966e-01
   6.1200719e-02   1.5457537e-01   6.5823045e-02   7.0794482e-02   7.6141399e-02   8.1892154e-02   8.8077247e-02   6.0430018e-01   1.6415645e+00   6.9902966e-01
   1.5457537e-01   6.1200719e-02   6.5823045e-02   7.0794482e-02   7.6141399e-02   8.1892154e-02   8.8077247e-02   6.0430018e-01   1.6415645e+00   6.9902966e-01
   1.5039086e-03   3.7984394e-03   1.0318354e-02   2.8029518e-02   7.6141399e-02   3.2423397e-02   2.2245773e-01   6.0430018e-01   1.6415645e+00   6.9902966e-01
   3.7984394e-03   1.5039086e-03   1.0318354e-02   2.8029518e-02   7.6141399e-02   3.2423397e-02   2.2245773e-01   6.0430018e-01   1.6415645e+00   6.9902966e-01
   3.7984394e-03   9.5937628e-03   4.0853253e-03   2.8029518e-02   7.6141399e-02   3.2423397e-02   2.2245773e-01   6.0430018e-01   1.6415645e+00   6.9902966e-01
   9.5937628e-03   3.7984394e-03   4.0853253e-03   2.8029518e-02   7.6141399e-02   3.2423397e-02   2.2245773e-01   6.0430018e-01   1.6415645e+00   6.9902966e-01
   3.7984394e-03   9.5937628e-03   2.6061187e-02   1.1097671e-02   7.6141399e-02   3.2423397e-02   2.2245773e-01   6.0430018e-01   1.6415645e+00   6.9902966e-01
   9.5937628e-03   3.7984394e-03   2.6061187e-02   1.1097671e-02   7.6141399e-02   3.2423397e-02   2.2245773e-01   6.0430018e-01   1.6415645e+00   6.9902966e-01
   9.5937628e-03   2.4231079e-02   1.0318354e-02   1.1097671e-02   7.6141399e-02   3.2423397e-02   2.2245773e-01   6.0430018e-01   1.6415645e+00   6.9902966e-01
   2.4231079e-02   9.5937628e-03   1.0318354e-02   1.1097671e-02   7.6141399e-02   3.2423397e-02   2.2245773e-01   6.0430018e-01   1.6415645e+00   6.9902966e-01
   3.7984394e-03   9.5937628e-03   2.6061187e-02   7.0794482e-02   3.0146512e-02   3.2423397e-02   2.2245773e-01   6.0430018e-01   1.6415645e+00   6.9902966e-01
   9.5937628e-03   3.7984394e-03   2.6061187e-02   7.0794482e-02   3.0146512e-02   3.2423397e-02   2.2245773e-01   6.0430018e-01   1.6415645e+00   6.9902966e-01
   9.5937628e-03   2.4231079e-02   1.0318354e-02   7.0794482e-02   3.0146512e-02   3.2423397e-02   2.2245773e-01   6.0430018e-01   1.6415645e+00   6.9902966e-01
   2.4231079e-02   9.5937628e-03   1.0318354e-02   7.0794482e-02   3.0146512e-02   3.2423397e-02   2.2245773e-01   6.0430018e-01   1.6415645e+00   6.9902966e-01
   9.5937628e-03   2.4231079e-02   6.5823045e-02   2.8029518e-02   3.0146512e-02   3.2423397e-02   2.2245773e-01   6.0430018e-01   1.6415645e+00   6.9902966e-01
   2.4231079e-02   9.5937628e-03   6.5823045e-02   2.8029518e-02   3.0146512e-02   3.2423397e-02   2.2245773e-01   6.0430018e-01   1.6415645e+00   6.9902966e-01
   2.4231079e-02   6.1200719e-02   2.6061187e-02   2.8029518e-02   3.0146512e-02   3.2423397e-02   2.2245773e-01   6.0430018e-01   1.6415645e+00   6.9902966e-01
   6.1200719e-02   2.4231079e-02   2.6061187e-02   2.8029518e-02   3.0146512e-02   3.2423397e-02   2.2245773e-01   6.0430018e-01   1.6415645e+00   6.9902966e-01
   1.5039086e-03   3.7984394e-03   1.0318354e-02   2.8029518e-02   1.1935849e-02   8.1892154e-02   2.2245773e-01   6.0430018e-01   1.6415645e+00   6.9902966e-01
   3.7984394e-03   1.5039086e-03   1.0318354e-02   2.8029518e-02   1.1935849e-02   8.1892154e-02   2.2245773e-01   6.0430018e-01   1.6415645e+00   6.9902966e-01
   3.7984394e-03   9.5937628e-03   4.0853253e-03   2.8029518e-02   1.1935849e-02   8.1892154e-02   2.2245773e-01   6.0430018e-01   1.6415645e+00   6.9902966e-01
   9.5937628e-03   3.7984394e-03   4.0853253e-03   2.8029518e-02   1.1935849e-02   8.1892154e-02   2.2245773e-01   6.0430018e-01   1.6415645e+00   6.9902966e-01
   3.7984394e-03   9.5937628e-03   2.6061187e-02   1.1097671e-02   1.1935849e-02   8.1892154e-02   2.2245773e-01   6.0430018e-01   1.6415645e+00   6.9902966e-01
   9.5937628e-03   3.7984394e-03   2.6061187e-02   1.1097671e-02   1.1935849e-02   8.1892154e-02   2.2245773e-01   6.0430018e-01   1.6415645e+00   6.9902966e-01
   9.5937628e-03   2.4231079e-02   1.0318354e-02   1.1097671e-02   1.1935849e-02   8.1892154e-02   2.2245773e-01   6.0430018e-01   1.6415645e+00   6.9902966e-01
   2.4231079e-02   9.5937628e-03   1.0318354e-02   1.1097671e-02   1.1935849e-02   8.1892154e-02   2.2245773e-01   6.0430018e-01   1.6415645e+00   6.9902966e-01
   1.5039086e-03   3.7984394e-03   1.0318354e-02   4.3938789e-03   3.0146512e-02   8.1892154e-02   2.2245773e-01   6.0430018e-01   1.6415645e+00   6.9902966e-01
   3.7984394e-03   1.5039086e-03   1.0318354e-02   4.3938789e-03   3.0146512e-02   8.1892154e-02   2.2245773e-01   6.0430018e-01   1.6415645e+00   6.9902966e-01
   3.7984394e-03   9.5937628e-03   4.0853253e-03   4.3938789e-03   3.0146512e-02   8.1892154e-02   2.2245773e-01   6.0430018e-01   1.6415645e+00   6.9902966e-01
   9.5937628e-03   3.7984394e-03   4.0853253e-03   4.3938789e-03   3.0146512e-02   8.1892154e-02   2.2245773e-01   6.0430018e-01   1.6415645e+00   6.9902966e-01
   1.5039086e-03   3.7984394e-03   1.6174947e-03   1.1097671e-02   3.0146512e-02   8.1892154e-02   2.2245773e-01   6.0430018e-01   1.6415645e+00   6.9902966e-01
   3.7984394e-03   1.5039086e-03   1.6174947e-03   1.1097671e-02   3.0146512e-02   8.1892154e-02   2.2245773e-01   6.0430018e-01   1.6415645e+00   6.9902966e-01
   1.5039086e-03   5.9543952e-04   4.0853253e-03   1.1097671e-02   3.0146512e-02   8.1892154e-02   2.2245773e-01   6.0430018e-01   1.6415645e+00   6.9902966e-01
   5.9543952e-04   1.5039086e-03   4.0853253e-03   1.1097671e-02   3.0146512e-02   8.1892154e-02   2.2245773e-01   6.0430018e-01   1.6415645e+00   6.9902966e-01
   5.9543952e-04   1.5039086e-03   4.0853253e-03   1.1097671e-02   3.0146512e-02   8.1892154e-02   2.2245773e-01   6.0430018e-01   2.5732998e-01   1.7655474e+00
   1.5039086e-03   5.9543952e-04   4.0853253e-03   1.1097671e-02   3.0146512e-02   8.1892154e-02   2.2245773e-01   6.0430018e-01   2.5732998e-01   1.7655474e+00
   1.5039086e-03   3.7984394e-03   1.6174947e-03   1.1097671e-02   3.0146512e-02   8.1892154e-02   2.2245773e-01   6.0430018e-01   2.5732998e-01   1.7655474e+00
   3.7984394e-03   1.5039086e-03   1.6174947e-03   1.1097671e-02   3.0146512e-02   8.1892154e-02   2.2245773e-01   6.0430018e-01   2.5732998e-01   1.7655474e+00
   1.5039086e-03   3.7984394e-03   1.0318354e-02   4.3938789e-03   3.0146512e-02   8.1892154e-02   2.2245773e-01   6.0430018e-01   2.5732998e-01   1.7655474e+00
   3.7984394e-03   1.5039086e-03   1.0318354e-02   4.3938789e-03   3.0146512e-02   8.1892154e-02   2.2245773e-01   6.0430018e-01   2.5732998e-01   1.7655474e+00
   3.7984394e-03   9.5937628e-03   4.0853253e-03   4.3938789e-03   3.0146512e-02   8.1892154e-02   2.2245773e-01   6.0430018e-01   2.5732998e-01   1.7655474e+00
   9.5937628e-03   3.7984394e-03   4.0853253e-03   4.3938789e-03   3.0146512e-02   8.1892154e-02   2.2245773e-01   6.0430018e-01   2.5732998e-01   1.7655474e+00
   1.5039086e-03   3.7984394e-03   1.0318354e-02   2.8029518e-02   1.1935849e-02   8.1892154e-02   2.2245773e-01   6.0430018e-01   2.5732998e-01   1.7655474e+00
   3.7984394e-03   1.5039086e-03   1.0318354e-02   2.8029518e-02   1.1935849e-02   8.1892154e-02   2.2245773e-01   6.0430018e-01   2.5732998e-01   1.7655474e+00
   3.7984394e-03   9.5937628e-03   4.0853253e-03   2.8029518e-02   1.1935849e-02   8.1892154e-02   2.2245773e-01   6.0430018e-01   2.5732998e-01   1.7655474e+00
   9.5937628e-03   3.7984394e-03   4.0853253e-03   2.8029518e-02   1.1935849e-02   8.1892154e-02   2.2245773e-01   6.0430018e-01   2.5732998e-01   1.7655474e+00
   3.7984394e-03   9.5937628e-03   2.6061187e-02   1.1097671e-02   1.1935849e-02   8.1892154e-02   2.2245773e-01   6.0430018e-01   2.5732998e-01   1.7655474e+00
   9.5937628e-03   3.7984394e-03   2.6061187e-02   1.1097671e-02   1.1935849e-02   8.1892154e-02   2.2245773e-01   6.0430018e-01   2.5732998e-01   1.7655474e+00
   9.5937628e-03   2.4231079e-02   1.0318354e-02   1.1097671e-02   1.1935849e-02   8.1892154e-02   2.2245773e-01   6.0430018e-01   2.5732998e-01   1.7655474e+00
   2.4231079e-02   9.5937628e-03   1.0318354e-02   1.1097671e-02   1.1935849e-02   8.1892154e-02   2.2245773e-01   6.0430018e-01   2.5732998e-01   1.7655474e+00
   1.5039086e-03   3.7984394e-03   1.0318354e-02   2.8029518e-02   7.6141399e-02   3.2423397e-02   2.2245773e-01   6.0430018e-01   2.5732998e-01   1.7655474e+00
   3.7984394e-03   1.5039086e-03   1.0318354e-02   2.8029518e-02   7.6141399e-02   3.2423397e-02   2.2245773e-01   6.0430018e-01   2.5732998e-01   1.7655474e+00
   3.7984394e-03   9.5937628e-03   4.0853253e-03   2.8029518e-02   7.6141399e-02   3.2423397e-02   2.2245773e-01   6.0430018e-01   2.5732998e-01   1.7655474e+00
   9.5937628e-03   3.7984394e-03   4.0853253e-03   2.8029518e-02   7.6141399e-02   3.2423397e-02   2.2245773e-01   6.0430018e-01   2.5732998e-01   1.7655474e+00
   3.7984394e-03   9.5937628e-03   2.6061187e-02   1.1097671e-02   7.6141399e-02   3.2423397e-02   2.2245773e-01   6.0430018e-01   2.5732998e-01   1.7655474e+00
   9.5937628e-03   3.7984394e-03   2.6061187e-02   1.1097671e-02   7.6141399e-02   3.2423397e-02   2.2245773e-01   6.0430018e-01   2.5732998e-01   1.7655474e+00
   9.5937628e-03   2.4231079e-02   1.0318354e-02   1.1097671e-02   7.6141399e-02   3.2423397e-02   2.2245773e-01   6.0430018e-01   2.5732998e-01   1.7655474e+00
   2.4231079e-02   9.5937628e-03   1.0318354e-02   1.1097671e-02   7.6141399e-02   3.2423397e-02   2.2245773e-01   6.0430018e-01   2.5732998e-01   1.7655474e+00
   3.7984394e-03   9.5937628e-03   2.6061187e-02   7.0794482e-02   3.0146512e-02   3.2423397e-02   2.2245773e-01   6.0430018e-01   2.5732998e-01   1.7655474e+00
   9.5937628e-03   3.7984394e-03   2.6061187e-02   7.0794482e-02   3.0146512e-02   3.2423397e-02   2.2245773e-01   6.0430018e-01   2.5732998e-01   1.7655474e+00
   9.5937628e-03   2.4231079e-02   1.0318354e-02   7.0794482e-02   3.0146512e-02   3.2423397e-02   2.2245773e-01   6.0430018e-01   2.5732998e-01   1.7655474e+00
   2.4231079e-02   9.5937628e-03   1.0318354e-02   7.0794482e-02   3.0146512e-02   3.2423397e-02   2.2245773e-01   6.0430018e-01   2.5732998e-01   1.7655474e+00
   9.5937628e-03   2.4231079e-02   6.5823045e-02   2.8029518e-02   3.0146512e-02   3.2423397e-02   2.2245773e-01   6.0430018e-01   2.5732998e-01   1.7655474e+00
   2.4231079e-02   9.5937628e-03   6.5823045e-02   2.8029518e-02   3.0146512e-02   3.2423397e-02   2.2245773e-01   6.0430018e-01   2.5732998e-01   1.7655474e+00
   2.4231079e-02   6.1200719e-02   2.6061187e-02   2.8029518e-02   3.0146512e-02   3.2423397e-02   2.2245773e-01   6.0430018e-01   2.5732998e-01   1.7655474e+00
   6.1200719e-02   2.4231079e-02   2.6061187e-02   2.8029518e-02   3.0146512e-02   3.2423397e-02   2.2245773e-01   6.0430018e-01   2.5732998e-01   1.7655474e+00
   1.5039086e-03   3.7984394e-03   1.0318354e-02   2.8029518e-02   7.6141399e-02   2.0683597e-01   8.8077247e-02   6.0430018e-01   2.5732998e-01   1.7655474e+00
   3.7984394e-03   1.5039086e-03   1.0318354e-02   2.8029518e-02   7.6141399e-02   2.0683597e-01   8.8077247e-02   6.0430018e-01   2.5732998e-01   1.7655474e+00
   3.7984394e-03   9.5937628e-03   4.0853253e-03   2.8029518e-02   7.6141399e-02   2.0683597e-01   8.8077247e-02   6.0430018e-01   2.5732998e-01   1.7655474e+00
   9.5937628e-03   3.7984394e-03   4.0853253e-03   2.8029518e-02   7.6141399e-02   2.0683597e-01   8.8077247e-02   6.0430018e-01   2.5732998e-01   1.7655474e+00
   3.7984394e-03   9.5937628e-03   2.6061187e-02   1.1097671e-02   7.6141399e-02   2.0683597e-01   8.8077247e-02   6.0430018e-01   2.5732998e-01   1.7655474e+00
   9.5937628e-03   3.7984394e-03   2.6061187e-02   1.1097671e-02   7.6141399e-02   2.0683597e-01   8.8077247e-02   6.0430018e-01   2.5732998e-01   1.7655474e+00
   9.5937628e-03   2.4231079e-02   1.0318354e-02   1.1097671e-02   7.6141399e-02   2.0683597e-01   8.8077247e-02   6.0430018e-01   2.5732998e-01   1.7655474e+00
   2.4231079e-02   9.5937628e-03   1.0318354e-02   1.1097671e-02   7.6141399e-02   2.0683597e-01   8.8077247e-02   6.0430018e-01   2.5732998e-01   1.7655474e+00
   3.7984394e-03   9.5937628e-03   2.6061187e-02   7.0794482e-02   3.0146512e-02   2.0683597e-01   8.8077247e-02   6.0430018e-01   2.5732998e-01   1.7655474e+00
   9.5937628e-03   3.7984394e-03   2.6061187e-02   7.0794482e-02   3.0146512e-02   2.0683597e-01   8.8077247e-02   6.0430018e-01   2.5732998e-01   1.7655474e+00
   9.5937628e-03   2.4231079e-02   1.0318354e-02   7.0794482e-02   3.0146512e-02   2.0683597e-01   8.8077247e-02   6.0430018e-01   2.5732998e-01   1.7655474e+00
   2.4231079e-02   9.5937628e-03   1.0318354e-02   7.0794482e-02   3.0146512e-02   2.0683597e-01   8.8077247e-02   6.0430018e-01   2.5732998e-01   1.7655474e+00
   9.5937628e-03   2.4231079e-02   6.5823045e-02   2.8029518e-02   3.0146512e-02   2.0683597e-01   8.8077247e-02   6.0430018e-01   2.5732998e-01   1.7655474e+00
   2.4231079e-02   9.5937628e-03   6.5823045e-02   2.8029518e-02   3.0146512e-02   2.0683597e-01   8.8077247e-02   6.0430018e-01   2.5732998e-01   1.7655474e+00
   2.4231079e-02   6.1200719e-02   2.6061187e-02   2.8029518e-02   3.0146512e-02   2.0683597e-01   8.8077247e-02   6.0430018e-01   2.5732998e-01   1.7655474e+00
   6.1200719e-02   2.4231079e-02   2.6061187e-02   2.8029518e-02   3.0146512e-02   2.0683597e-01   8.8077247e-02   6.0430018e-01   2.5732998e-01   1.7655474e+00
   3.7984394e-03   9.5937628e-03   2.6061187e-02   7.0794482e-02   1.9231122e-01   8.1892154e-02   8.8077247e-02   6.0430018e-01   2.5732998e-01   1.7655474e+00
   9.5937628e-03   3.7984394e-03   2.6061187e-02   7.0794482e-02   1.9231122e-01   8.1892154e-02   8.8077247e-02   6.0430018e-01   2.5732998e-01   1.7655474e+00
   9.5937628e-03   2.4231079e-02   1.0318354e-02   7.0794482e-02   1.9231122e-01   8.1892154e-02   8.8077247e-02   6.0430018e-01   2.5732998e-01   1.7655474e+00
   2.4231079e-02   9.5937628e-03   1.0318354e-02   7.0794482e-02   1.9231122e-01   8.1892154e-02   8.8077247e-02   6.0430018e-01   2.5732998e-01   1.7655474e+00
   9.5937628e-03   2.4231079e-02   6.5823045e-02   2.8029518e-02   1.9231122e-01   8.1892154e-02   8.8077247e-02   6.0430018e-01   2.5732998e-01   1.7655474e+00
   2.4231079e-02   9.5937628e-03   6.5823045e-02   2.8029518e-02   1.9231122e-01   8.1892154e-02   8.8077247e-02   6.0430018e-01   2.5732998e-01   1.7655474e+00
   2.4231079e-02   6.1200719e-02   2.6061187e-02   2.8029518e-02   1.9231122e-01   8.1892154e-02   8.8077247e-02   6.0430018e-01   2.5732998e-01   1.7655474e+00
   6.1200719e-02   2.4231079e-02   2.6061187e-02   2.8029518e-02   1.9231122e-01   8.1892154e-02   8.8077247e-02   6.0430018e-01   2.5732998e-01   1.7655474e+00
   9.5937628e-03   2.4231079e-02   6.5823045e-02   1.7880645e-01   7.6141399e-02   8.1892154e-02   8.8077247e-02   6.0430018e-01   2.5732998e-01   1.7655474e+00
   2.4231079e-02   9.5937628e-03   6.5823045e-02   1.7880645e-01   7.6141399e-02   8.1892154e-02   8.8077247e-02   6.0430018e-01   2.5732998e-01   1.7655474e+00
   2.4231079e-02   6.1200719e-02   2.6061187e-02   1.7880645e-01   7.6141399e-02   8.1892154e-02   8.8077247e-02   6.0430018e-01   2.5732998e-01   1.7655474e+00
   6.1200719e-02   2.4231079e-02   2.6061187e-02   1.7880645e-01   7.6141399e-02   8.1892154e-02   8.8077247e-02   6.0430018e-01   2.5732998e-01   1.7655474e+00
   2.4231079e-02   6.1200719e-02   1.6625003e-01   7.0794482e-02   7.6141399e-02   8.1892154e-02   8.8077247e-02   6.0430018e-01   2.5732998e-01   1.7655474e+00
   6.1200719e-02   2.4231079e-02   1.6625003e-01   7.0794482e-02   7.6141399e-02   8.1892154e-02   8.8077247e-02   6.0430018e-01   2.5732998e-01   1.7655474e+00
   6.1200719e-02   1.5457537e-01   6.5823045e-02   7.0794482e-02   7.6141399e-02   8.1892154e-02   8.8077247e-02   6.0430018e-01   2.5732998e-01   1.7655474e+00
   1.5457537e-01   6.1200719e-02   6.5823045e-02   7.0794482e-02   7.6141399e-02   8.1892154e-02   8.8077247e-02   6.0430018e-01   2.5732998e-01   1.7655474e+00
   1.5039086e-03   3.7984394e-03   1.0318354e-02   2.8029518e-02   7.6141399e-02   2.0683597e-01   5.6186410e-01   2.3925937e-01   2.5732998e-01   1.7655474e+00
   3.7984394e-03   1.5039086e-03   1.0318354e-02   2.8029518e-02   7.6141399e-02   2.0683597e-01   5.6186410e-01   2.3925937e-01   2.5732998e-01   1.7655474e+00
   3.7984394e-03   9.5937628e-03   4.0853253e-03   2.8029518e-02   7.6141399e-02   2.0683597e-01   5.6186410e-01   2.3925937e-01   2.5732998e-01   1.7655474e+00
   9.5937628e-03   3.7984394e-03   4.0853253e-03   2.8029518e-02   7.6141399e-02   2.0683597e-01   5.6186410e-01   2.3925937e-01   2.5732998e-01   1.7655474e+00
   3.7984394e-03   9.5937628e-03   2.6061187e-02   1.1097671e-02   7.6141399e-02   2.0683597e-01   5.6186410e-01   2.3925937e-01   2.5732998e-01   1.7655474e+00
   9.5937628e-03   3.7984394e-03   2.6061187e-02   1.1097671e-02   7.6141399e-02   2.0683597e-01   5.6186410e-01   2.3925937e-01   2.5732998e-01   1.7655474e+00
   9.5937628e-03   2.4231079e-02   1.0318354e-02   1.1097671e-02   7.6141399e-02   2.0683597e-01   5.6186410e-01   2.3925937e-01   2.5732998e-01   1.7655474e+00
   2.4231079e-02   9.5937628e-03   1.0318354e-02   1.1097671e-02   7.6141399e-02   2.0683597e-01   5.6186410e-01   2.3925937e-01   2.5732998e-01   1.7655474e+00
   3.7984394e-03   9.5937628e-03   2.6061187e-02   7.0794482e-02   3.0146512e-02   2.0683597e-01   5.6186410e-01   2.3925937e-01   2.5732998e-01   1.7655474e+00
   9.5937628e-03   3.7984394e-03   2.6061187e-02   7.0794482e-02   3.0146512e-02   2.0683597e-01   5.6186410e-01   2.3925937e-01   2.5732998e-01   1.7655474e+00
   9.5937628e-03   2.4231079e-02   1.0318354e-02   7.0794482e-02   3.0146512e-02   2.0683597e-01   5.6186410e-01   2.3925937e-01   2.5732998e-01   1.7655474e+00
   2.4231079e-02   9.5937628e-03   1.0318354e-02   7.0794482e-02   3.0146512e-02   2.0683597e-01   5.6186410e-01   2.3925937e-01   2.5732998e-01   1.7655474e+00
   9.5937628e-03   2.4231079e-02   6.5823045e-02   2.8029518e-02   3.0146512e-02   2.0683597e-01   5.6186410e-01   2.3925937e-01   2.5732998e-01   1.7655474e+00
   2.4231079e-02   9.5937628e-03   6.5823045e-02   2.8029518e-02   3.0146512e-02   2.0683597e-01   5.6186410e-01   2.3925937e-01   2.5732998e-01   1.7655474e+00
   2.4231079e-02   6.1200719e-02   2.6061187e-02   2.8029518e-02   3.0146512e-02   2.0683597e-01   5.6186410e-01   2.3925937e-01   2.5732998e-01   1.7655474e+00
   6.1200719e-02   2.4231079e-02   2.6061187e-02   2.8029518e-02   3.0146512e-02   2.0683597e-01   5.6186410e-01   2.3925937e-01   2.5732998e-01   1.7655474e+00
   3.7984394e-03   9.5937628e-03   2.6061187e-02   7.0794482e-02   1.9231122e-01   8.1892154e-02   5.6186410e-01   2.3925937e-01   2.5732998e-01   1.7655474e+00
   9.5937628e-03   3.7984394e-03   2.6061187e-02   7.0794482e-02   1.9231122e-01   8.1892154e-02   5.6186410e-01   2.3925937e-01   2.5732998e-01   1.7655474e+00
   9.5937628e-03   2.4231079e-02   1.0318354e-02   7.0794482e-02   1.9231122e-01   8.1892154e-02   5.6186410e-01   2.3925937e-01   2.5732998e-01   1.7655474e+00
   2.4231079e-02   9.5937628e-03   1.0318354e-02   7.0794482e-02   1.9231122e-01   8.1892154e-02   5.6186410e-01   2.3925937e-01   2.5732998e-01   1.7655474e+00
   9.5937628e-03   2.4231079e-02   6.5823045e-02   2.8029518e-02   1.9231122e-01   8.1892154e-02   5.6186410e-01   2.3925937e-01   2.5732998e-01   1.7655474e+00
   2.4231079e-02   9.5937628e-03   6.5823045e-02   2.8029518e-02   1.9231122e-01   8.1892154e-02   5.6186410e-01   2.3925937e-01   2.5732998e-01   1.7655474e+00
   2.4231079e-02   6.1200719e-02   2.6061187e-02   2.8029518e-02   1.9231122e-01   8.1892154e-02   5.6186410e-01   2.3925937e-01   2.5732998e-01   1.7655474e+00
   6.1200719e-02   2.4231079e-02   2.6061187e-02   2.8029518e-02   1.9231122e-01   8.1892154e-02   5.6186410e-01   2.3925937e-01   2.5732998e-01   1.7655474e+00
   9.5937628e-03   2.4231079e-02   6.5823045e-02   1.7880645e-01   7.6141399e-02   8.1892154e-02   5.6186410e-01   2.3925937e-01   2.5732998e-01   1.7655474e+00
   2.4231079e-02   9.5937628e-03   6.5823045e-02   1.7880645e-01   7.6141399e-02   8.1892154e-02   5.6186410e-01   2.3925937e-01   2.5732998e-01   1.7655474e+00
   2.4231079e-02   6.1200719e-02   2.6061187e-02   1.7880645e-01   7.6141399e-02   8.1892154e-02   5.6186410e-01   2.3925937e-01   2.5732998e-01   1.7655474e+00
   6.1200719e-02   2.4231079e-02   2.6061187e-02   1.7880645e-01   7.6141399e-02   8.1892154e-02   5.6186410e-01   2.3925937e-01   2.5732998e-01   1.7655474e+00
   2.4231079e-02   6.1200719e-02   1.6625003e-01   7.0794482e-02   7.6141399e-02   8.1892154e-02   5.6186410e-01   2.3925937e-01   2.5732998e-01   1.7655474e+00
   6.1200719e-02   2.4231079e-02   1.6625003e-01   7.0794482e-02   7.6141399e-02   8.1892154e-02   5.6186410e-01   2.3925937e-01   2.5732998e-01   1.7655474e+00
   6.1200719e-02   1.5457537e-01   6.5823045e-02   7.0794482e-02   7.6141399e-02   8.1892154e-02   5.6186410e-01   2.3925937e-01   2.5732998e-01   1.7655474e+00
   1.5457537e-01   6.1200719e-02   6.5823045e-02   7.0794482e-02   7.6141399e-02   8.1892154e-02   5.6186410e-01   2.3925937e-01   2.5732998e-01   1.7655474e+00
   3.7984394e-03   9.5937628e-03   2.6061187e-02   7.0794482e-02   1.9231122e-01   5.2240803e-01   2.2245773e-01   2.3925937e-01   2.5732998e-01   1.7655474e+00
   9.5937628e-03   3.7984394e-03   2.6061187e-02   7.0794482e-02   1.9231122e-01   5.2240803e-01   2.2245773e-01   2.3925937e-01   2.5732998e-01   1.7655474e+00
   9.5937628e-03   2.4231079e-02   1.0318354e-02   7.0794482e-02   1.9231122e-01   5.2240803e-01   2.2245773e-01   2.3925937e-01   2.5732998e-01   1.7655474e+00
   2.4231079e-02   9.5937628e-03   1.0318354e-02   7.0794482e-02   1.9231122e-01   5.2240803e-01   2.2245773e-01   2.3925937e-01   2.5732998e-01   1.7655474e+00
   9.5937628e-03   2.4231079e-02   6.5823045e-02   2.8029518e-02   1.9231122e-01   5.2240803e-01   2.2245773e-01   2.3925937e-01   2.5732998e-01   1.7655474e+00
   2.4231079e-02   9.5937628e-03   6.5823045e-02   2.8029518e-02   1.9231122e-01   5.2240803e-01   2.2245773e-01   2.3925937e-01   2.5732998e-01   1.7655474e+00
   2.4231079e-02   6.1200719e-02   2.6061187e-02   2.8029518e-02   1.9231122e-01   5.2240803e-01   2.2245773e-01   2.3925937e-01   2.5732998e-01   1.7655474e+00
   6.1200719e-02   2.4231079e-02   2.6061187e-02   2.8029518e-02   1.9231122e-01   5.2240803e-01   2.2245773e-01   2.3925937e-01   2.5732998e-01   1.7655474e+00
   9.5937628e-03   2.4231079e-02   6.5823045e-02   1.7880645e-01   7.6141399e-02   5.2240803e-01   2.2245773e-01   2.3925937e-01   2.5732998e-01   1.7655474e+00
   2.4231079e-02   9.5937628e-03   6.5823045e-02   1.7880645e-01   7.6141399e-02   5.2240803e-01   2.2245773e-01   2.3925937e-01   2.5732998e-01   1.7655474e+00
   2.4231079e-02   6.1200719e-02   2.6061187e-02   1.7880645e-01   7.6141399e-02   5.2240803e-01   2.2245773e-01   2.3925937e-01   2.5732998e-01   1.7655474e+00
   6.1200719e-02   2.4231079e-02   2.6061187e-02   1.7880645e-01   7.6141399e-02   5.2240803e-01   2.2245773e-01   2.3925937e-01   2.5732998e-01   1.7655474e+00
   2.4231079e-02   6.1200719e-02   1.6625003e-01   7.0794482e-02   7.6141399e-02   5.2240803e-01   2.2245773e-01   2.3925937e-01   2.5732998e-01   1.7655474e+00
   6.1200719e-02   2.4231079e-02   1.6625003e-01   7.0794482e-02   7.6141399e-02   5.2240803e-01   2.2245773e-01   2.3925937e-01   2.5732998e-01   1.7655474e+00
   6.1200719e-02   1.5457537e-01   6.5823045e-02   7.0794482e-02   7.6141399e-02   5.2240803e-01   2.2245773e-01   2.3925937e-01   2.5732998e-01   1.7655474e+00
   1.5457537e-01   6.1200719e-02   6.5823045e-02   7.0794482e-02   7.6141399e-02   5.2240803e-01   2.2245773e-01   2.3925937e-01   2.5732998e-01   1.7655474e+00
   9.5937628e-03   2.4231079e-02   6.5823045e-02   1.7880645e-01   4.8572270e-01   2.0683597e-01   2.2245773e-01   2.3925937e-01   2.5732998e-01   1.7655474e+00
   2.4231079e-02   9.5937628e-03   6.5823045e-02   1.7880645e-01   4.8572270e-01   2.0683597e-01   2.2245773e-01   2.3925937e-01   2.5732998e-01   1.7655474e+00
   2.4231079e-02   6.1200719e-02   2.6061187e-02   1.7880645e-01   4.8572270e-01   2.0683597e-01   2.2245773e-01   2.3925937e-01   2.5732998e-01   1.7655474e+00
   6.1200719e-02   2.4231079e-02   2.6061187e-02   1.7880645e-01   4.8572270e-01   2.0683597e-01   2.2245773e-01   2.3925937e-01   2.5732998e-01   1.7655474e+00
   2.4231079e-02   6.1200719e-02   1.6625003e-01   7.0794482e-02   4.8572270e-01   2.0683597e-01   2.2245773e-01   2.3925937e-01   2.5732998e-01   1.7655474e+00
   6.1200719e-02   2.4231079e-02   1.6625003e-01   7.0794482e-02   4.8572270e-01   2.0683597e-01   2.2245773e-01   2.3925937e-01   2.5732998e-01   1.7655474e+00
   6.1200719e-02   1.5457537e-01   6.5823045e-02   7.0794482e-02   4.8572270e-01   2.0683597e-01   2.2245773e-01   2.3925937e-01   2.5732998e-01   1.7655474e+00
   1.5457537e-01   6.1200719e-02   6.5823045e-02   7.0794482e-02   4.8572270e-01   2.0683597e-01   2.2245773e-01   2.3925937e-01   2.5732998e-01   1.7655474e+00
   2.4231079e-02   6.1200719e-02   1.6625003e-01   4.5161354e-01   1.9231122e-01   2.0683597e-01   2.2245773e-01   2.3925937e-01   2.5732998e-01   1.7655474e+00
   6.1200719e-02   2.4231079e-02   1.6625003e-01   4.5161354e-01   1.9231122e-01   2.0683597e-01   2.2245773e-01   2.3925937e-01   2.5732998e-01   1.7655474e+00
   6.1200719e-02   1.5457537e-01   6.5823045e-02   4.5161354e-01   1.9231122e-01   2.0683597e-01   2.2245773e-01   2.3925937e-01   2.5732998e-01   1.7655474e+00
   1.5457537e-01   6.1200719e-02   6.5823045e-02   4.5161354e-01   1.9231122e-01   2.0683597e-01   2.2245773e-01   2.3925937e-01   2.5732998e-01   1.7655474e+00
   6.1200719e-02   1.5457537e-01   4.1989965e-01   1.7880645e-01   1.9231122e-01   2.0683597e-01   2.2245773e-01   2.3925937e-01   2.5732998e-01   1.7655474e+00
   1.5457537e-01   6.1200719e-02   4.1989965e-01   1.7880645e-01   1.9231122e-01   2.0683597e-01   2.2245773e-01   2.3925937e-01   2.5732998e-01   1.7655474e+00
   1.5457537e-01   3.9041282e-01   1.6625003e-01   1.7880645e-01   1.9231122e-01   2.0683597e-01   2.2245773e-01   2.3925937e-01   2.5732998e-01   1.7655474e+00
   3.9041282e-01   1.5457537e-01   1.6625003e-01   1.7880645e-01   1.9231122e-01   2.0683597e-01   2.2245773e-01   2.3925937e-01   2.5732998e-01   1.7655474e+00
   5.9543952e-04   1.5039086e-03   4.0853253e-03   1.1097671e-02   3.0146512e-02   8.1892154e-02   2.2245773e-01   9.4729485e-02   6.4994134e-01   1.7655474e+00
   1.5039086e-03   5.9543952e-04   4.0853253e-03   1.1097671e-02   3.0146512e-02   8.1892154e-02   2.2245773e-01   9.4729485e-02   6.4994134e-01   1.7655474e+00
   1.5039086e-03   3.7984394e-03   1.6174947e-03   1.1097671e-02   3.0146512e-02   8.1892154e-02   2.2245773e-01   9.4729485e-02   6.4994134e-01   1.7655474e+00
   3.7984394e-03   1.5039086e-03   1.6174947e-03   1.1097671e-02   3.0146512e-02   8.1892154e-02   2.2245773e-01   9.4729485e-02   6.4994134e-01   1.7655474e+00
   1.5039086e-03   3.7984394e-03   1.0318354e-02   4.3938789e-03   3.0146512e-02   8.1892154e-02   2.2245773e-01   9.4729485e-02   6.4994134e-01   1.7655474e+00
   3.7984394e-03   1.5039086e-03   1.0318354e-02   4.3938789e-03   3.0146512e-02   8.1892154e-02   2.2245773e-01   9.4729485e-02   6.4994134e-01   1.7655474e+00
   3.7984394e-03   9.5937628e-03   4.0853253e-03   4.3938789e-03   3.0146512e-02   8.1892154e-02   2.2245773e-01   9.4729485e-02   6.4994134e-01   1.7655474e+00
   9.5937628e-03   3.7984394e-03   4.0853253e-03   4.3938789e-03   3.0146512e-02   8.1892154e-02   2.2245773e-01   9.4729485e-02   6.4994134e-01   1.7655474e+00
   1.5039086e-03   3.7984394e-03   1.0318354e-02   2.8029518e-02   1.1935849e-02   8.1892154e-02   2.2245773e-01   9.4729485e-02   6.4994134e-01   1.7655474e+00
   3.7984394e-03   1.5039086e-03   1.0318354e-02   2.8029518e-02   1.1935849e-02   8.1892154e-02   2.2245773e-01   9.4729485e-02   6.4994134e-01   1.7655474e+00
   3.7984394e-03   9.5937628e-03   4.0853253e-03   2.8029518e-02   1.1935849e-02   8.1892154e-02   2.2245773e-01   9.4729485e-02   6.4994134e-01   1.7655474e+00
   9.5937628e-03   3.7984394e-03   4.0853253e-03   2.8029518e-02   1.1935849e-02   8.1892154e-02   2.2245773e-01   9.4729485e-02   6.4994134e-01   1.7655474e+00
   3.7984394e-03   9.5937628e-03   2.6061187e-02   1.1097671e-02   1.1935849e-02   8.1892154e-02   2.2245773e-01   9.4729485e-02   6.4994134e-01   1.7655474e+00
   9.5937628e-03   3.7984394e-03   2.6061187e-02   1.1097671e-02   1.1935849e-02   8.1892154e-02   2.2245773e-01   9.4729485e-02   6.4994134e-01   1.7655474e+00
   9.5937628e-03   2.4231079e-02   1.0318354e-02   1.1097671e-02   1.1935849e-02   8.1892154e-02   2.2245773e-01   9.4729485e-02   6.4994134e-01   1.7655474e+00
   2.4231079e-02   9.5937628e-03   1.0318354e-02   1.1097671e-02   1.1935849e-02   8.1892154e-02   2.2245773e-01   9.4729485e-02   6.4994134e-01   1.7655474e+00
   1.5039086e-03   3.7984394e-03   1.0318354e-02   2.8029518e-02   7.6141399e-02   3.2423397e-02   2.2245773e-01   9.4729485e-02   6.4994134e-01   1.7655474e+00
   3.7984394e-03   1.5039086e-03   1.0318354e-02   2.8029518e-02   7.6141399e-02   3.2423397e-02   2.2245773e-01   9.4729485e-02   6.4994134e-01   1.7655474e+00
   3.7984394e-03   9.5937628e-03   4.0853253e-03   2.8029518e-02   7.6141399e-02   3.2423397e-02   2.2245773e-01   9.4729485e-02   6.4994134e-01   1.7655474e+00
   9.5937628e-03   3.7984394e-03   4.0853253e-03   2.8029518e-02   7.6141399e-02   3.2423397e-02   2.2245773e-01   9.4729485e-02   6.4994134e-01   1.7655474e+00
   3.7984394e-03   9.5937628e-03   2.6061187e-02   1.1097671e-02   7.6141399e-02   3.2423397e-02   2.2245773e-01   9.4729485e-02   6.4994134e-01   1.7655474e+00
   9.5937628e-03   3.7984394e-03   2.6061187e-02   1.1097671e-02   7.6141399e-02   3.2423397e-02   2.2245773e-01   9.4729485e-02   6.4994134e-01   1.7655474e+00
   9.5937628e-03   2.4231079e-02   1.0318354e-02   1.1097671e-02   7.6141399e-02   3.2423397e-02   2.2245773e-01   9.4729485e-02   6.4994134e-01   1.7655474e+00
   2.4231079e-02   9.5937628e-03   1.0318354e-02   1.1097671e-02   7.6141399e-02   3.2423397e-02   2.2245773e-01   9.4729485e-02   6.4994134e-01   1.7655474e+00
   3.7984394e-03   9.5937628e-03   2.6061187e-02   7.0794482e-02   3.0146512e-02   3.2423397e-02   2.2245773e-01   9.4729485e-02   6.4994134e-01   1.7655474e+00
   9.5937628e-03   3.7984394e-03   2.6061187e-02   7.0794482e-02   3.0146512e-02   3.2423397e-02   2.2245773e-01   9.4729485e-02   6.4994134e-01   1.7655474e+00
   9.5937628e-03   2.4231079e-02   1.0318354e-02   7.0794482e-02   3.0146512e-02   3.2423397e-02   2.2245773e-01   9.4729485e-02   6.4994134e-01   1.7655474e+00
   2.4231079e-02   9.5937628e-03   1.0318354e-02   7.0794482e-02   3.0146512e-02   3.2423397e-02   2.2245773e-01   9.4729485e-02   6.4994134e-01   1.7655474e+00
   9.5937628e-03   2.4231079e-02   6.5823045e-02   2.8029518e-02   3.0146512e-02   3.2423397e-02   2.2245773e-01   9.4729485e-02   6.4994134e-01   1.7655474e+00
   2.4231079e-02   9.5937628e-03   6.5823045e-02   2.8029518e-02   3.0146512e-02   3.2423397e-02   2.2245773e-01   9.4729485e-02   6.4994134e-01   1.7655474e+00
   2.4231079e-02   6.1200719e-02   2.6061187e-02   2.8029518e-02   3.0146512e-02   3.2423397e-02   2.2245773e-01   9.4729485e-02   6.4994134e-01   1.7655474e+00
   6.1200719e-02   2.4231079e-02   2.6061187e-02   2.8029518e-02   3.0146512e-02   3.2423397e-02   2.2245773e-01   9.4729485e-02   6.4994134e-01   1.7655474e+00
   1.5039086e-03   3.7984394e-03   1.0318354e-02   2.8029518e-02   7.6141399e-02   2.0683597e-01   8.8077247e-02   9.4729485e-02   6.4994134e-01   1.7655474e+00
   3.7984394e-03   1.5039086e-03   1.0318354e-02   2.8029518e-02   7.6141399e-02   2.0683597e-01   8.8077247e-02   9.4729485e-02   6.4994134e-01   1.7655474e+00
   3.7984394e-03   9.5937628e-03   4.0853253e-03   2.8029518e-02   7.6141399e-02   2.0683597e-01   8.8077247e-02   9.4729485e-02   6.4994134e-01   1.7655474e+00
   9.5937628e-03   3.7984394e-03   4.0853253e-03   2.8029518e-02   7.6141399e-02   2.0683597e-01   8.8077247e-02   9.4729485e-02   6.4994134e-01   1.7655474e+00
   3.7984394e-03   9.5937628e-03   2.6061187e-02   1.1097671e-02   7.6141399e-02   2.0683597e-01   8.8077247e-02   9.4729485e-02   6.4994134e-01   1.7655474e+00
   9.5937628e-03   3.7984394e-03   2.6061187e-02   1.1097671e-02   7.6141399e-02   2.0683597e-01   8.8077247e-02   9.4729485e-02   6.4994134e-01   1.7655474e+00
   9.5937628e-03   2.4231079e-02   1.0318354e-02   1.1097671e-02   7.6141399e-02   2.0683597e-01   8.8077247e-02   9.4729485e-02   6.4994134e-01   1.7655474e+00
   2.4231079e-02   9.5937628e-03   1.0318354e-02   1.1097671e-02   7.6141399e-02   2.0683597e-01   8.8077247e-02   9.4729485e-02   6.4994134e-01   1.7655474e+00
   3.7984394e-03   9.5937628e-03   2.6061187e-02   7.0794482e-02   3.0146512e-02   2.0683597e-01   8.8077247e-02   9.4729485e-02   6.4994134e-01   1.7655474e+00
   9.5937628e-03   3.7984394e-03   2.6061187e-02   7.0794482e-02   3.0146512e-02   2.0683597e-01   8.8077247e-02   9.4729485e-02   6.4994134e-01   1.7655474e+00
   9.5937628e-03   2.4231079e-02   1.0318354e-02   7.0794482e-02   3.0146512e-02   2.0683597e-01   8.8077247e-02   9.4729485e-02   6.4994134e-01   1.7655474e+00
   2.4231079e-02   9.5937628e-03   1.0318354e-02   7.0794482e-02   3.0146512e-02   2.0683597e-01   8.8077247e-02   9.4729485e-02   6.4994134e-01   1.7655474e+00
   9.5937628e-03   2.4231079e-02   6.5823045e-02   2.8029518e-02   3.0146512e-02   2.0683597e-01   8.8077247e-02   9.4729485e-02   6.4994134e-01   1.7655474e+00
   2.4231079e-02   9.5937628e-03   6.5823045e-02   2.8029518e-02   3.0146512e-02   2.0683597e-01   8.8077247e-02   9.4729485e-02   6.4994134e-01   1.7655474e+00
   2.4231079e-02   6.1200719e-02   2.6061187e-02   2.8029518e-02   3.0146512e-02   2.0683597e-01   8.8077247e-02   9.4729485e-02   6.4994134e-01   1.7655474e+00
   6.1200719e-02   2.4231079e-02   2.6061187e-02   2.8029518e-02   3.0146512e-02   2.0683597e-01   8.8077247e-02   9.4729485e-02   6.4994134e-01   1.7655474e+00
   3.7984394e-03   9.5937628e-03   2.6061187e-02   7.0794482e-02   1.9231122e-01   8.1892154e-02   8.8077247e-02   9.4729485e-02   6.4994134e-01   1.7655474e+00
   9.5937628e-03   3.7984394e-03   2.6061187e-02   7.0794482e-02   1.9231122e-01   8.1892154e-02   8.8077247e-02   9.4729485e-02   6.4994134e-01   1.7655474e+00
   9.5937628e-03   2.4231079e-02   1.0318354e-02   7.0794482e-02   1.9231122e-01   8.1892154e-02   8.8077247e-02   9.4729485e-02   6.4994134e-01   1.7655474e+00
   2.4231079e-02   9.5937628e-03   1.0318354e-02   7.0794482e-02   1.9231122e-01   8.1892154e-02   8.8077247e-02   9.4729485e-02   6.4994134e-01   1.7655474e+00
   9.5937628e-03   2.4231079e-02   6.5823045e-02   2.8029518e-02   1.9231122e-01   8.1892154e-02   8.8077247e-02   9.4729485e-02   6.4994134e-01   1.7655474e+00
   2.4231079e-02   9.5937628e-03   6.5823045e-02   2.8029518e-02   1.9231122e-01   8.1892154e-02   8.8077247e-02   9.4729485e-02   6.4994134e-01   1.7655474e+00
   2.4231079e-02   6.1200719e-02   2.6061187e-02   2.8029518e-02   1.9231122e-01   8.1892154e-02   8.8077247e-02   9.4729485e-02   6.4994134e-01   1.7655474e+00
   6.1200719e-02   2.4231079e-02   2.6061187e-02   2.8029518e-02   1.9231122e-01   8.1892154e-02   8.8077247e-02   9.4729485e-02   6.4994134e-01   1.7655474e+00
   9.5937628e-03   2.4231079e-02   6.5823045e-02   1.7880645e-01   7.6141399e-02   8.1892154e-02   8.8077247e-02   9.4729485e-02   6.4994134e-01   1.7655474e+00
   2.4231079e-02   9.5937628e-03   6.5823045e-02   1.7880645e-01   7.6141399e-02   8.1892154e-02   8.8077247e-02   9.4729485e-02   6.4994134e-01   1.7655474e+00
   2.4231079e-02   6.1200719e-02   2.6061187e-02   1.7880645e-01   7.6141399e-02   8.1892154e-02   8.8077247e-02   9.4729485e-02   6.4994134e-01   1.7655474e+00
   6.1200719e-02   2.4231079e-02   2.6061187e-02   1.7880645e-01   7.6141399e-02   8.1892154e-02   8.8077247e-02   9.4729485e-02   6.4994134e-01   1.7655474e+00
   2.4231079e-02   6.1200719e-02   1.6625003e-01   7.0794482e-02   7.6141399e-02   8.1892154e-02   8.8077247e-02   9.4729485e-02   6.4994134e-01   1.7655474e+00
   6.1200719e-02   2.4231079e-02   1.6625003e-01   7.0794482e-02   7.6141399e-02   8.1892154e-02   8.8077247e-02   9.4729485e-02   6.4994134e-01   1.7655474e+00
   6.1200719e-02   1.5457537e-01   6.5823045e-02   7.0794482e-02   7.6141399e-02   8.1892154e-02   8.8077247e-02   9.4729485e-02   6.4994134e-01   1.7655474e+00
   1.5457537e-01   6.1200719e-02   6.5823045e-02   7.0794482e-02   7.6141399e-02   8.1892154e-02   8.8077247e-02   9.4729485e-02   6.4994134e-01   1.7655474e+00
   5.9543952e-04   1.5039086e-03   4.0853253e-03   1.1097671e-02   3.0146512e-02   8.1892154e-02   3.4872249e-02   2.3925937e-01   6.4994134e-01   1.7655474e+00
   1.5039086e-03   5.9543952e-04   4.0853253e-03   1.1097671e-02   3.0146512e-02   8.1892154e-02   3.4872249e-02   2.3925937e-01   6.4994134e-01   1.7655474e+00
   1.5039086e-03   3.7984394e-03   1.6174947e-03   1.1097671e-02   3.0146512e-02   8.1892154e-02   3.4872249e-02   2.3925937e-01   6.4994134e-01   1.7655474e+00
   3.7984394e-03   1.5039086e-03   1.6174947e-03   1.1097671e-02   3.0146512e-02   8.1892154e-02   3.4872249e-02   2.3925937e-01   6.4994134e-01   1.7655474e+00
   1.5039086e-03   3.7984394e-03   1.0318354e-02   4.3938789e-03   3.0146512e-02   8.1892154e-02   3.4872249e-02   2.3925937e-01   6.4994134e-01   1.7655474e+00
   3.7984394e-03   1.5039086e-03   1.0318354e-02   4.3938789e-03   3.0146512e-02   8.1892154e-02   3.4872249e-02   2.3925937e-01   6.4994134e-01   1.7655474e+00
   3.7984394e-03   9.5937628e-03   4.0853253e-03   4.3938789e-03   3.0146512e-02   8.1892154e-02   3.4872249e-02   2.3925937e-01   6.4994134e-01   1.7655474e+00
   9.5937628e-03   3.7984394e-03   4.0853253e-03   4.3938789e-03   3.0146512e-02   8.1892154e-02   3.4872249e-02   2.3925937e-01   6.4994134e-01   1.7655474e+00
   1.5039086e-03   3.7984394e-03   1.0318354e-02   2.8029518e-02   1.1935849e-02   8.1892154e-02   3.4872249e-02   2.3925937e-01   6.4994134e-01   1.7655474e+00
   3.7984394e-03   1.5039086e-03   1.0318354e-02   2.8029518e-02   1.1935849e-02   8.1892154e-02   3.4872249e-02   2.3925937e-01   6.4994134e-01   1.7655474e+00
   3.7984394e-03   9.5937628e-03   4.0853253e-03   2.8029518e-02   1.1935849e-02   8.1892154e-02   3.4872249e-02   2.3925937e-01   6.4994134e-01   1.7655474e+00
   9.5937628e-03   3.7984394e-03   4.0853253e-03   2.8029518e-02   1.1935849e-02   8.1892154e-02   3.4872249e-02   2.3925937e-01   6.4994134e-01   1.7655474e+00
   3.7984394e-03   9.5937628e-03   2.6061187e-02   1.1097671e-02   1.1935849e-02   8.1892154e-02   3.4872249e-02   2.3925937e-01   6.4994134e-01   1.7655474e+00
   9.5937628e-03   3.7984394e-03   2.6061187e-02   1.1097671e-02   1.1935849e-02   8.1892154e-02   3.4872249e-02   2.3925937e-01   6.4994134e-01   1.7655474e+00
   9.5937628e-03   2.4231079e-02   1.0318354e-02   1.1097671e-02   1.1935849e-02   8.1892154e-02   3.4872249e-02   2.3925937e-01   6.4994134e-01   1.7655474e+00
   2.4231079e-02   9.5937628e-03   1.0318354e-02   1.1097671e-02   1.1935849e-02   8.1892154e-02   3.4872249e-02   2.3925937e-01   6.4994134e-01   1.7655474e+00
   1.5039086e-03   3.7984394e-03   1.0318354e-02   2.8029518e-02   7.6141399e-02   3.2423397e-02   3.4872249e-02   2.3925937e-01   6.4994134e-01   1.7655474e+00
   3.7984394e-03   1.5039086e-03   1.0318354e-02   2.8029518e-02   7.6141399e-02   3.2423397e-02   3.4872249e-02   2.3925937e-01   6.4994134e-01   1.7655474e+00
   3.7984394e-03   9.5937628e-03   4.0853253e-03   2.8029518e-02   7.6141399e-02   3.2423397e-02   3.4872249e-02   2.3925937e-01   6.4994134e-01   1.7655474e+00
   9.5937628e-03   3.7984394e-03   4.0853253e-03   2.8029518e-02   7.6141399e-02   3.2423397e-02   3.4872249e-02   2.3925937e-01   6.4994134e-01   1.7655474e+00
   3.7984394e-03   9.5937628e-03   2.6061187e-02   1.1097671e-02   7.6141399e-02   3.2423397e-02   3.4872249e-02   2.3925937e-01   6.4994134e-01   1.7655474e+00
   9.5937628e-03   3.7984394e-03   2.6061187e-02   1.1097671e-02   7.6141399e-02   3.2423397e-02   3.4872249e-02   2.3925937e-01   6.4994134e-01   1.7655474e+00
   9.5937628e-03   2.4231079e-02   1.0318354e-02   1.1097671e-02   7.6141399e-02   3.2423397e-02   3.4872249e-02   2.3925937e-01   6.4994134e-01   1.7655474e+00
   2.4231079e-02   9.5937628e-03   1.0318354e-02   1.1097671e-02   7.6141399e-02   3.2423397e-02   3.4872249e-02   2.3925937e-01   6.4994134e-01   1.7655474e+00
   3.7984394e-03   9.5937628e-03   2.6061187e-02   7.0794482e-02   3.0146512e-02   3.2423397e-02   3.4872249e-02   2.3925937e-01   6.4994134e-01   1.7655474e+00
   9.5937628e-03   3.7984394e-03   2.6061187e-02   7.0794482e-02   3.0146512e-02   3.2423397e-02   3.4872249e-02   2.3925937e-01   6.4994134e-01   1.7655474e+00
   9.5937628e-03   2.4231079e-02   1.0318354e-02   7.0794482e-02   3.0146512e-02   3.2423397e-02   3.4872249e-02   2.3925937e-01   6.4994134e-01   1.7655474e+00
   2.4231079e-02   9.5937628e-03   1.0318354e-02   7.0794482e-02   3.0146512e-02   3.2423397e-02   3.4872249e-02   2.3925937e-01   6.4994134e-01   1.7655474e+00
   9.5937628e-03   2.4231079e-02   6.5823045e-02   2.8029518e-02   3.0146512e-02   3.2423397e-02   3.4872249e-02   2.3925937e-01   6.4994134e-01   1.7655474e+00
   2.4231079e-02   9.5937628e-03   6.5823045e-02   2.8029518e-02   3.0146512e-02   3.2423397e-02   3.4872249e-02   2.3925937e-01   6.4994134e-01   1.7655474e+00
   2.4231079e-02   6.1200719e-02   2.6061187e-02   2.8029518e-02   3.0146512e-02   3.2423397e-02   3.4872249e-02   2.3925937e-01   6.4994134e-01   1.7655474e+00
   6.1200719e-02   2.4231079e-02   2.6061187e-02   2.8029518e-02   3.0146512e-02   3.2423397e-02   3.4872249e-02   2.3925937e-01   6.4994134e-01   1.7655474e+00
   5.9543952e-04   1.5039086e-03   4.0853253e-03   1.1097671e-02   3.0146512e-02   1.2837331e-02   8.8077247e-02   2.3925937e-01   6.4994134e-01   1.7655474e+00
   1.5039086e-03   5.9543952e-04   4.0853253e-03   1.1097671e-02   3.0146512e-02   1.2837331e-02   8.8077247e-02   2.3925937e-01   6.4994134e-01   1.7655474e+00
   1.5039086e-03   3.7984394e-03   1.6174947e-03   1.1097671e-02   3.0146512e-02   1.2837331e-02   8.8077247e-02   2.3925937e-01   6.4994134e-01   1.7655474e+00
   3.7984394e-03   1.5039086e-03   1.6174947e-03   1.1097671e-02   3.0146512e-02   1.2837331e-02   8.8077247e-02   2.3925937e-01   6.4994134e-01   1.7655474e+00
   1.5039086e-03   3.7984394e-03   1.0318354e-02   4.3938789e-03   3.0146512e-02   1.2837331e-02   8.8077247e-02   2.3925937e-01   6.4994134e-01   1.7655474e+00
   3.7984394e-03   1.5039086e-03   1.0318354e-02   4.3938789e-03   3.0146512e-02   1.2837331e-02   8.8077247e-02   2.3925937e-01   6.4994134e-01   1.7655474e+00
   3.7984394e-03   9.5937628e-03   4.0853253e-03   4.3938789e-03   3.0146512e-02   1.2837331e-02   8.8077247e-02   2.3925937e-01   6.4994134e-01   1.7655474e+00
   9.5937628e-03   3.7984394e-03   4.0853253e-03   4.3938789e-03   3.0146512e-02   1.2837331e-02   8.8077247e-02   2.3925937e-01   6.4994134e-01   1.7655474e+00
   1.5039086e-03   3.7984394e-03   1.0318354e-02   2.8029518e-02   1.1935849e-02   1.2837331e-02   8.8077247e-02   2.3925937e-01   6.4994134e-01   1.7655474e+00
   3.7984394e-03   1.5039086e-03   1.0318354e-02   2.8029518e-02   1.1935849e-02   1.2837331e-02   8.8077247e-02   2.3925937e-01   6.4994134e-01   1.7655474e+00
   3.7984394e-03   9.5937628e-03   4.0853253e-03   2.8029518e-02   1.1935849e-02   1.2837331e-02   8.8077247e-02   2.3925937e-01   6.4994134e-01   1.7655474e+00
   9.5937628e-03   3.7984394e-03   4.0853253e-03   2.8029518e-02   1.1935849e-02   1.2837331e-02   8.8077247e-02   2.3925937e-01   6.4994134e-01   1.7655474e+00
   3.7984394e-03   9.5937628e-03   2.6061187e-02   1.1097671e-02   1.1935849e-02   1.2837331e-02   8.8077247e-02   2.3925937e-01   6.4994134e-01   1.7655474e+00
   9.5937628e-03   3.7984394e-03   2.6061187e-02   1.1097671e-02   1.1935849e-02   1.2837331e-02   8.8077247e-02   2.3925937e-01   6.4994134e-01   1.7655474e+00
   9.5937628e-03   2.4231079e-02   1.0318354e-02   1.1097671e-02   1.1935849e-02   1.2837331e-02   8.8077247e-02   2.3925937e-01   6.4994134e-01   1.7655474e+00
   2.4231079e-02   9.5937628e-03   1.0318354e-02   1.1097671e-02   1.1935849e-02   1.2837331e-02   8.8077247e-02   2.3925937e-01   6.4994134e-01   1.7655474e+00
   5.9543952e-04   1.5039086e-03   4.0853253e-03   1.1097671e-02   4.7257368e-03   3.2423397e-02   8.8077247e-02   2.3925937e-01   6.4994134e-01   1.7655474e+00
   1.5039086e-03   5.9543952e-04   4.0853253e-03   1.1097671e-02   4.7257368e-03   3.2423397e-02   8.8077247e-02   2.3925937e-01   6.4994134e-01   1.7655474e+00
   1.5039086e-03   3.7984394e-03   1.6174947e-03   1.1097671e-02   4.7257368e-03   3.2423397e-02   8.8077247e-02   2.3925937e-01   6.4994134e-01   1.7655474e+00
   3.7984394e-03   1.5039086e-03   1.6174947e-03   1.1097671e-02   4.7257368e-03   3.2423397e-02   8.8077247e-02   2.3925937e-01   6.4994134e-01   1.7655474e+00
   1.5039086e-03   3.7984394e-03   1.0318354e-02   4.3938789e-03   4.7257368e-03   3.2423397e-02   8.8077247e-02   2.3925937e-01   6.4994134e-01   1.7655474e+00
   3.7984394e-03   1.5039086e-03   1.0318354e-02   4.3938789e-03   4.7257368e-03   3.2423397e-02   8.8077247e-02   2.3925937e-01   6.4994134e-01   1.7655474e+00
   3.7984394e-03   9.5937628e-03   4.0853253e-03   4.3938789e-03   4.7257368e-03   3.2423397e-02   8.8077247e-02   2.3925937e-01   6.4994134e-01   1.7655474e+00
   9.5937628e-03   3.7984394e-03   4.0853253e-03   4.3938789e-03   4.7257368e-03   3.2423397e-02   8.8077247e-02   2.3925937e-01   6.4994134e-01   1.7655474e+00
   5.9543952e-04   1.5039086e-03   4.0853253e-03   1.7396597e-03   1.1935849e-02   3.2423397e-02   8.8077247e-02   2.3925937e-01   6.4994134e-01   1.7655474e+00
   1.5039086e-03   5.9543952e-04   4.0853253e-03   1.7396597e-03   1.1935849e-02   3.2423397e-02   8.8077247e-02   2.3925937e-01   6.4994134e-01   1.7655474e+00
   1.5039086e-03   3.7984394e-03   1.6174947e-03   1.7396597e-03   1.1935849e-02   3.2423397e-02   8.8077247e-02   2.3925937e-01   6.4994134e-01   1.7655474e+00
   3.7984394e-03   1.5039086e-03   1.6174947e-03   1.7396597e-03   1.1935849e-02   3.2423397e-02   8.8077247e-02   2.3925937e-01   6.4994134e-01   1.7655474e+00
   5.9543952e-04   1.5039086e-03   6.4041146e-04   4.3938789e-03   1.1935849e-02   3.2423397e-02   8.8077247e-02   2.3925937e-01   6.4994134e-01   1.7655474e+00
   1.5039086e-03   5.9543952e-04   6.4041146e-04   4.3938789e-03   1.1935849e-02   3.2423397e-02   8.8077247e-02   2.3925937e-01   6.4994134e-01   1.7655474e+00
   5.9543952e-04   2.3575118e-04   1.6174947e-03   4.3938789e-03   1.1935849e-02   3.2423397e-02   8.8077247e-02   2.3925937e-01   6.4994134e-01   1.7655474e+00
   2.3575118e-04   5.9543952e-04   1.6174947e-03   4.3938789e-03   1.1935849e-02   3.2423397e-02   8.8077247e-02   2.3925937e-01   6.4994134e-01   1.7655474e+00
