   7.6459961e-02   8.4973822e-03   1.3447875e-02   2.1282478e-02   3.3681445e-02   5.3303930e-02   8.4358286e-02   1.3350461e-01
   8.4973822e-03   7.6459961e-02   1.3447875e-02   2.1282478e-02   3.3681445e-02   5.3303930e-02   8.4358286e-02   1.3350461e-01
   8.4973822e-03   9.4435705e-04   1.2100480e-01   2.1282478e-02   3.3681445e-02   5.3303930e-02   8.4358286e-02   1.3350461e-01
   9.4435705e-04   8.4973822e-03   1.2100480e-01   2.1282478e-02   3.3681445e-02   5.3303930e-02   8.4358286e-02   1.3350461e-01
   8.4973822e-03   9.4435705e-04   1.4945304e-03   1.9150103e-01   3.3681445e-02   5.3303930e-02   8.4358286e-02   1.3350461e-01
   9.4435705e-04   8.4973822e-03   1.4945304e-03   1.9150103e-01   3.3681445e-02   5.3303930e-02   8.4358286e-02   1.3350461e-01
   9.4435705e-04   1.0495118e-04   1.3447875e-02   1.9150103e-01   3.3681445e-02   5.3303930e-02   8.4358286e-02   1.3350461e-01
   1.0495118e-04   9.4435705e-04   1.3447875e-02   1.9150103e-01   3.3681445e-02   5.3303930e-02   8.4358286e-02   1.3350461e-01
   8.4973822e-03   9.4435705e-04   1.4945304e-03   2.3652294e-03   3.0306768e-01   5.3303930e-02   8.4358286e-02   1.3350461e-01
   9.4435705e-04   8.4973822e-03   1.4945304e-03   2.3652294e-03   3.0306768e-01   5.3303930e-02   8.4358286e-02   1.3350461e-01
   9.4435705e-04   1.0495118e-04   1.3447875e-02   2.3652294e-03   3.0306768e-01   5.3303930e-02   8.4358286e-02   1.3350461e-01
   1.0495118e-04   9.4435705e-04   1.3447875e-02   2.3652294e-03   3.0306768e-01   5.3303930e-02   8.4358286e-02   1.3350461e-01
   9.4435705e-04   1.0495118e-04   1.6609472e-04   2.1282478e-02   3.0306768e-01   5.3303930e-02   8.4358286e-02   1.3350461e-01
   1.0495118e-04   9.4435705e-04   1.6609472e-04   2.1282478e-02   3.0306768e-01   5.3303930e-02   8.4358286e-02   1.3350461e-01
   1.0495118e-04   1.1663755e-05   1.4945304e-03   2.1282478e-02   3.0306768e-01   5.3303930e-02   8.4358286e-02   1.3350461e-01
   1.1663755e-05   1.0495118e-04   1.4945304e-03   2.1282478e-02   3.0306768e-01   5.3303930e-02   8.4358286e-02   1.3350461e-01
   8.4973822e-03   9.4435705e-04   1.4945304e-03   2.3652294e-03   3.7431893e-03   4.7963200e-01   8.4358286e-02   1.3350461e-01
   9.4435705e-04   8.4973822e-03   1.4945304e-03   2.3652294e-03   3.7431893e-03   4.7963200e-01   8.4358286e-02   1.3350461e-01
   9.4435705e-04   1.0495118e-04   1.3447875e-02   2.3652294e-03   3.7431893e-03   4.7963200e-01   8.4358286e-02   1.3350461e-01
   1.0495118e-04   9.4435705e-04   1.3447875e-02   2.3652294e-03   3.7431893e-03   4.7963200e-01   8.4358286e-02   1.3350461e-01
   9.4435705e-04   1.0495118e-04   1.6609472e-04   2.1282478e-02   3.7431893e-03   4.7963200e-01   8.4358286e-02   1.3350461e-01
   1.0495118e-04   9.4435705e-04   1.6609472e-04   2.1282478e-02   3.7431893e-03   4.7963200e-01   8.4358286e-02   1.3350461e-01
   1.0495118e-04   1.1663755e-05   1.4945304e-03   2.1282478e-02   3.7431893e-03   4.7963200e-01   8.4358286e-02   1.3350461e-01
   1.1663755e-05   1.0495118e-04   1.4945304e-03   2.1282478e-02   3.7431893e-03   4.7963200e-01   8.4358286e-02   1.3350461e-01
   9.4435705e-04   1.0495118e-04   1.6609472e-04   2.6285990e-04   3.3681445e-02   4.7963200e-01   8.4358286e-02   1.3350461e-01
   1.0495118e-04   9.4435705e-04   1.6609472e-04   2.6285990e-04   3.3681445e-02   4.7963200e-01   8.4358286e-02   1.3350461e-01
   1.0495118e-04   1.1663755e-05   1.4945304e-03   2.6285990e-04   3.3681445e-02   4.7963200e-01   8.4358286e-02   1.3350461e-01
   1.1663755e-05   1.0495118e-04   1.4945304e-03   2.6285990e-04   3.3681445e-02   4.7963200e-01   8.4358286e-02   1.3350461e-01
   1.0495118e-04   1.1663755e-05   1.8458946e-05   2.3652294e-03   3.3681445e-02   4.7963200e-01   8.4358286e-02   1.3350461e-01
   1.1663755e-05   1.0495118e-04   1.8458946e-05   2.3652294e-03   3.3681445e-02   4.7963200e-01   8.4358286e-02   1.3350461e-01
   1.1663755e-05   1.2962521e-06   1.6609472e-04   2.3652294e-03   3.3681445e-02   4.7963200e-01   8.4358286e-02   1.3350461e-01
   1.2962521e-06   1.1663755e-05   1.6609472e-04   2.3652294e-03   3.3681445e-02   4.7963200e-01   8.4358286e-02   1.3350461e-01
   8.4973822e-03   9.4435705e-04   1.4945304e-03   2.3652294e-03   3.7431893e-03   5.9239353e-03   7.5906099e-01   1.3350461e-01
   9.4435705e-04   8.4973822e-03   1.4945304e-03   2.3652294e-03   3.7431893e-03   5.9239353e-03   7.5906099e-01   1.3350461e-01
   9.4435705e-04   1.0495118e-04   1.3447875e-02   2.3652294e-03   3.7431893e-03   5.9239353e-03   7.5906099e-01   1.3350461e-01
   1.0495118e-04   9.4435705e-04   1.3447875e-02   2.3652294e-03   3.7431893e-03   5.9239353e-03   7.5906099e-01   1.3350461e-01
   9.4435705e-04   1.0495118e-04   1.6609472e-04   2.1282478e-02   3.7431893e-03   5.9239353e-03   7.5906099e-01   1.3350461e-01
   1.0495118e-04   9.4435705e-04   1.6609472e-04   2.1282478e-02   3.7431893e-03   5.9239353e-03   7.5906099e-01   1.3350461e-01
   1.0495118e-04   1.1663755e-05   1.4945304e-03   2.1282478e-02   3.7431893e-03   5.9239353e-03   7.5906099e-01   1.3350461e-01
   1.1663755e-05   1.0495118e-04   1.4945304e-03   2.1282478e-02   3.7431893e-03   5.9239353e-03   7.5906099e-01   1.3350461e-01
   9.4435705e-04   1.0495118e-04   1.6609472e-04   2.6285990e-04   3.3681445e-02   5.9239353e-03   7.5906099e-01   1.3350461e-01
   1.0495118e-04   9.4435705e-04   1.6609472e-04   2.6285990e-04   3.3681445e-02   5.9239353e-03   7.5906099e-01   1.3350461e-01
   1.0495118e-04   1.1663755e-05   1.4945304e-03   2.6285990e-04   3.3681445e-02   5.9239353e-03   7.5906099e-01   1.3350461e-01
   1.1663755e-05   1.0495118e-04   1.4945304e-03   2.6285990e-04   3.3681445e-02   5.9239353e-03   7.5906099e-01   1.3350461e-01
   1.0495118e-04   1.1663755e-05   1.8458946e-05   2.3652294e-03   3.3681445e-02   5.9239353e-03   7.5906099e-01   1.3350461e-01
   1.1663755e-05   1.0495118e-04   1.8458946e-05   2.3652294e-03   3.3681445e-02   5.9239353e-03   7.5906099e-01   1.3350461e-01
   1.1663755e-05   1.2962521e-06   1.6609472e-04   2.3652294e-03   3.3681445e-02   5.9239353e-03   7.5906099e-01   1.3350461e-01
   1.2962521e-06   1.1663755e-05   1.6609472e-04   2.3652294e-03   3.3681445e-02   5.9239353e-03   7.5906099e-01   1.3350461e-01
   9.4435705e-04   1.0495118e-04   1.6609472e-04   2.6285990e-04   4.1599955e-04   5.3303930e-02   7.5906099e-01   1.3350461e-01
   1.0495118e-04   9.4435705e-04   1.6609472e-04   2.6285990e-04   4.1599955e-04   5.3303930e-02   7.5906099e-01   1.3350461e-01
   1.0495118e-04   1.1663755e-05   1.4945304e-03   2.6285990e-04   4.1599955e-04   5.3303930e-02   7.5906099e-01   1.3350461e-01
   1.1663755e-05   1.0495118e-04   1.4945304e-03   2.6285990e-04   4.1599955e-04   5.3303930e-02   7.5906099e-01   1.3350461e-01
   1.0495118e-04   1.1663755e-05   1.8458946e-05   2.3652294e-03   4.1599955e-04   5.3303930e-02   7.5906099e-01   1.3350461e-01
   1.1663755e-05   1.0495118e-04   1.8458946e-05   2.3652294e-03   4.1599955e-04   5.3303930e-02   7.5906099e-01   1.3350461e-01
   1.1663755e-05   1.2962521e-06   1.6609472e-04   2.3652294e-03   4.1599955e-04   5.3303930e-02   7.5906099e-01   1.3350461e-01
   1.2962521e-06   1.1663755e-05   1.6609472e-04   2.3652294e-03   4.1599955e-04   5.3303930e-02   7.5906099e-01   1.3350461e-01
   1.0495118e-04   1.1663755e-05   1.8458946e-05   2.9212951e-05   3.7431893e-03   5.3303930e-02   7.5906099e-01   1.3350461e-01
   1.1663755e-05   1.0495118e-04   1.8458946e-05   2.9212951e-05   3.7431893e-03   5.3303930e-02   7.5906099e-01   1.3350461e-01
   1.1663755e-05   1.2962521e-06   1.6609472e-04   2.9212951e-05   3.7431893e-03   5.3303930e-02   7.5906099e-01   1.3350461e-01
   1.2962521e-06   1.1663755e-05   1.6609472e-04   2.9212951e-05   3.7431893e-03   5.3303930e-02   7.5906099e-01   1.3350461e-01
   1.1663755e-05   1.2962521e-06   2.0514360e-06   2.6285990e-04   3.7431893e-03   5.3303930e-02   7.5906099e-01   1.3350461e-01
   1.2962521e-06   1.1663755e-05   2.0514360e-06   2.6285990e-04   3.7431893e-03   5.3303930e-02   7.5906099e-01   1.3350461e-01
   1.2962521e-06   1.4405905e-07   1.8458946e-05   2.6285990e-04   3.7431893e-03   5.3303930e-02   7.5906099e-01   1.3350461e-01
   1.4405905e-07   1.2962521e-06   1.8458946e-05   2.6285990e-04   3.7431893e-03   5.3303930e-02   7.5906099e-01   1.3350461e-01
   8.4973822e-03   9.4435705e-04   1.4945304e-03   2.3652294e-03   3.7431893e-03   5.9239353e-03   9.3751630e-03   1.2012826e+00
   9.4435705e-04   8.4973822e-03   1.4945304e-03   2.3652294e-03   3.7431893e-03   5.9239353e-03   9.3751630e-03   1.2012826e+00
   9.4435705e-04   1.0495118e-04   1.3447875e-02   2.3652294e-03   3.7431893e-03   5.9239353e-03   9.3751630e-03   1.2012826e+00
   1.0495118e-04   9.4435705e-04   1.3447875e-02   2.3652294e-03   3.7431893e-03   5.9239353e-03   9.3751630e-03   1.2012826e+00
   9.4435705e-04   1.0495118e-04   1.6609472e-04   2.1282478e-02   3.7431893e-03   5.9239353e-03   9.3751630e-03   1.2012826e+00
   1.0495118e-04   9.4435705e-04   1.6609472e-04   2.1282478e-02   3.7431893e-03   5.9239353e-03   9.3751630e-03   1.2012826e+00
   1.0495118e-04   1.1663755e-05   1.4945304e-03   2.1282478e-02   3.7431893e-03   5.9239353e-03   9.3751630e-03   1.2012826e+00
   1.1663755e-05   1.0495118e-04   1.4945304e-03   2.1282478e-02   3.7431893e-03   5.9239353e-03   9.3751630e-03   1.2012826e+00
   9.4435705e-04   1.0495118e-04   1.6609472e-04   2.6285990e-04   3.3681445e-02   5.9239353e-03   9.3751630e-03   1.2012826e+00
   1.0495118e-04   9.4435705e-04   1.6609472e-04   2.6285990e-04   3.3681445e-02   5.9239353e-03   9.3751630e-03   1.2012826e+00
   1.0495118e-04   1.1663755e-05   1.4945304e-03   2.6285990e-04   3.3681445e-02   5.9239353e-03   9.3751630e-03   1.2012826e+00
   1.1663755e-05   1.0495118e-04   1.4945304e-03   2.6285990e-04   3.3681445e-02   5.9239353e-03   9.3751630e-03   1.2012826e+00
   1.0495118e-04   1.1663755e-05   1.8458946e-05   2.3652294e-03   3.3681445e-02   5.9239353e-03   9.3751630e-03   1.2012826e+00
   1.1663755e-05   1.0495118e-04   1.8458946e-05   2.3652294e-03   3.3681445e-02   5.9239353e-03   9.3751630e-03   1.2012826e+00
   1.1663755e-05   1.2962521e-06   1.6609472e-04   2.3652294e-03   3.3681445e-02   5.9239353e-03   9.3751630e-03   1.2012826e+00
   1.2962521e-06   1.1663755e-05   1.6609472e-04   2.3652294e-03   3.3681445e-02   5.9239353e-03   9.3751630e-03   1.2012826e+00
   9.4435705e-04   1.0495118e-04   1.6609472e-04   2.6285990e-04   4.1599955e-04   5.3303930e-02   9.3751630e-03   1.2012826e+00
   1.0495118e-04   9.4435705e-04   1.6609472e-04   2.6285990e-04   4.1599955e-04   5.3303930e-02   9.3751630e-03   1.2012826e+00
   1.0495118e-04   1.1663755e-05   1.4945304e-03   2.6285990e-04   4.1599955e-04   5.3303930e-02   9.3751630e-03   1.2012826e+00
   1.1663755e-05   1.0495118e-04   1.4945304e-03   2.6285990e-04   4.1599955e-04   5.3303930e-02   9.3751630e-03   1.2012826e+00
   1.0495118e-04   1.1663755e-05   1.8458946e-05   2.3652294e-03   4.1599955e-04   5.3303930e-02   9.3751630e-03   1.2012826e+00
   1.1663755e-05   1.0495118e-04   1.8458946e-05   2.3652294e-03   4.1599955e-04   5.3303930e-02   9.3751630e-03   1.2012826e+00
   1.1663755e-05   1.2962521e-06   1.6609472e-04   2.3652294e-03   4.1599955e-04   5.3303930e-02   9.3751630e-03   1.2012826e+00
   1.2962521e-06   1.1663755e-05   1.6609472e-04   2.3652294e-03   4.1599955e-04   5.3303930e-02   9.3751630e-03   1.2012826e+00
   1.0495118e-04   1.1663755e-05   1.8458946e-05   2.9212951e-05   3.7431893e-03   5.3303930e-02   9.3751630e-03   1.2012826e+00
   1.1663755e-05   1.0495118e-04   1.8458946e-05   2.9212951e-05   3.7431893e-03   5.3303930e-02   9.3751630e-03   1.2012826e+00
   1.1663755e-05   1.2962521e-06   1.6609472e-04   2.9212951e-05   3.7431893e-03   5.3303930e-02   9.3751630e-03   1.2012826e+00
   1.2962521e-06   1.1663755e-05   1.6609472e-04   2.9212951e-05   3.7431893e-03   5.3303930e-02   9.3751630e-03   1.2012826e+00
   1.1663755e-05   1.2962521e-06   2.0514360e-06   2.6285990e-04   3.7431893e-03   5.3303930e-02   9.3751630e-03   1.2012826e+00
   1.2962521e-06   1.1663755e-05   2.0514360e-06   2.6285990e-04   3.7431893e-03   5.3303930e-02   9.3751630e-03   1.2012826e+00
   1.2962521e-06   1.4405905e-07   1.8458946e-05   2.6285990e-04   3.7431893e-03   5.3303930e-02   9.3751630e-03   1.2012826e+00
   1.4405905e-07   1.2962521e-06   1.8458946e-05   2.6285990e-04   3.7431893e-03   5.3303930e-02   9.3751630e-03   1.2012826e+00
   9.4435705e-04   1.0495118e-04   1.6609472e-04   2.6285990e-04   4.1599955e-04   6.5835689e-04   8.4358286e-02   1.2012826e+00
   1.0495118e-04   9.4435705e-04   1.6609472e-04   2.6285990e-04   4.1599955e-04   6.5835689e-04   8.4358286e-02   1.2012826e+00
   1.0495118e-04   1.1663755e-05   1.4945304e-03   2.6285990e-04   4.1599955e-04   6.5835689e-04   8.4358286e-02   1.2012826e+00
   1.1663755e-05   1.0495118e-04   1.4945304e-03   2.6285990e-04   4.1599955e-04   6.5835689e-04   8.4358286e-02   1.2012826e+00
   1.0495118e-04   1.1663755e-05   1.8458946e-05   2.3652294e-03   4.1599955e-04   6.5835689e-04   8.4358286e-02   1.2012826e+00
   1.1663755e-05   1.0495118e-04   1.8458946e-05   2.3652294e-03   4.1599955e-04   6.5835689e-04   8.4358286e-02   1.2012826e+00
   1.1663755e-05   1.2962521e-06   1.6609472e-04   2.3652294e-03   4.1599955e-04   6.5835689e-04   8.4358286e-02   1.2012826e+00
   1.2962521e-06   1.1663755e-05   1.6609472e-04   2.3652294e-03   4.1599955e-04   6.5835689e-04   8.4358286e-02   1.2012826e+00
   1.0495118e-04   1.1663755e-05   1.8458946e-05   2.9212951e-05   3.7431893e-03   6.5835689e-04   8.4358286e-02   1.2012826e+00
   1.1663755e-05   1.0495118e-04   1.8458946e-05   2.9212951e-05   3.7431893e-03   6.5835689e-04   8.4358286e-02   1.2012826e+00
   1.1663755e-05   1.2962521e-06   1.6609472e-04   2.9212951e-05   3.7431893e-03   6.5835689e-04   8.4358286e-02   1.2012826e+00
   1.2962521e-06   1.1663755e-05   1.6609472e-04   2.9212951e-05   3.7431893e-03   6.5835689e-04   8.4358286e-02   1.2012826e+00
   1.1663755e-05   1.2962521e-06   2.0514360e-06   2.6285990e-04   3.7431893e-03   6.5835689e-04   8.4358286e-02   1.2012826e+00
   1.2962521e-06   1.1663755e-05   2.0514360e-06   2.6285990e-04   3.7431893e-03   6.5835689e-04   8.4358286e-02   1.2012826e+00
   1.2962521e-06   1.4405905e-07   1.8458946e-05   2.6285990e-04   3.7431893e-03   6.5835689e-04   8.4358286e-02   1.2012826e+00
   1.4405905e-07   1.2962521e-06   1.8458946e-05   2.6285990e-04   3.7431893e-03   6.5835689e-04   8.4358286e-02   1.2012826e+00
   1.0495118e-04   1.1663755e-05   1.8458946e-05   2.9212951e-05   4.6232134e-05   5.9239353e-03   8.4358286e-02   1.2012826e+00
   1.1663755e-05   1.0495118e-04   1.8458946e-05   2.9212951e-05   4.6232134e-05   5.9239353e-03   8.4358286e-02   1.2012826e+00
   1.1663755e-05   1.2962521e-06   1.6609472e-04   2.9212951e-05   4.6232134e-05   5.9239353e-03   8.4358286e-02   1.2012826e+00
   1.2962521e-06   1.1663755e-05   1.6609472e-04   2.9212951e-05   4.6232134e-05   5.9239353e-03   8.4358286e-02   1.2012826e+00
   1.1663755e-05   1.2962521e-06   2.0514360e-06   2.6285990e-04   4.6232134e-05   5.9239353e-03   8.4358286e-02   1.2012826e+00
   1.2962521e-06   1.1663755e-05   2.0514360e-06   2.6285990e-04   4.6232134e-05   5.9239353e-03   8.4358286e-02   1.2012826e+00
   1.2962521e-06   1.4405905e-07   1.8458946e-05   2.6285990e-04   4.6232134e-05   5.9239353e-03   8.4358286e-02   1.2012826e+00
   1.4405905e-07   1.2962521e-06   1.8458946e-05   2.6285990e-04   4.6232134e-05   5.9239353e-03   8.4358286e-02   1.2012826e+00
   1.1663755e-05   1.2962521e-06   2.0514360e-06   3.2465829e-06   4.1599955e-04   5.9239353e-03   8.4358286e-02   1.2012826e+00
   1.2962521e-06   1.1663755e-05   2.0514360e-06   3.2465829e-06   4.1599955e-04   5.9239353e-03   8.4358286e-02   1.2012826e+00
   1.2962521e-06   1.4405905e-07   1.8458946e-05   3.2465829e-06   4.1599955e-04   5.9239353e-03   8.4358286e-02   1.2012826e+00
   1.4405905e-07   1.2962521e-06   1.8458946e-05   3.2465829e-06   4.1599955e-04   5.9239353e-03   8.4358286e-02   1.2012826e+00
   1.2962521e-06   1.4405905e-07   2.2798646e-07   2.9212951e-05   4.1599955e-04   5.9239353e-03   8.4358286e-02   1.2012826e+00
   1.4405905e-07   1.2962521e-06   2.2798646e-07   2.9212951e-05   4.1599955e-04   5.9239353e-03   8.4358286e-02   1.2012826e+00
   1.4405905e-07   1.6010011e-08   2.0514360e-06   2.9212951e-05   4.1599955e-04   5.9239353e-03   8.4358286e-02   1.2012826e+00
   1.6010011e-08   1.4405905e-07   2.0514360e-06   2.9212951e-05   4.1599955e-04   5.9239353e-03   8.4358286e-02   1.2012826e+00
