   2.8544984e-03   9.0142054e-04   1.1860797e-03   1.5606311e-03   2.0534620e-03   2.7019237e-03   3.5551628e-03   4.6778457e-03   1.5314376e-02   2.7347100e-02
   2.1126912e-03   1.6599717e-03   1.1913672e-03   1.5675885e-03   2.0626164e-03   2.7139690e-03   3.5710118e-03   4.6986998e-03   1.5382648e-02   2.7469014e-02
   2.1126912e-03   6.6716566e-04   2.1841733e-03   1.5675885e-03   2.0626164e-03   2.7139690e-03   3.5710118e-03   4.6986998e-03   1.5382648e-02   2.7469014e-02
   1.5636598e-03   1.2285898e-03   2.1939104e-03   1.5745769e-03   2.0718116e-03   2.7260680e-03   3.5869315e-03   4.7196467e-03   1.5451224e-02   2.7591472e-02
   2.1126912e-03   6.6716566e-04   8.7784955e-04   2.8739122e-03   2.0626164e-03   2.7139690e-03   3.5710118e-03   4.6986998e-03   1.5382648e-02   2.7469014e-02
   1.5636598e-03   1.2285898e-03   8.8176304e-04   2.8867242e-03   2.0718116e-03   2.7260680e-03   3.5869315e-03   4.7196467e-03   1.5451224e-02   2.7591472e-02
   1.5636598e-03   4.9378730e-04   1.6165656e-03   2.8867242e-03   2.0718116e-03   2.7260680e-03   3.5869315e-03   4.7196467e-03   1.5451224e-02   2.7591472e-02
   1.1573068e-03   9.0931248e-04   1.6237723e-03   2.8995934e-03   2.0810479e-03   2.7382209e-03   3.6029222e-03   4.7406871e-03   1.5520107e-02   2.7714476e-02
   2.1126912e-03   6.6716566e-04   8.7784955e-04   1.1550652e-03   3.7814634e-03   2.7139690e-03   3.5710118e-03   4.6986998e-03   1.5382648e-02   2.7469014e-02
   1.5636598e-03   1.2285898e-03   8.8176304e-04   1.1602145e-03   3.7983214e-03   2.7260680e-03   3.5869315e-03   4.7196467e-03   1.5451224e-02   2.7591472e-02
   1.5636598e-03   4.9378730e-04   1.6165656e-03   1.1602145e-03   3.7983214e-03   2.7260680e-03   3.5869315e-03   4.7196467e-03   1.5451224e-02   2.7591472e-02
   1.1573068e-03   9.0931248e-04   1.6237723e-03   1.1653868e-03   3.8152544e-03   2.7382209e-03   3.6029222e-03   4.7406871e-03   1.5520107e-02   2.7714476e-02
   1.5636598e-03   4.9378730e-04   6.4972013e-04   2.1270600e-03   3.7983214e-03   2.7260680e-03   3.5869315e-03   4.7196467e-03   1.5451224e-02   2.7591472e-02
   1.1573068e-03   9.0931248e-04   6.5261661e-04   2.1365425e-03   3.8152544e-03   2.7382209e-03   3.6029222e-03   4.7406871e-03   1.5520107e-02   2.7714476e-02
   1.1573068e-03   3.6546530e-04   1.1964638e-03   2.1365425e-03   3.8152544e-03   2.7382209e-03   3.6029222e-03   4.7406871e-03   1.5520107e-02   2.7714476e-02
   8.5655397e-04   6.7300669e-04   1.2017977e-03   2.1460673e-03   3.8322630e-03   2.7504280e-03   3.6189842e-03   4.7618213e-03   1.5589296e-02   2.7838028e-02
   2.1126912e-03   6.6716566e-04   8.7784955e-04   1.1550652e-03   1.5198226e-03   4.9756098e-03   3.5710118e-03   4.6986998e-03   1.5382648e-02   2.7469014e-02
   1.5636598e-03   1.2285898e-03   8.8176304e-04   1.1602145e-03   1.5265981e-03   4.9977913e-03   3.5869315e-03   4.7196467e-03   1.5451224e-02   2.7591472e-02
   1.5636598e-03   4.9378730e-04   1.6165656e-03   1.1602145e-03   1.5265981e-03   4.9977913e-03   3.5869315e-03   4.7196467e-03   1.5451224e-02   2.7591472e-02
   1.1573068e-03   9.0931248e-04   1.6237723e-03   1.1653868e-03   1.5334037e-03   5.0200716e-03   3.6029222e-03   4.7406871e-03   1.5520107e-02   2.7714476e-02
   1.5636598e-03   4.9378730e-04   6.4972013e-04   2.1270600e-03   1.5265981e-03   4.9977913e-03   3.5869315e-03   4.7196467e-03   1.5451224e-02   2.7591472e-02
   1.1573068e-03   9.0931248e-04   6.5261661e-04   2.1365425e-03   1.5334037e-03   5.0200716e-03   3.6029222e-03   4.7406871e-03   1.5520107e-02   2.7714476e-02
   1.1573068e-03   3.6546530e-04   1.1964638e-03   2.1365425e-03   1.5334037e-03   5.0200716e-03   3.6029222e-03   4.7406871e-03   1.5520107e-02   2.7714476e-02
   8.5655397e-04   6.7300669e-04   1.2017977e-03   2.1460673e-03   1.5402397e-03   5.0424513e-03   3.6189842e-03   4.7618213e-03   1.5589296e-02   2.7838028e-02
   1.5636598e-03   4.9378730e-04   6.4972013e-04   8.5489491e-04   2.7987631e-03   4.9977913e-03   3.5869315e-03   4.7196467e-03   1.5451224e-02   2.7591472e-02
   1.1573068e-03   9.0931248e-04   6.5261661e-04   8.5870607e-04   2.8112401e-03   5.0200716e-03   3.6029222e-03   4.7406871e-03   1.5520107e-02   2.7714476e-02
   1.1573068e-03   3.6546530e-04   1.1964638e-03   8.5870607e-04   2.8112401e-03   5.0200716e-03   3.6029222e-03   4.7406871e-03   1.5520107e-02   2.7714476e-02
   8.5655397e-04   6.7300669e-04   1.2017977e-03   8.6253421e-04   2.8237727e-03   5.0424513e-03   3.6189842e-03   4.7618213e-03   1.5589296e-02   2.7838028e-02
   1.1573068e-03   3.6546530e-04   4.8087540e-04   1.5742945e-03   2.8112401e-03   5.0200716e-03   3.6029222e-03   4.7406871e-03   1.5520107e-02   2.7714476e-02
   8.5655397e-04   6.7300669e-04   4.8301916e-04   1.5813127e-03   2.8237727e-03   5.0424513e-03   3.6189842e-03   4.7618213e-03   1.5589296e-02   2.7838028e-02
   8.5655397e-04   2.7049073e-04   8.8553512e-04   1.5813127e-03   2.8237727e-03   5.0424513e-03   3.6189842e-03   4.7618213e-03   1.5589296e-02   2.7838028e-02
   6.3395870e-04   4.9811041e-04   8.8948287e-04   1.5883623e-03   2.8363612e-03   5.0649307e-03   3.6351177e-03   4.7830497e-03   1.5658794e-02   2.7962131e-02
   2.1126912e-03   6.6716566e-04   8.7784955e-04   1.1550652e-03   1.5198226e-03   1.9997666e-03   6.5468550e-03   4.6986998e-03   1.5382648e-02   2.7469014e-02
   1.5636598e-03   1.2285898e-03   8.8176304e-04   1.1602145e-03   1.5265981e-03   2.0086817e-03   6.5760411e-03   4.7196467e-03   1.5451224e-02   2.7591472e-02
   1.5636598e-03   4.9378730e-04   1.6165656e-03   1.1602145e-03   1.5265981e-03   2.0086817e-03   6.5760411e-03   4.7196467e-03   1.5451224e-02   2.7591472e-02
   1.1573068e-03   9.0931248e-04   1.6237723e-03   1.1653868e-03   1.5334037e-03   2.0176364e-03   6.6053574e-03   4.7406871e-03   1.5520107e-02   2.7714476e-02
   1.5636598e-03   4.9378730e-04   6.4972013e-04   2.1270600e-03   1.5265981e-03   2.0086817e-03   6.5760411e-03   4.7196467e-03   1.5451224e-02   2.7591472e-02
   1.1573068e-03   9.0931248e-04   6.5261661e-04   2.1365425e-03   1.5334037e-03   2.0176364e-03   6.6053574e-03   4.7406871e-03   1.5520107e-02   2.7714476e-02
   1.1573068e-03   3.6546530e-04   1.1964638e-03   2.1365425e-03   1.5334037e-03   2.0176364e-03   6.6053574e-03   4.7406871e-03   1.5520107e-02   2.7714476e-02
   8.5655397e-04   6.7300669e-04   1.2017977e-03   2.1460673e-03   1.5402397e-03   2.0266311e-03   6.6348043e-03   4.7618213e-03   1.5589296e-02   2.7838028e-02
   1.5636598e-03   4.9378730e-04   6.4972013e-04   8.5489491e-04   2.7987631e-03   2.0086817e-03   6.5760411e-03   4.7196467e-03   1.5451224e-02   2.7591472e-02
   1.1573068e-03   9.0931248e-04   6.5261661e-04   8.5870607e-04   2.8112401e-03   2.0176364e-03   6.6053574e-03   4.7406871e-03   1.5520107e-02   2.7714476e-02
   1.1573068e-03   3.6546530e-04   1.1964638e-03   8.5870607e-04   2.8112401e-03   2.0176364e-03   6.6053574e-03   4.7406871e-03   1.5520107e-02   2.7714476e-02
   8.5655397e-04   6.7300669e-04   1.2017977e-03   8.6253421e-04   2.8237727e-03   2.0266311e-03   6.6348043e-03   4.7618213e-03   1.5589296e-02   2.7838028e-02
   1.1573068e-03   3.6546530e-04   4.8087540e-04   1.5742945e-03   2.8112401e-03   2.0176364e-03   6.6053574e-03   4.7406871e-03   1.5520107e-02   2.7714476e-02
   8.5655397e-04   6.7300669e-04   4.8301916e-04   1.5813127e-03   2.8237727e-03   2.0266311e-03   6.6348043e-03   4.7618213e-03   1.5589296e-02   2.7838028e-02
   8.5655397e-04   2.7049073e-04   8.8553512e-04   1.5813127e-03   2.8237727e-03   2.0266311e-03   6.6348043e-03   4.7618213e-03   1.5589296e-02   2.7838028e-02
   6.3395870e-04   4.9811041e-04   8.8948287e-04   1.5883623e-03   2.8363612e-03   2.0356659e-03   6.6643825e-03   4.7830497e-03   1.5658794e-02   2.7962131e-02
   1.5636598e-03   4.9378730e-04   6.4972013e-04   8.5489491e-04   1.1248617e-03   3.6825830e-03   6.5760411e-03   4.7196467e-03   1.5451224e-02   2.7591472e-02
   1.1573068e-03   9.0931248e-04   6.5261661e-04   8.5870607e-04   1.1298764e-03   3.6990001e-03   6.6053574e-03   4.7406871e-03   1.5520107e-02   2.7714476e-02
   1.1573068e-03   3.6546530e-04   1.1964638e-03   8.5870607e-04   1.1298764e-03   3.6990001e-03   6.6053574e-03   4.7406871e-03   1.5520107e-02   2.7714476e-02
   8.5655397e-04   6.7300669e-04   1.2017977e-03   8.6253421e-04   1.1349134e-03   3.7154904e-03   6.6348043e-03   4.7618213e-03   1.5589296e-02   2.7838028e-02
   1.1573068e-03   3.6546530e-04   4.8087540e-04   1.5742945e-03   1.1298764e-03   3.6990001e-03   6.6053574e-03   4.7406871e-03   1.5520107e-02   2.7714476e-02
   8.5655397e-04   6.7300669e-04   4.8301916e-04   1.5813127e-03   1.1349134e-03   3.7154904e-03   6.6348043e-03   4.7618213e-03   1.5589296e-02   2.7838028e-02
   8.5655397e-04   2.7049073e-04   8.8553512e-04   1.5813127e-03   1.1349134e-03   3.7154904e-03   6.6348043e-03   4.7618213e-03   1.5589296e-02   2.7838028e-02
   6.3395870e-04   4.9811041e-04   8.8948287e-04   1.5883623e-03   1.1399729e-03   3.7320542e-03   6.6643825e-03   4.7830497e-03   1.5658794e-02   2.7962131e-02
   1.1573068e-03   3.6546530e-04   4.8087540e-04   6.3273079e-04   2.0714401e-03   3.6990001e-03   6.6053574e-03   4.7406871e-03   1.5520107e-02   2.7714476e-02
   8.5655397e-04   6.7300669e-04   4.8301916e-04   6.3555152e-04   2.0806746e-03   3.7154904e-03   6.6348043e-03   4.7618213e-03   1.5589296e-02   2.7838028e-02
   8.5655397e-04   2.7049073e-04   8.8553512e-04   6.3555152e-04   2.0806746e-03   3.7154904e-03   6.6348043e-03   4.7618213e-03   1.5589296e-02   2.7838028e-02
   6.3395870e-04   4.9811041e-04   8.8948287e-04   6.3838484e-04   2.0899504e-03   3.7320542e-03   6.6643825e-03   4.7830497e-03   1.5658794e-02   2.7962131e-02
   8.5655397e-04   2.7049073e-04   3.5590885e-04   1.1651778e-03   2.0806746e-03   3.7154904e-03   6.6348043e-03   4.7618213e-03   1.5589296e-02   2.7838028e-02
   6.3395870e-04   4.9811041e-04   3.5749551e-04   1.1703722e-03   2.0899504e-03   3.7320542e-03   6.6643825e-03   4.7830497e-03   1.5658794e-02   2.7962131e-02
   6.3395870e-04   2.0019748e-04   6.5540843e-04   1.1703722e-03   2.0899504e-03   3.7320542e-03   6.6643825e-03   4.7830497e-03   1.5658794e-02   2.7962131e-02
   4.6920994e-04   3.6866495e-04   6.5833027e-04   1.1755898e-03   2.0992674e-03   3.7486919e-03   6.6940926e-03   4.8043727e-03   1.5728601e-02   2.8086788e-02
   2.1126912e-03   6.6716566e-04   8.7784955e-04   1.1550652e-03   1.5198226e-03   1.9997666e-03   2.6312719e-03   8.6142829e-03   1.5382648e-02   2.7469014e-02
   1.5636598e-03   1.2285898e-03   8.8176304e-04   1.1602145e-03   1.5265981e-03   2.0086817e-03   2.6430022e-03   8.6526857e-03   1.5451224e-02   2.7591472e-02
   1.5636598e-03   4.9378730e-04   1.6165656e-03   1.1602145e-03   1.5265981e-03   2.0086817e-03   2.6430022e-03   8.6526857e-03   1.5451224e-02   2.7591472e-02
   1.1573068e-03   9.0931248e-04   1.6237723e-03   1.1653868e-03   1.5334037e-03   2.0176364e-03   2.6547848e-03   8.6912597e-03   1.5520107e-02   2.7714476e-02
   1.5636598e-03   4.9378730e-04   6.4972013e-04   2.1270600e-03   1.5265981e-03   2.0086817e-03   2.6430022e-03   8.6526857e-03   1.5451224e-02   2.7591472e-02
   1.1573068e-03   9.0931248e-04   6.5261661e-04   2.1365425e-03   1.5334037e-03   2.0176364e-03   2.6547848e-03   8.6912597e-03   1.5520107e-02   2.7714476e-02
   1.1573068e-03   3.6546530e-04   1.1964638e-03   2.1365425e-03   1.5334037e-03   2.0176364e-03   2.6547848e-03   8.6912597e-03   1.5520107e-02   2.7714476e-02
   8.5655397e-04   6.7300669e-04   1.2017977e-03   2.1460673e-03   1.5402397e-03   2.0266311e-03   2.6666199e-03   8.7300057e-03   1.5589296e-02   2.7838028e-02
   1.5636598e-03   4.9378730e-04   6.4972013e-04   8.5489491e-04   2.7987631e-03   2.0086817e-03   2.6430022e-03   8.6526857e-03   1.5451224e-02   2.7591472e-02
   1.1573068e-03   9.0931248e-04   6.5261661e-04   8.5870607e-04   2.8112401e-03   2.0176364e-03   2.6547848e-03   8.6912597e-03   1.5520107e-02   2.7714476e-02
   1.1573068e-03   3.6546530e-04   1.1964638e-03   8.5870607e-04   2.8112401e-03   2.0176364e-03   2.6547848e-03   8.6912597e-03   1.5520107e-02   2.7714476e-02
   8.5655397e-04   6.7300669e-04   1.2017977e-03   8.6253421e-04   2.8237727e-03   2.0266311e-03   2.6666199e-03   8.7300057e-03   1.5589296e-02   2.7838028e-02
   1.1573068e-03   3.6546530e-04   4.8087540e-04   1.5742945e-03   2.8112401e-03   2.0176364e-03   2.6547848e-03   8.6912597e-03   1.5520107e-02   2.7714476e-02
   8.5655397e-04   6.7300669e-04   4.8301916e-04   1.5813127e-03   2.8237727e-03   2.0266311e-03   2.6666199e-03   8.7300057e-03   1.5589296e-02   2.7838028e-02
   8.5655397e-04   2.7049073e-04   8.8553512e-04   1.5813127e-03   2.8237727e-03   2.0266311e-03   2.6666199e-03   8.7300057e-03   1.5589296e-02   2.7838028e-02
   6.3395870e-04   4.9811041e-04   8.8948287e-04   1.5883623e-03   2.8363612e-03   2.0356659e-03   2.6785078e-03   8.7689244e-03   1.5658794e-02   2.7962131e-02
   1.5636598e-03   4.9378730e-04   6.4972013e-04   8.5489491e-04   1.1248617e-03   3.6825830e-03   2.6430022e-03   8.6526857e-03   1.5451224e-02   2.7591472e-02
   1.1573068e-03   9.0931248e-04   6.5261661e-04   8.5870607e-04   1.1298764e-03   3.6990001e-03   2.6547848e-03   8.6912597e-03   1.5520107e-02   2.7714476e-02
   1.1573068e-03   3.6546530e-04   1.1964638e-03   8.5870607e-04   1.1298764e-03   3.6990001e-03   2.6547848e-03   8.6912597e-03   1.5520107e-02   2.7714476e-02
   8.5655397e-04   6.7300669e-04   1.2017977e-03   8.6253421e-04   1.1349134e-03   3.7154904e-03   2.6666199e-03   8.7300057e-03   1.5589296e-02   2.7838028e-02
   1.1573068e-03   3.6546530e-04   4.8087540e-04   1.5742945e-03   1.1298764e-03   3.6990001e-03   2.6547848e-03   8.6912597e-03   1.5520107e-02   2.7714476e-02
   8.5655397e-04   6.7300669e-04   4.8301916e-04   1.5813127e-03   1.1349134e-03   3.7154904e-03   2.6666199e-03   8.7300057e-03   1.5589296e-02   2.7838028e-02
   8.5655397e-04   2.7049073e-04   8.8553512e-04   1.5813127e-03   1.1349134e-03   3.7154904e-03   2.6666199e-03   8.7300057e-03   1.5589296e-02   2.7838028e-02
   6.3395870e-04   4.9811041e-04   8.8948287e-04   1.5883623e-03   1.1399729e-03   3.7320542e-03   2.6785078e-03   8.7689244e-03   1.5658794e-02   2.7962131e-02
   1.1573068e-03   3.6546530e-04   4.8087540e-04   6.3273079e-04   2.0714401e-03   3.6990001e-03   2.6547848e-03   8.6912597e-03   1.5520107e-02   2.7714476e-02
   8.5655397e-04   6.7300669e-04   4.8301916e-04   6.3555152e-04   2.0806746e-03   3.7154904e-03   2.6666199e-03   8.7300057e-03   1.5589296e-02   2.7838028e-02
   8.5655397e-04   2.7049073e-04   8.8553512e-04   6.3555152e-04   2.0806746e-03   3.7154904e-03   2.6666199e-03   8.7300057e-03   1.5589296e-02   2.7838028e-02
   6.3395870e-04   4.9811041e-04   8.8948287e-04   6.3838484e-04   2.0899504e-03   3.7320542e-03   2.6785078e-03   8.7689244e-03   1.5658794e-02   2.7962131e-02
   8.5655397e-04   2.7049073e-04   3.5590885e-04   1.1651778e-03   2.0806746e-03   3.7154904e-03   2.6666199e-03   8.7300057e-03   1.5589296e-02   2.7838028e-02
   6.3395870e-04   4.9811041e-04   3.5749551e-04   1.1703722e-03   2.0899504e-03   3.7320542e-03   2.6785078e-03   8.7689244e-03   1.5658794e-02   2.7962131e-02
   6.3395870e-04   2.0019748e-04   6.5540843e-04   1.1703722e-03   2.0899504e-03   3.7320542e-03   2.6785078e-03   8.7689244e-03   1.5658794e-02   2.7962131e-02
   4.6920994e-04   3.6866495e-04   6.5833027e-04   1.1755898e-03   2.0992674e-03   3.7486919e-03   2.6904487e-03   8.8080166e-03   1.5728601e-02   2.8086788e-02
   1.5636598e-03   4.9378730e-04   6.4972013e-04   8.5489491e-04   1.1248617e-03   1.4800812e-03   4.8455040e-03   8.6526857e-03   1.5451224e-02   2.7591472e-02
   1.1573068e-03   9.0931248e-04   6.5261661e-04   8.5870607e-04   1.1298764e-03   1.4866795e-03   4.8671054e-03   8.6912597e-03   1.5520107e-02   2.7714476e-02
   1.1573068e-03   3.6546530e-04   1.1964638e-03   8.5870607e-04   1.1298764e-03   1.4866795e-03   4.8671054e-03   8.6912597e-03   1.5520107e-02   2.7714476e-02
   8.5655397e-04   6.7300669e-04   1.2017977e-03   8.6253421e-04   1.1349134e-03   1.4933072e-03   4.8888032e-03   8.7300057e-03   1.5589296e-02   2.7838028e-02
   1.1573068e-03   3.6546530e-04   4.8087540e-04   1.5742945e-03   1.1298764e-03   1.4866795e-03   4.8671054e-03   8.6912597e-03   1.5520107e-02   2.7714476e-02
   8.5655397e-04   6.7300669e-04   4.8301916e-04   1.5813127e-03   1.1349134e-03   1.4933072e-03   4.8888032e-03   8.7300057e-03   1.5589296e-02   2.7838028e-02
   8.5655397e-04   2.7049073e-04   8.8553512e-04   1.5813127e-03   1.1349134e-03   1.4933072e-03   4.8888032e-03   8.7300057e-03   1.5589296e-02   2.7838028e-02
   6.3395870e-04   4.9811041e-04   8.8948287e-04   1.5883623e-03   1.1399729e-03   1.4999644e-03   4.9105976e-03   8.7689244e-03   1.5658794e-02   2.7962131e-02
   1.1573068e-03   3.6546530e-04   4.8087540e-04   6.3273079e-04   2.0714401e-03   1.4866795e-03   4.8671054e-03   8.6912597e-03   1.5520107e-02   2.7714476e-02
   8.5655397e-04   6.7300669e-04   4.8301916e-04   6.3555152e-04   2.0806746e-03   1.4933072e-03   4.8888032e-03   8.7300057e-03   1.5589296e-02   2.7838028e-02
   8.5655397e-04   2.7049073e-04   8.8553512e-04   6.3555152e-04   2.0806746e-03   1.4933072e-03   4.8888032e-03   8.7300057e-03   1.5589296e-02   2.7838028e-02
   6.3395870e-04   4.9811041e-04   8.8948287e-04   6.3838484e-04   2.0899504e-03   1.4999644e-03   4.9105976e-03   8.7689244e-03   1.5658794e-02   2.7962131e-02
   8.5655397e-04   2.7049073e-04   3.5590885e-04   1.1651778e-03   2.0806746e-03   1.4933072e-03   4.8888032e-03   8.7300057e-03   1.5589296e-02   2.7838028e-02
   6.3395870e-04   4.9811041e-04   3.5749551e-04   1.1703722e-03   2.0899504e-03   1.4999644e-03   4.9105976e-03   8.7689244e-03   1.5658794e-02   2.7962131e-02
   6.3395870e-04   2.0019748e-04   6.5540843e-04   1.1703722e-03   2.0899504e-03   1.4999644e-03   4.9105976e-03   8.7689244e-03   1.5658794e-02   2.7962131e-02
   4.6920994e-04   3.6866495e-04   6.5833027e-04   1.1755898e-03   2.0992674e-03   1.5066513e-03   4.9324893e-03   8.8080166e-03   1.5728601e-02   2.8086788e-02
   1.1573068e-03   3.6546530e-04   4.8087540e-04   6.3273079e-04   8.3254051e-04   2.7255790e-03   4.8671054e-03   8.6912597e-03   1.5520107e-02   2.7714476e-02
   8.5655397e-04   6.7300669e-04   4.8301916e-04   6.3555152e-04   8.3625200e-04   2.7377298e-03   4.8888032e-03   8.7300057e-03   1.5589296e-02   2.7838028e-02
   8.5655397e-04   2.7049073e-04   8.8553512e-04   6.3555152e-04   8.3625200e-04   2.7377298e-03   4.8888032e-03   8.7300057e-03   1.5589296e-02   2.7838028e-02
   6.3395870e-04   4.9811041e-04   8.8948287e-04   6.3838484e-04   8.3998005e-04   2.7499347e-03   4.9105976e-03   8.7689244e-03   1.5658794e-02   2.7962131e-02
   8.5655397e-04   2.7049073e-04   3.5590885e-04   1.1651778e-03   8.3625200e-04   2.7377298e-03   4.8888032e-03   8.7300057e-03   1.5589296e-02   2.7838028e-02
   6.3395870e-04   4.9811041e-04   3.5749551e-04   1.1703722e-03   8.3998005e-04   2.7499347e-03   4.9105976e-03   8.7689244e-03   1.5658794e-02   2.7962131e-02
   6.3395870e-04   2.0019748e-04   6.5540843e-04   1.1703722e-03   8.3998005e-04   2.7499347e-03   4.9105976e-03   8.7689244e-03   1.5658794e-02   2.7962131e-02
   4.6920994e-04   3.6866495e-04   6.5833027e-04   1.1755898e-03   8.4372471e-04   2.7621940e-03   4.9324893e-03   8.8080166e-03   1.5728601e-02   2.8086788e-02
   8.5655397e-04   2.7049073e-04   3.5590885e-04   4.6830112e-04   1.5331287e-03   2.7377298e-03   4.8888032e-03   8.7300057e-03   1.5589296e-02   2.7838028e-02
   6.3395870e-04   4.9811041e-04   3.5749551e-04   4.7038883e-04   1.5399634e-03   2.7499347e-03   4.9105976e-03   8.7689244e-03   1.5658794e-02   2.7962131e-02
   6.3395870e-04   2.0019748e-04   6.5540843e-04   4.7038883e-04   1.5399634e-03   2.7499347e-03   4.9105976e-03   8.7689244e-03   1.5658794e-02   2.7962131e-02
   4.6920994e-04   3.6866495e-04   6.5833027e-04   4.7248584e-04   1.5468286e-03   2.7621940e-03   4.9324893e-03   8.8080166e-03   1.5728601e-02   2.8086788e-02
   6.3395870e-04   2.0019748e-04   2.6341774e-04   8.6237952e-04   1.5399634e-03   2.7499347e-03   4.9105976e-03   8.7689244e-03   1.5658794e-02   2.7962131e-02
   4.6920994e-04   3.6866495e-04   2.6459207e-04   8.6622404e-04   1.5468286e-03   2.7621940e-03   4.9324893e-03   8.8080166e-03   1.5728601e-02   2.8086788e-02
   4.6920994e-04   1.4817156e-04   4.8508546e-04   8.6622404e-04   1.5468286e-03   2.7621940e-03   4.9324893e-03   8.8080166e-03   1.5728601e-02   2.8086788e-02
   3.4727493e-04   2.7285887e-04   4.8724799e-04   8.7008570e-04   1.5537245e-03   2.7745080e-03   4.9544785e-03   8.8472831e-03   1.5798720e-02   2.8212000e-02
   2.8544984e-03   9.0142054e-04   1.1860797e-03   1.5606311e-03   2.0534620e-03   2.7019237e-03   3.5551628e-03   1.1638926e-02   8.3532960e-03   2.7347100e-02
   2.1126912e-03   1.6599717e-03   1.1913672e-03   1.5675885e-03   2.0626164e-03   2.7139690e-03   3.5710118e-03   1.1690812e-02   8.3905353e-03   2.7469014e-02
   2.1126912e-03   6.6716566e-04   2.1841733e-03   1.5675885e-03   2.0626164e-03   2.7139690e-03   3.5710118e-03   1.1690812e-02   8.3905353e-03   2.7469014e-02
   1.5636598e-03   1.2285898e-03   2.1939104e-03   1.5745769e-03   2.0718116e-03   2.7260680e-03   3.5869315e-03   1.1742931e-02   8.4279406e-03   2.7591472e-02
   2.1126912e-03   6.6716566e-04   8.7784955e-04   2.8739122e-03   2.0626164e-03   2.7139690e-03   3.5710118e-03   1.1690812e-02   8.3905353e-03   2.7469014e-02
   1.5636598e-03   1.2285898e-03   8.8176304e-04   2.8867242e-03   2.0718116e-03   2.7260680e-03   3.5869315e-03   1.1742931e-02   8.4279406e-03   2.7591472e-02
   1.5636598e-03   4.9378730e-04   1.6165656e-03   2.8867242e-03   2.0718116e-03   2.7260680e-03   3.5869315e-03   1.1742931e-02   8.4279406e-03   2.7591472e-02
   1.1573068e-03   9.0931248e-04   1.6237723e-03   2.8995934e-03   2.0810479e-03   2.7382209e-03   3.6029222e-03   1.1795281e-02   8.4655127e-03   2.7714476e-02
   2.1126912e-03   6.6716566e-04   8.7784955e-04   1.1550652e-03   3.7814634e-03   2.7139690e-03   3.5710118e-03   1.1690812e-02   8.3905353e-03   2.7469014e-02
   1.5636598e-03   1.2285898e-03   8.8176304e-04   1.1602145e-03   3.7983214e-03   2.7260680e-03   3.5869315e-03   1.1742931e-02   8.4279406e-03   2.7591472e-02
   1.5636598e-03   4.9378730e-04   1.6165656e-03   1.1602145e-03   3.7983214e-03   2.7260680e-03   3.5869315e-03   1.1742931e-02   8.4279406e-03   2.7591472e-02
   1.1573068e-03   9.0931248e-04   1.6237723e-03   1.1653868e-03   3.8152544e-03   2.7382209e-03   3.6029222e-03   1.1795281e-02   8.4655127e-03   2.7714476e-02
   1.5636598e-03   4.9378730e-04   6.4972013e-04   2.1270600e-03   3.7983214e-03   2.7260680e-03   3.5869315e-03   1.1742931e-02   8.4279406e-03   2.7591472e-02
   1.1573068e-03   9.0931248e-04   6.5261661e-04   2.1365425e-03   3.8152544e-03   2.7382209e-03   3.6029222e-03   1.1795281e-02   8.4655127e-03   2.7714476e-02
   1.1573068e-03   3.6546530e-04   1.1964638e-03   2.1365425e-03   3.8152544e-03   2.7382209e-03   3.6029222e-03   1.1795281e-02   8.4655127e-03   2.7714476e-02
   8.5655397e-04   6.7300669e-04   1.2017977e-03   2.1460673e-03   3.8322630e-03   2.7504280e-03   3.6189842e-03   1.1847865e-02   8.5032523e-03   2.7838028e-02
   2.1126912e-03   6.6716566e-04   8.7784955e-04   1.1550652e-03   1.5198226e-03   4.9756098e-03   3.5710118e-03   1.1690812e-02   8.3905353e-03   2.7469014e-02
   1.5636598e-03   1.2285898e-03   8.8176304e-04   1.1602145e-03   1.5265981e-03   4.9977913e-03   3.5869315e-03   1.1742931e-02   8.4279406e-03   2.7591472e-02
   1.5636598e-03   4.9378730e-04   1.6165656e-03   1.1602145e-03   1.5265981e-03   4.9977913e-03   3.5869315e-03   1.1742931e-02   8.4279406e-03   2.7591472e-02
   1.1573068e-03   9.0931248e-04   1.6237723e-03   1.1653868e-03   1.5334037e-03   5.0200716e-03   3.6029222e-03   1.1795281e-02   8.4655127e-03   2.7714476e-02
   1.5636598e-03   4.9378730e-04   6.4972013e-04   2.1270600e-03   1.5265981e-03   4.9977913e-03   3.5869315e-03   1.1742931e-02   8.4279406e-03   2.7591472e-02
   1.1573068e-03   9.0931248e-04   6.5261661e-04   2.1365425e-03   1.5334037e-03   5.0200716e-03   3.6029222e-03   1.1795281e-02   8.4655127e-03   2.7714476e-02
   1.1573068e-03   3.6546530e-04   1.1964638e-03   2.1365425e-03   1.5334037e-03   5.0200716e-03   3.6029222e-03   1.1795281e-02   8.4655127e-03   2.7714476e-02
   8.5655397e-04   6.7300669e-04   1.2017977e-03   2.1460673e-03   1.5402397e-03   5.0424513e-03   3.6189842e-03   1.1847865e-02   8.5032523e-03   2.7838028e-02
   1.5636598e-03   4.9378730e-04   6.4972013e-04   8.5489491e-04   2.7987631e-03   4.9977913e-03   3.5869315e-03   1.1742931e-02   8.4279406e-03   2.7591472e-02
   1.1573068e-03   9.0931248e-04   6.5261661e-04   8.5870607e-04   2.8112401e-03   5.0200716e-03   3.6029222e-03   1.1795281e-02   8.4655127e-03   2.7714476e-02
   1.1573068e-03   3.6546530e-04   1.1964638e-03   8.5870607e-04   2.8112401e-03   5.0200716e-03   3.6029222e-03   1.1795281e-02   8.4655127e-03   2.7714476e-02
   8.5655397e-04   6.7300669e-04   1.2017977e-03   8.6253421e-04   2.8237727e-03   5.0424513e-03   3.6189842e-03   1.1847865e-02   8.5032523e-03   2.7838028e-02
   1.1573068e-03   3.6546530e-04   4.8087540e-04   1.5742945e-03   2.8112401e-03   5.0200716e-03   3.6029222e-03   1.1795281e-02   8.4655127e-03   2.7714476e-02
   8.5655397e-04   6.7300669e-04   4.8301916e-04   1.5813127e-03   2.8237727e-03   5.0424513e-03   3.6189842e-03   1.1847865e-02   8.5032523e-03   2.7838028e-02
   8.5655397e-04   2.7049073e-04   8.8553512e-04   1.5813127e-03   2.8237727e-03   5.0424513e-03   3.6189842e-03   1.1847865e-02   8.5032523e-03   2.7838028e-02
   6.3395870e-04   4.9811041e-04   8.8948287e-04   1.5883623e-03   2.8363612e-03   5.0649307e-03   3.6351177e-03   1.1900683e-02   8.5411601e-03   2.7962131e-02
   2.1126912e-03   6.6716566e-04   8.7784955e-04   1.1550652e-03   1.5198226e-03   1.9997666e-03   6.5468550e-03   1.1690812e-02   8.3905353e-03   2.7469014e-02
   1.5636598e-03   1.2285898e-03   8.8176304e-04   1.1602145e-03   1.5265981e-03   2.0086817e-03   6.5760411e-03   1.1742931e-02   8.4279406e-03   2.7591472e-02
   1.5636598e-03   4.9378730e-04   1.6165656e-03   1.1602145e-03   1.5265981e-03   2.0086817e-03   6.5760411e-03   1.1742931e-02   8.4279406e-03   2.7591472e-02
   1.1573068e-03   9.0931248e-04   1.6237723e-03   1.1653868e-03   1.5334037e-03   2.0176364e-03   6.6053574e-03   1.1795281e-02   8.4655127e-03   2.7714476e-02
   1.5636598e-03   4.9378730e-04   6.4972013e-04   2.1270600e-03   1.5265981e-03   2.0086817e-03   6.5760411e-03   1.1742931e-02   8.4279406e-03   2.7591472e-02
   1.1573068e-03   9.0931248e-04   6.5261661e-04   2.1365425e-03   1.5334037e-03   2.0176364e-03   6.6053574e-03   1.1795281e-02   8.4655127e-03   2.7714476e-02
   1.1573068e-03   3.6546530e-04   1.1964638e-03   2.1365425e-03   1.5334037e-03   2.0176364e-03   6.6053574e-03   1.1795281e-02   8.4655127e-03   2.7714476e-02
   8.5655397e-04   6.7300669e-04   1.2017977e-03   2.1460673e-03   1.5402397e-03   2.0266311e-03   6.6348043e-03   1.1847865e-02   8.5032523e-03   2.7838028e-02
   1.5636598e-03   4.9378730e-04   6.4972013e-04   8.5489491e-04   2.7987631e-03   2.0086817e-03   6.5760411e-03   1.1742931e-02   8.4279406e-03   2.7591472e-02
   1.1573068e-03   9.0931248e-04   6.5261661e-04   8.5870607e-04   2.8112401e-03   2.0176364e-03   6.6053574e-03   1.1795281e-02   8.4655127e-03   2.7714476e-02
   1.1573068e-03   3.6546530e-04   1.1964638e-03   8.5870607e-04   2.8112401e-03   2.0176364e-03   6.6053574e-03   1.1795281e-02   8.4655127e-03   2.7714476e-02
   8.5655397e-04   6.7300669e-04   1.2017977e-03   8.6253421e-04   2.8237727e-03   2.0266311e-03   6.6348043e-03   1.1847865e-02   8.5032523e-03   2.7838028e-02
   1.1573068e-03   3.6546530e-04   4.8087540e-04   1.5742945e-03   2.8112401e-03   2.0176364e-03   6.6053574e-03   1.1795281e-02   8.4655127e-03   2.7714476e-02
   8.5655397e-04   6.7300669e-04   4.8301916e-04   1.5813127e-03   2.8237727e-03   2.0266311e-03   6.6348043e-03   1.1847865e-02   8.5032523e-03   2.7838028e-02
   8.5655397e-04   2.7049073e-04   8.8553512e-04   1.5813127e-03   2.8237727e-03   2.0266311e-03   6.6348043e-03   1.1847865e-02   8.5032523e-03   2.7838028e-02
   6.3395870e-04   4.9811041e-04   8.8948287e-04   1.5883623e-03   2.8363612e-03   2.0356659e-03   6.6643825e-03   1.1900683e-02   8.5411601e-03   2.7962131e-02
   1.5636598e-03   4.9378730e-04   6.4972013e-04   8.5489491e-04   1.1248617e-03   3.6825830e-03   6.5760411e-03   1.1742931e-02   8.4279406e-03   2.7591472e-02
   1.1573068e-03   9.0931248e-04   6.5261661e-04   8.5870607e-04   1.1298764e-03   3.6990001e-03   6.6053574e-03   1.1795281e-02   8.4655127e-03   2.7714476e-02
   1.1573068e-03   3.6546530e-04   1.1964638e-03   8.5870607e-04   1.1298764e-03   3.6990001e-03   6.6053574e-03   1.1795281e-02   8.4655127e-03   2.7714476e-02
   8.5655397e-04   6.7300669e-04   1.2017977e-03   8.6253421e-04   1.1349134e-03   3.7154904e-03   6.6348043e-03   1.1847865e-02   8.5032523e-03   2.7838028e-02
   1.1573068e-03   3.6546530e-04   4.8087540e-04   1.5742945e-03   1.1298764e-03   3.6990001e-03   6.6053574e-03   1.1795281e-02   8.4655127e-03   2.7714476e-02
   8.5655397e-04   6.7300669e-04   4.8301916e-04   1.5813127e-03   1.1349134e-03   3.7154904e-03   6.6348043e-03   1.1847865e-02   8.5032523e-03   2.7838028e-02
   8.5655397e-04   2.7049073e-04   8.8553512e-04   1.5813127e-03   1.1349134e-03   3.7154904e-03   6.6348043e-03   1.1847865e-02   8.5032523e-03   2.7838028e-02
   6.3395870e-04   4.9811041e-04   8.8948287e-04   1.5883623e-03   1.1399729e-03   3.7320542e-03   6.6643825e-03   1.1900683e-02   8.5411601e-03   2.7962131e-02
   1.1573068e-03   3.6546530e-04   4.8087540e-04   6.3273079e-04   2.0714401e-03   3.6990001e-03   6.6053574e-03   1.1795281e-02   8.4655127e-03   2.7714476e-02
   8.5655397e-04   6.7300669e-04   4.8301916e-04   6.3555152e-04   2.0806746e-03   3.7154904e-03   6.6348043e-03   1.1847865e-02   8.5032523e-03   2.7838028e-02
   8.5655397e-04   2.7049073e-04   8.8553512e-04   6.3555152e-04   2.0806746e-03   3.7154904e-03   6.6348043e-03   1.1847865e-02   8.5032523e-03   2.7838028e-02
   6.3395870e-04   4.9811041e-04   8.8948287e-04   6.3838484e-04   2.0899504e-03   3.7320542e-03   6.6643825e-03   1.1900683e-02   8.5411601e-03   2.7962131e-02
   8.5655397e-04   2.7049073e-04   3.5590885e-04   1.1651778e-03   2.0806746e-03   3.7154904e-03   6.6348043e-03   1.1847865e-02   8.5032523e-03   2.7838028e-02
   6.3395870e-04   4.9811041e-04   3.5749551e-04   1.1703722e-03   2.0899504e-03   3.7320542e-03   6.6643825e-03   1.1900683e-02   8.5411601e-03   2.7962131e-02
   6.3395870e-04   2.0019748e-04   6.5540843e-04   1.1703722e-03   2.0899504e-03   3.7320542e-03   6.6643825e-03   1.1900683e-02   8.5411601e-03   2.7962131e-02
   4.6920994e-04   3.6866495e-04   6.5833027e-04   1.1755898e-03   2.0992674e-03   3.7486919e-03   6.6940926e-03   1.1953737e-02   8.5792369e-03   2.8086788e-02
   2.8544984e-03   9.0142054e-04   1.1860797e-03   1.5606311e-03   2.0534620e-03   2.7019237e-03   8.8455835e-03   6.3485049e-03   8.3532960e-03   2.7347100e-02
   2.1126912e-03   1.6599717e-03   1.1913672e-03   1.5675885e-03   2.0626164e-03   2.7139690e-03   8.8850175e-03   6.3768068e-03   8.3905353e-03   2.7469014e-02
   2.1126912e-03   6.6716566e-04   2.1841733e-03   1.5675885e-03   2.0626164e-03   2.7139690e-03   8.8850175e-03   6.3768068e-03   8.3905353e-03   2.7469014e-02
   1.5636598e-03   1.2285898e-03   2.1939104e-03   1.5745769e-03   2.0718116e-03   2.7260680e-03   8.9246272e-03   6.4052349e-03   8.4279406e-03   2.7591472e-02
   2.1126912e-03   6.6716566e-04   8.7784955e-04   2.8739122e-03   2.0626164e-03   2.7139690e-03   8.8850175e-03   6.3768068e-03   8.3905353e-03   2.7469014e-02
   1.5636598e-03   1.2285898e-03   8.8176304e-04   2.8867242e-03   2.0718116e-03   2.7260680e-03   8.9246272e-03   6.4052349e-03   8.4279406e-03   2.7591472e-02
   1.5636598e-03   4.9378730e-04   1.6165656e-03   2.8867242e-03   2.0718116e-03   2.7260680e-03   8.9246272e-03   6.4052349e-03   8.4279406e-03   2.7591472e-02
   1.1573068e-03   9.0931248e-04   1.6237723e-03   2.8995934e-03   2.0810479e-03   2.7382209e-03   8.9644136e-03   6.4337896e-03   8.4655127e-03   2.7714476e-02
   2.1126912e-03   6.6716566e-04   8.7784955e-04   1.1550652e-03   3.7814634e-03   2.7139690e-03   8.8850175e-03   6.3768068e-03   8.3905353e-03   2.7469014e-02
   1.5636598e-03   1.2285898e-03   8.8176304e-04   1.1602145e-03   3.7983214e-03   2.7260680e-03   8.9246272e-03   6.4052349e-03   8.4279406e-03   2.7591472e-02
   1.5636598e-03   4.9378730e-04   1.6165656e-03   1.1602145e-03   3.7983214e-03   2.7260680e-03   8.9246272e-03   6.4052349e-03   8.4279406e-03   2.7591472e-02
   1.1573068e-03   9.0931248e-04   1.6237723e-03   1.1653868e-03   3.8152544e-03   2.7382209e-03   8.9644136e-03   6.4337896e-03   8.4655127e-03   2.7714476e-02
   1.5636598e-03   4.9378730e-04   6.4972013e-04   2.1270600e-03   3.7983214e-03   2.7260680e-03   8.9246272e-03   6.4052349e-03   8.4279406e-03   2.7591472e-02
   1.1573068e-03   9.0931248e-04   6.5261661e-04   2.1365425e-03   3.8152544e-03   2.7382209e-03   8.9644136e-03   6.4337896e-03   8.4655127e-03   2.7714476e-02
   1.1573068e-03   3.6546530e-04   1.1964638e-03   2.1365425e-03   3.8152544e-03   2.7382209e-03   8.9644136e-03   6.4337896e-03   8.4655127e-03   2.7714476e-02
   8.5655397e-04   6.7300669e-04   1.2017977e-03   2.1460673e-03   3.8322630e-03   2.7504280e-03   9.0043773e-03   6.4624717e-03   8.5032523e-03   2.7838028e-02
   2.1126912e-03   6.6716566e-04   8.7784955e-04   1.1550652e-03   1.5198226e-03   4.9756098e-03   8.8850175e-03   6.3768068e-03   8.3905353e-03   2.7469014e-02
   1.5636598e-03   1.2285898e-03   8.8176304e-04   1.1602145e-03   1.5265981e-03   4.9977913e-03   8.9246272e-03   6.4052349e-03   8.4279406e-03   2.7591472e-02
   1.5636598e-03   4.9378730e-04   1.6165656e-03   1.1602145e-03   1.5265981e-03   4.9977913e-03   8.9246272e-03   6.4052349e-03   8.4279406e-03   2.7591472e-02
   1.1573068e-03   9.0931248e-04   1.6237723e-03   1.1653868e-03   1.5334037e-03   5.0200716e-03   8.9644136e-03   6.4337896e-03   8.4655127e-03   2.7714476e-02
   1.5636598e-03   4.9378730e-04   6.4972013e-04   2.1270600e-03   1.5265981e-03   4.9977913e-03   8.9246272e-03   6.4052349e-03   8.4279406e-03   2.7591472e-02
   1.1573068e-03   9.0931248e-04   6.5261661e-04   2.1365425e-03   1.5334037e-03   5.0200716e-03   8.9644136e-03   6.4337896e-03   8.4655127e-03   2.7714476e-02
   1.1573068e-03   3.6546530e-04   1.1964638e-03   2.1365425e-03   1.5334037e-03   5.0200716e-03   8.9644136e-03   6.4337896e-03   8.4655127e-03   2.7714476e-02
   8.5655397e-04   6.7300669e-04   1.2017977e-03   2.1460673e-03   1.5402397e-03   5.0424513e-03   9.0043773e-03   6.4624717e-03   8.5032523e-03   2.7838028e-02
   1.5636598e-03   4.9378730e-04   6.4972013e-04   8.5489491e-04   2.7987631e-03   4.9977913e-03   8.9246272e-03   6.4052349e-03   8.4279406e-03   2.7591472e-02
   1.1573068e-03   9.0931248e-04   6.5261661e-04   8.5870607e-04   2.8112401e-03   5.0200716e-03   8.9644136e-03   6.4337896e-03   8.4655127e-03   2.7714476e-02
   1.1573068e-03   3.6546530e-04   1.1964638e-03   8.5870607e-04   2.8112401e-03   5.0200716e-03   8.9644136e-03   6.4337896e-03   8.4655127e-03   2.7714476e-02
   8.5655397e-04   6.7300669e-04   1.2017977e-03   8.6253421e-04   2.8237727e-03   5.0424513e-03   9.0043773e-03   6.4624717e-03   8.5032523e-03   2.7838028e-02
   1.1573068e-03   3.6546530e-04   4.8087540e-04   1.5742945e-03   2.8112401e-03   5.0200716e-03   8.9644136e-03   6.4337896e-03   8.4655127e-03   2.7714476e-02
   8.5655397e-04   6.7300669e-04   4.8301916e-04   1.5813127e-03   2.8237727e-03   5.0424513e-03   9.0043773e-03   6.4624717e-03   8.5032523e-03   2.7838028e-02
   8.5655397e-04   2.7049073e-04   8.8553512e-04   1.5813127e-03   2.8237727e-03   5.0424513e-03   9.0043773e-03   6.4624717e-03   8.5032523e-03   2.7838028e-02
   6.3395870e-04   4.9811041e-04   8.8948287e-04   1.5883623e-03   2.8363612e-03   5.0649307e-03   9.0445191e-03   6.4912817e-03   8.5411601e-03   2.7962131e-02
   2.8544984e-03   9.0142054e-04   1.1860797e-03   1.5606311e-03   2.0534620e-03   6.7226435e-03   4.8248637e-03   6.3485049e-03   8.3532960e-03   2.7347100e-02
   2.1126912e-03   1.6599717e-03   1.1913672e-03   1.5675885e-03   2.0626164e-03   6.7526133e-03   4.8463732e-03   6.3768068e-03   8.3905353e-03   2.7469014e-02
   2.1126912e-03   6.6716566e-04   2.1841733e-03   1.5675885e-03   2.0626164e-03   6.7526133e-03   4.8463732e-03   6.3768068e-03   8.3905353e-03   2.7469014e-02
   1.5636598e-03   1.2285898e-03   2.1939104e-03   1.5745769e-03   2.0718116e-03   6.7827167e-03   4.8679785e-03   6.4052349e-03   8.4279406e-03   2.7591472e-02
   2.1126912e-03   6.6716566e-04   8.7784955e-04   2.8739122e-03   2.0626164e-03   6.7526133e-03   4.8463732e-03   6.3768068e-03   8.3905353e-03   2.7469014e-02
   1.5636598e-03   1.2285898e-03   8.8176304e-04   2.8867242e-03   2.0718116e-03   6.7827167e-03   4.8679785e-03   6.4052349e-03   8.4279406e-03   2.7591472e-02
   1.5636598e-03   4.9378730e-04   1.6165656e-03   2.8867242e-03   2.0718116e-03   6.7827167e-03   4.8679785e-03   6.4052349e-03   8.4279406e-03   2.7591472e-02
   1.1573068e-03   9.0931248e-04   1.6237723e-03   2.8995934e-03   2.0810479e-03   6.8129543e-03   4.8896801e-03   6.4337896e-03   8.4655127e-03   2.7714476e-02
   2.1126912e-03   6.6716566e-04   8.7784955e-04   1.1550652e-03   3.7814634e-03   6.7526133e-03   4.8463732e-03   6.3768068e-03   8.3905353e-03   2.7469014e-02
   1.5636598e-03   1.2285898e-03   8.8176304e-04   1.1602145e-03   3.7983214e-03   6.7827167e-03   4.8679785e-03   6.4052349e-03   8.4279406e-03   2.7591472e-02
   1.5636598e-03   4.9378730e-04   1.6165656e-03   1.1602145e-03   3.7983214e-03   6.7827167e-03   4.8679785e-03   6.4052349e-03   8.4279406e-03   2.7591472e-02
   1.1573068e-03   9.0931248e-04   1.6237723e-03   1.1653868e-03   3.8152544e-03   6.8129543e-03   4.8896801e-03   6.4337896e-03   8.4655127e-03   2.7714476e-02
   1.5636598e-03   4.9378730e-04   6.4972013e-04   2.1270600e-03   3.7983214e-03   6.7827167e-03   4.8679785e-03   6.4052349e-03   8.4279406e-03   2.7591472e-02
   1.1573068e-03   9.0931248e-04   6.5261661e-04   2.1365425e-03   3.8152544e-03   6.8129543e-03   4.8896801e-03   6.4337896e-03   8.4655127e-03   2.7714476e-02
   1.1573068e-03   3.6546530e-04   1.1964638e-03   2.1365425e-03   3.8152544e-03   6.8129543e-03   4.8896801e-03   6.4337896e-03   8.4655127e-03   2.7714476e-02
   8.5655397e-04   6.7300669e-04   1.2017977e-03   2.1460673e-03   3.8322630e-03   6.8433267e-03   4.9114785e-03   6.4624717e-03   8.5032523e-03   2.7838028e-02
   2.8544984e-03   9.0142054e-04   1.1860797e-03   1.5606311e-03   5.1092090e-03   3.6668964e-03   4.8248637e-03   6.3485049e-03   8.3532960e-03   2.7347100e-02
   2.1126912e-03   1.6599717e-03   1.1913672e-03   1.5675885e-03   5.1319861e-03   3.6832436e-03   4.8463732e-03   6.3768068e-03   8.3905353e-03   2.7469014e-02
   2.1126912e-03   6.6716566e-04   2.1841733e-03   1.5675885e-03   5.1319861e-03   3.6832436e-03   4.8463732e-03   6.3768068e-03   8.3905353e-03   2.7469014e-02
   1.5636598e-03   1.2285898e-03   2.1939104e-03   1.5745769e-03   5.1548647e-03   3.6996637e-03   4.8679785e-03   6.4052349e-03   8.4279406e-03   2.7591472e-02
   2.1126912e-03   6.6716566e-04   8.7784955e-04   2.8739122e-03   5.1319861e-03   3.6832436e-03   4.8463732e-03   6.3768068e-03   8.3905353e-03   2.7469014e-02
   1.5636598e-03   1.2285898e-03   8.8176304e-04   2.8867242e-03   5.1548647e-03   3.6996637e-03   4.8679785e-03   6.4052349e-03   8.4279406e-03   2.7591472e-02
   1.5636598e-03   4.9378730e-04   1.6165656e-03   2.8867242e-03   5.1548647e-03   3.6996637e-03   4.8679785e-03   6.4052349e-03   8.4279406e-03   2.7591472e-02
   1.1573068e-03   9.0931248e-04   1.6237723e-03   2.8995934e-03   5.1778453e-03   3.7161569e-03   4.8896801e-03   6.4337896e-03   8.4655127e-03   2.7714476e-02
   2.8544984e-03   9.0142054e-04   1.1860797e-03   3.8829989e-03   2.7868413e-03   3.6668964e-03   4.8248637e-03   6.3485049e-03   8.3532960e-03   2.7347100e-02
   2.1126912e-03   1.6599717e-03   1.1913672e-03   3.9003094e-03   2.7992651e-03   3.6832436e-03   4.8463732e-03   6.3768068e-03   8.3905353e-03   2.7469014e-02
   2.1126912e-03   6.6716566e-04   2.1841733e-03   3.9003094e-03   2.7992651e-03   3.6832436e-03   4.8463732e-03   6.3768068e-03   8.3905353e-03   2.7469014e-02
   1.5636598e-03   1.2285898e-03   2.1939104e-03   3.9176972e-03   2.8117444e-03   3.6996637e-03   4.8679785e-03   6.4052349e-03   8.4279406e-03   2.7591472e-02
   2.8544984e-03   9.0142054e-04   2.9510791e-03   2.1179994e-03   2.7868413e-03   3.6668964e-03   4.8248637e-03   6.3485049e-03   8.3532960e-03   2.7347100e-02
   2.1126912e-03   1.6599717e-03   2.9642352e-03   2.1274415e-03   2.7992651e-03   3.6832436e-03   4.8463732e-03   6.3768068e-03   8.3905353e-03   2.7469014e-02
   2.8544984e-03   2.2428202e-03   1.6096795e-03   2.1179994e-03   2.7868413e-03   3.6668964e-03   4.8248637e-03   6.3485049e-03   8.3532960e-03   2.7347100e-02
   3.8567685e-03   1.2179269e-03   1.6025354e-03   2.1085992e-03   2.7744726e-03   3.6506218e-03   4.8034498e-03   6.3203287e-03   8.3162219e-03   2.7225727e-02
   3.8567685e-03   1.2179269e-03   1.6025354e-03   2.1085992e-03   2.7744726e-03   3.6506218e-03   4.8034498e-03   6.3203287e-03   2.0691552e-02   1.4850396e-02
   2.8544984e-03   2.2428202e-03   1.6096795e-03   2.1179994e-03   2.7868413e-03   3.6668964e-03   4.8248637e-03   6.3485049e-03   2.0783796e-02   1.4916600e-02
   2.8544984e-03   9.0142054e-04   2.9510791e-03   2.1179994e-03   2.7868413e-03   3.6668964e-03   4.8248637e-03   6.3485049e-03   2.0783796e-02   1.4916600e-02
   2.1126912e-03   1.6599717e-03   2.9642352e-03   2.1274415e-03   2.7992651e-03   3.6832436e-03   4.8463732e-03   6.3768068e-03   2.0876451e-02   1.4983099e-02
   2.8544984e-03   9.0142054e-04   1.1860797e-03   3.8829989e-03   2.7868413e-03   3.6668964e-03   4.8248637e-03   6.3485049e-03   2.0783796e-02   1.4916600e-02
   2.1126912e-03   1.6599717e-03   1.1913672e-03   3.9003094e-03   2.7992651e-03   3.6832436e-03   4.8463732e-03   6.3768068e-03   2.0876451e-02   1.4983099e-02
   2.1126912e-03   6.6716566e-04   2.1841733e-03   3.9003094e-03   2.7992651e-03   3.6832436e-03   4.8463732e-03   6.3768068e-03   2.0876451e-02   1.4983099e-02
   1.5636598e-03   1.2285898e-03   2.1939104e-03   3.9176972e-03   2.8117444e-03   3.6996637e-03   4.8679785e-03   6.4052349e-03   2.0969519e-02   1.5049894e-02
   2.8544984e-03   9.0142054e-04   1.1860797e-03   1.5606311e-03   5.1092090e-03   3.6668964e-03   4.8248637e-03   6.3485049e-03   2.0783796e-02   1.4916600e-02
   2.1126912e-03   1.6599717e-03   1.1913672e-03   1.5675885e-03   5.1319861e-03   3.6832436e-03   4.8463732e-03   6.3768068e-03   2.0876451e-02   1.4983099e-02
   2.1126912e-03   6.6716566e-04   2.1841733e-03   1.5675885e-03   5.1319861e-03   3.6832436e-03   4.8463732e-03   6.3768068e-03   2.0876451e-02   1.4983099e-02
   1.5636598e-03   1.2285898e-03   2.1939104e-03   1.5745769e-03   5.1548647e-03   3.6996637e-03   4.8679785e-03   6.4052349e-03   2.0969519e-02   1.5049894e-02
   2.1126912e-03   6.6716566e-04   8.7784955e-04   2.8739122e-03   5.1319861e-03   3.6832436e-03   4.8463732e-03   6.3768068e-03   2.0876451e-02   1.4983099e-02
   1.5636598e-03   1.2285898e-03   8.8176304e-04   2.8867242e-03   5.1548647e-03   3.6996637e-03   4.8679785e-03   6.4052349e-03   2.0969519e-02   1.5049894e-02
   1.5636598e-03   4.9378730e-04   1.6165656e-03   2.8867242e-03   5.1548647e-03   3.6996637e-03   4.8679785e-03   6.4052349e-03   2.0969519e-02   1.5049894e-02
   1.1573068e-03   9.0931248e-04   1.6237723e-03   2.8995934e-03   5.1778453e-03   3.7161569e-03   4.8896801e-03   6.4337896e-03   2.1063002e-02   1.5116987e-02
   2.8544984e-03   9.0142054e-04   1.1860797e-03   1.5606311e-03   2.0534620e-03   6.7226435e-03   4.8248637e-03   6.3485049e-03   2.0783796e-02   1.4916600e-02
   2.1126912e-03   1.6599717e-03   1.1913672e-03   1.5675885e-03   2.0626164e-03   6.7526133e-03   4.8463732e-03   6.3768068e-03   2.0876451e-02   1.4983099e-02
   2.1126912e-03   6.6716566e-04   2.1841733e-03   1.5675885e-03   2.0626164e-03   6.7526133e-03   4.8463732e-03   6.3768068e-03   2.0876451e-02   1.4983099e-02
   1.5636598e-03   1.2285898e-03   2.1939104e-03   1.5745769e-03   2.0718116e-03   6.7827167e-03   4.8679785e-03   6.4052349e-03   2.0969519e-02   1.5049894e-02
   2.1126912e-03   6.6716566e-04   8.7784955e-04   2.8739122e-03   2.0626164e-03   6.7526133e-03   4.8463732e-03   6.3768068e-03   2.0876451e-02   1.4983099e-02
   1.5636598e-03   1.2285898e-03   8.8176304e-04   2.8867242e-03   2.0718116e-03   6.7827167e-03   4.8679785e-03   6.4052349e-03   2.0969519e-02   1.5049894e-02
   1.5636598e-03   4.9378730e-04   1.6165656e-03   2.8867242e-03   2.0718116e-03   6.7827167e-03   4.8679785e-03   6.4052349e-03   2.0969519e-02   1.5049894e-02
   1.1573068e-03   9.0931248e-04   1.6237723e-03   2.8995934e-03   2.0810479e-03   6.8129543e-03   4.8896801e-03   6.4337896e-03   2.1063002e-02   1.5116987e-02
   2.1126912e-03   6.6716566e-04   8.7784955e-04   1.1550652e-03   3.7814634e-03   6.7526133e-03   4.8463732e-03   6.3768068e-03   2.0876451e-02   1.4983099e-02
   1.5636598e-03   1.2285898e-03   8.8176304e-04   1.1602145e-03   3.7983214e-03   6.7827167e-03   4.8679785e-03   6.4052349e-03   2.0969519e-02   1.5049894e-02
   1.5636598e-03   4.9378730e-04   1.6165656e-03   1.1602145e-03   3.7983214e-03   6.7827167e-03   4.8679785e-03   6.4052349e-03   2.0969519e-02   1.5049894e-02
   1.1573068e-03   9.0931248e-04   1.6237723e-03   1.1653868e-03   3.8152544e-03   6.8129543e-03   4.8896801e-03   6.4337896e-03   2.1063002e-02   1.5116987e-02
   1.5636598e-03   4.9378730e-04   6.4972013e-04   2.1270600e-03   3.7983214e-03   6.7827167e-03   4.8679785e-03   6.4052349e-03   2.0969519e-02   1.5049894e-02
   1.1573068e-03   9.0931248e-04   6.5261661e-04   2.1365425e-03   3.8152544e-03   6.8129543e-03   4.8896801e-03   6.4337896e-03   2.1063002e-02   1.5116987e-02
   1.1573068e-03   3.6546530e-04   1.1964638e-03   2.1365425e-03   3.8152544e-03   6.8129543e-03   4.8896801e-03   6.4337896e-03   2.1063002e-02   1.5116987e-02
   8.5655397e-04   6.7300669e-04   1.2017977e-03   2.1460673e-03   3.8322630e-03   6.8433267e-03   4.9114785e-03   6.4624717e-03   2.1156901e-02   1.5184379e-02
   2.8544984e-03   9.0142054e-04   1.1860797e-03   1.5606311e-03   2.0534620e-03   2.7019237e-03   8.8455835e-03   6.3485049e-03   2.0783796e-02   1.4916600e-02
   2.1126912e-03   1.6599717e-03   1.1913672e-03   1.5675885e-03   2.0626164e-03   2.7139690e-03   8.8850175e-03   6.3768068e-03   2.0876451e-02   1.4983099e-02
   2.1126912e-03   6.6716566e-04   2.1841733e-03   1.5675885e-03   2.0626164e-03   2.7139690e-03   8.8850175e-03   6.3768068e-03   2.0876451e-02   1.4983099e-02
   1.5636598e-03   1.2285898e-03   2.1939104e-03   1.5745769e-03   2.0718116e-03   2.7260680e-03   8.9246272e-03   6.4052349e-03   2.0969519e-02   1.5049894e-02
   2.1126912e-03   6.6716566e-04   8.7784955e-04   2.8739122e-03   2.0626164e-03   2.7139690e-03   8.8850175e-03   6.3768068e-03   2.0876451e-02   1.4983099e-02
   1.5636598e-03   1.2285898e-03   8.8176304e-04   2.8867242e-03   2.0718116e-03   2.7260680e-03   8.9246272e-03   6.4052349e-03   2.0969519e-02   1.5049894e-02
   1.5636598e-03   4.9378730e-04   1.6165656e-03   2.8867242e-03   2.0718116e-03   2.7260680e-03   8.9246272e-03   6.4052349e-03   2.0969519e-02   1.5049894e-02
   1.1573068e-03   9.0931248e-04   1.6237723e-03   2.8995934e-03   2.0810479e-03   2.7382209e-03   8.9644136e-03   6.4337896e-03   2.1063002e-02   1.5116987e-02
   2.1126912e-03   6.6716566e-04   8.7784955e-04   1.1550652e-03   3.7814634e-03   2.7139690e-03   8.8850175e-03   6.3768068e-03   2.0876451e-02   1.4983099e-02
   1.5636598e-03   1.2285898e-03   8.8176304e-04   1.1602145e-03   3.7983214e-03   2.7260680e-03   8.9246272e-03   6.4052349e-03   2.0969519e-02   1.5049894e-02
   1.5636598e-03   4.9378730e-04   1.6165656e-03   1.1602145e-03   3.7983214e-03   2.7260680e-03   8.9246272e-03   6.4052349e-03   2.0969519e-02   1.5049894e-02
   1.1573068e-03   9.0931248e-04   1.6237723e-03   1.1653868e-03   3.8152544e-03   2.7382209e-03   8.9644136e-03   6.4337896e-03   2.1063002e-02   1.5116987e-02
   1.5636598e-03   4.9378730e-04   6.4972013e-04   2.1270600e-03   3.7983214e-03   2.7260680e-03   8.9246272e-03   6.4052349e-03   2.0969519e-02   1.5049894e-02
   1.1573068e-03   9.0931248e-04   6.5261661e-04   2.1365425e-03   3.8152544e-03   2.7382209e-03   8.9644136e-03   6.4337896e-03   2.1063002e-02   1.5116987e-02
   1.1573068e-03   3.6546530e-04   1.1964638e-03   2.1365425e-03   3.8152544e-03   2.7382209e-03   8.9644136e-03   6.4337896e-03   2.1063002e-02   1.5116987e-02
   8.5655397e-04   6.7300669e-04   1.2017977e-03   2.1460673e-03   3.8322630e-03   2.7504280e-03   9.0043773e-03   6.4624717e-03   2.1156901e-02   1.5184379e-02
   2.1126912e-03   6.6716566e-04   8.7784955e-04   1.1550652e-03   1.5198226e-03   4.9756098e-03   8.8850175e-03   6.3768068e-03   2.0876451e-02   1.4983099e-02
   1.5636598e-03   1.2285898e-03   8.8176304e-04   1.1602145e-03   1.5265981e-03   4.9977913e-03   8.9246272e-03   6.4052349e-03   2.0969519e-02   1.5049894e-02
   1.5636598e-03   4.9378730e-04   1.6165656e-03   1.1602145e-03   1.5265981e-03   4.9977913e-03   8.9246272e-03   6.4052349e-03   2.0969519e-02   1.5049894e-02
   1.1573068e-03   9.0931248e-04   1.6237723e-03   1.1653868e-03   1.5334037e-03   5.0200716e-03   8.9644136e-03   6.4337896e-03   2.1063002e-02   1.5116987e-02
   1.5636598e-03   4.9378730e-04   6.4972013e-04   2.1270600e-03   1.5265981e-03   4.9977913e-03   8.9246272e-03   6.4052349e-03   2.0969519e-02   1.5049894e-02
   1.1573068e-03   9.0931248e-04   6.5261661e-04   2.1365425e-03   1.5334037e-03   5.0200716e-03   8.9644136e-03   6.4337896e-03   2.1063002e-02   1.5116987e-02
   1.1573068e-03   3.6546530e-04   1.1964638e-03   2.1365425e-03   1.5334037e-03   5.0200716e-03   8.9644136e-03   6.4337896e-03   2.1063002e-02   1.5116987e-02
   8.5655397e-04   6.7300669e-04   1.2017977e-03   2.1460673e-03   1.5402397e-03   5.0424513e-03   9.0043773e-03   6.4624717e-03   2.1156901e-02   1.5184379e-02
   1.5636598e-03   4.9378730e-04   6.4972013e-04   8.5489491e-04   2.7987631e-03   4.9977913e-03   8.9246272e-03   6.4052349e-03   2.0969519e-02   1.5049894e-02
   1.1573068e-03   9.0931248e-04   6.5261661e-04   8.5870607e-04   2.8112401e-03   5.0200716e-03   8.9644136e-03   6.4337896e-03   2.1063002e-02   1.5116987e-02
   1.1573068e-03   3.6546530e-04   1.1964638e-03   8.5870607e-04   2.8112401e-03   5.0200716e-03   8.9644136e-03   6.4337896e-03   2.1063002e-02   1.5116987e-02
   8.5655397e-04   6.7300669e-04   1.2017977e-03   8.6253421e-04   2.8237727e-03   5.0424513e-03   9.0043773e-03   6.4624717e-03   2.1156901e-02   1.5184379e-02
   1.1573068e-03   3.6546530e-04   4.8087540e-04   1.5742945e-03   2.8112401e-03   5.0200716e-03   8.9644136e-03   6.4337896e-03   2.1063002e-02   1.5116987e-02
   8.5655397e-04   6.7300669e-04   4.8301916e-04   1.5813127e-03   2.8237727e-03   5.0424513e-03   9.0043773e-03   6.4624717e-03   2.1156901e-02   1.5184379e-02
   8.5655397e-04   2.7049073e-04   8.8553512e-04   1.5813127e-03   2.8237727e-03   5.0424513e-03   9.0043773e-03   6.4624717e-03   2.1156901e-02   1.5184379e-02
   6.3395870e-04   4.9811041e-04   8.8948287e-04   1.5883623e-03   2.8363612e-03   5.0649307e-03   9.0445191e-03   6.4912817e-03   2.1251220e-02   1.5252072e-02
   2.8544984e-03   9.0142054e-04   1.1860797e-03   1.5606311e-03   2.0534620e-03   2.7019237e-03   3.5551628e-03   1.1638926e-02   2.0783796e-02   1.4916600e-02
   2.1126912e-03   1.6599717e-03   1.1913672e-03   1.5675885e-03   2.0626164e-03   2.7139690e-03   3.5710118e-03   1.1690812e-02   2.0876451e-02   1.4983099e-02
   2.1126912e-03   6.6716566e-04   2.1841733e-03   1.5675885e-03   2.0626164e-03   2.7139690e-03   3.5710118e-03   1.1690812e-02   2.0876451e-02   1.4983099e-02
   1.5636598e-03   1.2285898e-03   2.1939104e-03   1.5745769e-03   2.0718116e-03   2.7260680e-03   3.5869315e-03   1.1742931e-02   2.0969519e-02   1.5049894e-02
   2.1126912e-03   6.6716566e-04   8.7784955e-04   2.8739122e-03   2.0626164e-03   2.7139690e-03   3.5710118e-03   1.1690812e-02   2.0876451e-02   1.4983099e-02
   1.5636598e-03   1.2285898e-03   8.8176304e-04   2.8867242e-03   2.0718116e-03   2.7260680e-03   3.5869315e-03   1.1742931e-02   2.0969519e-02   1.5049894e-02
   1.5636598e-03   4.9378730e-04   1.6165656e-03   2.8867242e-03   2.0718116e-03   2.7260680e-03   3.5869315e-03   1.1742931e-02   2.0969519e-02   1.5049894e-02
   1.1573068e-03   9.0931248e-04   1.6237723e-03   2.8995934e-03   2.0810479e-03   2.7382209e-03   3.6029222e-03   1.1795281e-02   2.1063002e-02   1.5116987e-02
   2.1126912e-03   6.6716566e-04   8.7784955e-04   1.1550652e-03   3.7814634e-03   2.7139690e-03   3.5710118e-03   1.1690812e-02   2.0876451e-02   1.4983099e-02
   1.5636598e-03   1.2285898e-03   8.8176304e-04   1.1602145e-03   3.7983214e-03   2.7260680e-03   3.5869315e-03   1.1742931e-02   2.0969519e-02   1.5049894e-02
   1.5636598e-03   4.9378730e-04   1.6165656e-03   1.1602145e-03   3.7983214e-03   2.7260680e-03   3.5869315e-03   1.1742931e-02   2.0969519e-02   1.5049894e-02
   1.1573068e-03   9.0931248e-04   1.6237723e-03   1.1653868e-03   3.8152544e-03   2.7382209e-03   3.6029222e-03   1.1795281e-02   2.1063002e-02   1.5116987e-02
   1.5636598e-03   4.9378730e-04   6.4972013e-04   2.1270600e-03   3.7983214e-03   2.7260680e-03   3.5869315e-03   1.1742931e-02   2.0969519e-02   1.5049894e-02
   1.1573068e-03   9.0931248e-04   6.5261661e-04   2.1365425e-03   3.8152544e-03   2.7382209e-03   3.6029222e-03   1.1795281e-02   2.1063002e-02   1.5116987e-02
   1.1573068e-03   3.6546530e-04   1.1964638e-03   2.1365425e-03   3.8152544e-03   2.7382209e-03   3.6029222e-03   1.1795281e-02   2.1063002e-02   1.5116987e-02
   8.5655397e-04   6.7300669e-04   1.2017977e-03   2.1460673e-03   3.8322630e-03   2.7504280e-03   3.6189842e-03   1.1847865e-02   2.1156901e-02   1.5184379e-02
   2.1126912e-03   6.6716566e-04   8.7784955e-04   1.1550652e-03   1.5198226e-03   4.9756098e-03   3.5710118e-03   1.1690812e-02   2.0876451e-02   1.4983099e-02
   1.5636598e-03   1.2285898e-03   8.8176304e-04   1.1602145e-03   1.5265981e-03   4.9977913e-03   3.5869315e-03   1.1742931e-02   2.0969519e-02   1.5049894e-02
   1.5636598e-03   4.9378730e-04   1.6165656e-03   1.1602145e-03   1.5265981e-03   4.9977913e-03   3.5869315e-03   1.1742931e-02   2.0969519e-02   1.5049894e-02
   1.1573068e-03   9.0931248e-04   1.6237723e-03   1.1653868e-03   1.5334037e-03   5.0200716e-03   3.6029222e-03   1.1795281e-02   2.1063002e-02   1.5116987e-02
   1.5636598e-03   4.9378730e-04   6.4972013e-04   2.1270600e-03   1.5265981e-03   4.9977913e-03   3.5869315e-03   1.1742931e-02   2.0969519e-02   1.5049894e-02
   1.1573068e-03   9.0931248e-04   6.5261661e-04   2.1365425e-03   1.5334037e-03   5.0200716e-03   3.6029222e-03   1.1795281e-02   2.1063002e-02   1.5116987e-02
   1.1573068e-03   3.6546530e-04   1.1964638e-03   2.1365425e-03   1.5334037e-03   5.0200716e-03   3.6029222e-03   1.1795281e-02   2.1063002e-02   1.5116987e-02
   8.5655397e-04   6.7300669e-04   1.2017977e-03   2.1460673e-03   1.5402397e-03   5.0424513e-03   3.6189842e-03   1.1847865e-02   2.1156901e-02   1.5184379e-02
   1.5636598e-03   4.9378730e-04   6.4972013e-04   8.5489491e-04   2.7987631e-03   4.9977913e-03   3.5869315e-03   1.1742931e-02   2.0969519e-02   1.5049894e-02
   1.1573068e-03   9.0931248e-04   6.5261661e-04   8.5870607e-04   2.8112401e-03   5.0200716e-03   3.6029222e-03   1.1795281e-02   2.1063002e-02   1.5116987e-02
   1.1573068e-03   3.6546530e-04   1.1964638e-03   8.5870607e-04   2.8112401e-03   5.0200716e-03   3.6029222e-03   1.1795281e-02   2.1063002e-02   1.5116987e-02
   8.5655397e-04   6.7300669e-04   1.2017977e-03   8.6253421e-04   2.8237727e-03   5.0424513e-03   3.6189842e-03   1.1847865e-02   2.1156901e-02   1.5184379e-02
   1.1573068e-03   3.6546530e-04   4.8087540e-04   1.5742945e-03   2.8112401e-03   5.0200716e-03   3.6029222e-03   1.1795281e-02   2.1063002e-02   1.5116987e-02
   8.5655397e-04   6.7300669e-04   4.8301916e-04   1.5813127e-03   2.8237727e-03   5.0424513e-03   3.6189842e-03   1.1847865e-02   2.1156901e-02   1.5184379e-02
   8.5655397e-04   2.7049073e-04   8.8553512e-04   1.5813127e-03   2.8237727e-03   5.0424513e-03   3.6189842e-03   1.1847865e-02   2.1156901e-02   1.5184379e-02
   6.3395870e-04   4.9811041e-04   8.8948287e-04   1.5883623e-03   2.8363612e-03   5.0649307e-03   3.6351177e-03   1.1900683e-02   2.1251220e-02   1.5252072e-02
   2.1126912e-03   6.6716566e-04   8.7784955e-04   1.1550652e-03   1.5198226e-03   1.9997666e-03   6.5468550e-03   1.1690812e-02   2.0876451e-02   1.4983099e-02
   1.5636598e-03   1.2285898e-03   8.8176304e-04   1.1602145e-03   1.5265981e-03   2.0086817e-03   6.5760411e-03   1.1742931e-02   2.0969519e-02   1.5049894e-02
   1.5636598e-03   4.9378730e-04   1.6165656e-03   1.1602145e-03   1.5265981e-03   2.0086817e-03   6.5760411e-03   1.1742931e-02   2.0969519e-02   1.5049894e-02
   1.1573068e-03   9.0931248e-04   1.6237723e-03   1.1653868e-03   1.5334037e-03   2.0176364e-03   6.6053574e-03   1.1795281e-02   2.1063002e-02   1.5116987e-02
   1.5636598e-03   4.9378730e-04   6.4972013e-04   2.1270600e-03   1.5265981e-03   2.0086817e-03   6.5760411e-03   1.1742931e-02   2.0969519e-02   1.5049894e-02
   1.1573068e-03   9.0931248e-04   6.5261661e-04   2.1365425e-03   1.5334037e-03   2.0176364e-03   6.6053574e-03   1.1795281e-02   2.1063002e-02   1.5116987e-02
   1.1573068e-03   3.6546530e-04   1.1964638e-03   2.1365425e-03   1.5334037e-03   2.0176364e-03   6.6053574e-03   1.1795281e-02   2.1063002e-02   1.5116987e-02
   8.5655397e-04   6.7300669e-04   1.2017977e-03   2.1460673e-03   1.5402397e-03   2.0266311e-03   6.6348043e-03   1.1847865e-02   2.1156901e-02   1.5184379e-02
   1.5636598e-03   4.9378730e-04   6.4972013e-04   8.5489491e-04   2.7987631e-03   2.0086817e-03   6.5760411e-03   1.1742931e-02   2.0969519e-02   1.5049894e-02
   1.1573068e-03   9.0931248e-04   6.5261661e-04   8.5870607e-04   2.8112401e-03   2.0176364e-03   6.6053574e-03   1.1795281e-02   2.1063002e-02   1.5116987e-02
   1.1573068e-03   3.6546530e-04   1.1964638e-03   8.5870607e-04   2.8112401e-03   2.0176364e-03   6.6053574e-03   1.1795281e-02   2.1063002e-02   1.5116987e-02
   8.5655397e-04   6.7300669e-04   1.2017977e-03   8.6253421e-04   2.8237727e-03   2.0266311e-03   6.6348043e-03   1.1847865e-02   2.1156901e-02   1.5184379e-02
   1.1573068e-03   3.6546530e-04   4.8087540e-04   1.5742945e-03   2.8112401e-03   2.0176364e-03   6.6053574e-03   1.1795281e-02   2.1063002e-02   1.5116987e-02
   8.5655397e-04   6.7300669e-04   4.8301916e-04   1.5813127e-03   2.8237727e-03   2.0266311e-03   6.6348043e-03   1.1847865e-02   2.1156901e-02   1.5184379e-02
   8.5655397e-04   2.7049073e-04   8.8553512e-04   1.5813127e-03   2.8237727e-03   2.0266311e-03   6.6348043e-03   1.1847865e-02   2.1156901e-02   1.5184379e-02
   6.3395870e-04   4.9811041e-04   8.8948287e-04   1.5883623e-03   2.8363612e-03   2.0356659e-03   6.6643825e-03   1.1900683e-02   2.1251220e-02   1.5252072e-02
   1.5636598e-03   4.9378730e-04   6.4972013e-04   8.5489491e-04   1.1248617e-03   3.6825830e-03   6.5760411e-03   1.1742931e-02   2.0969519e-02   1.5049894e-02
   1.1573068e-03   9.0931248e-04   6.5261661e-04   8.5870607e-04   1.1298764e-03   3.6990001e-03   6.6053574e-03   1.1795281e-02   2.1063002e-02   1.5116987e-02
   1.1573068e-03   3.6546530e-04   1.1964638e-03   8.5870607e-04   1.1298764e-03   3.6990001e-03   6.6053574e-03   1.1795281e-02   2.1063002e-02   1.5116987e-02
   8.5655397e-04   6.7300669e-04   1.2017977e-03   8.6253421e-04   1.1349134e-03   3.7154904e-03   6.6348043e-03   1.1847865e-02   2.1156901e-02   1.5184379e-02
   1.1573068e-03   3.6546530e-04   4.8087540e-04   1.5742945e-03   1.1298764e-03   3.6990001e-03   6.6053574e-03   1.1795281e-02   2.1063002e-02   1.5116987e-02
   8.5655397e-04   6.7300669e-04   4.8301916e-04   1.5813127e-03   1.1349134e-03   3.7154904e-03   6.6348043e-03   1.1847865e-02   2.1156901e-02   1.5184379e-02
   8.5655397e-04   2.7049073e-04   8.8553512e-04   1.5813127e-03   1.1349134e-03   3.7154904e-03   6.6348043e-03   1.1847865e-02   2.1156901e-02   1.5184379e-02
   6.3395870e-04   4.9811041e-04   8.8948287e-04   1.5883623e-03   1.1399729e-03   3.7320542e-03   6.6643825e-03   1.1900683e-02   2.1251220e-02   1.5252072e-02
   1.1573068e-03   3.6546530e-04   4.8087540e-04   6.3273079e-04   2.0714401e-03   3.6990001e-03   6.6053574e-03   1.1795281e-02   2.1063002e-02   1.5116987e-02
   8.5655397e-04   6.7300669e-04   4.8301916e-04   6.3555152e-04   2.0806746e-03   3.7154904e-03   6.6348043e-03   1.1847865e-02   2.1156901e-02   1.5184379e-02
   8.5655397e-04   2.7049073e-04   8.8553512e-04   6.3555152e-04   2.0806746e-03   3.7154904e-03   6.6348043e-03   1.1847865e-02   2.1156901e-02   1.5184379e-02
   6.3395870e-04   4.9811041e-04   8.8948287e-04   6.3838484e-04   2.0899504e-03   3.7320542e-03   6.6643825e-03   1.1900683e-02   2.1251220e-02   1.5252072e-02
   8.5655397e-04   2.7049073e-04   3.5590885e-04   1.1651778e-03   2.0806746e-03   3.7154904e-03   6.6348043e-03   1.1847865e-02   2.1156901e-02   1.5184379e-02
   6.3395870e-04   4.9811041e-04   3.5749551e-04   1.1703722e-03   2.0899504e-03   3.7320542e-03   6.6643825e-03   1.1900683e-02   2.1251220e-02   1.5252072e-02
   6.3395870e-04   2.0019748e-04   6.5540843e-04   1.1703722e-03   2.0899504e-03   3.7320542e-03   6.6643825e-03   1.1900683e-02   2.1251220e-02   1.5252072e-02
   4.6920994e-04   3.6866495e-04   6.5833027e-04   1.1755898e-03   2.0992674e-03   3.7486919e-03   6.6940926e-03   1.1953737e-02   2.1345959e-02   1.5320066e-02
   3.8567685e-03   1.2179269e-03   1.6025354e-03   2.1085992e-03   2.7744726e-03   3.6506218e-03   4.8034498e-03   1.5725580e-02   1.1286301e-02   1.4850396e-02
   2.8544984e-03   2.2428202e-03   1.6096795e-03   2.1179994e-03   2.7868413e-03   3.6668964e-03   4.8248637e-03   1.5795685e-02   1.1336616e-02   1.4916600e-02
   2.8544984e-03   9.0142054e-04   2.9510791e-03   2.1179994e-03   2.7868413e-03   3.6668964e-03   4.8248637e-03   1.5795685e-02   1.1336616e-02   1.4916600e-02
   2.1126912e-03   1.6599717e-03   2.9642352e-03   2.1274415e-03   2.7992651e-03   3.6832436e-03   4.8463732e-03   1.5866103e-02   1.1387155e-02   1.4983099e-02
   2.8544984e-03   9.0142054e-04   1.1860797e-03   3.8829989e-03   2.7868413e-03   3.6668964e-03   4.8248637e-03   1.5795685e-02   1.1336616e-02   1.4916600e-02
   2.1126912e-03   1.6599717e-03   1.1913672e-03   3.9003094e-03   2.7992651e-03   3.6832436e-03   4.8463732e-03   1.5866103e-02   1.1387155e-02   1.4983099e-02
   2.1126912e-03   6.6716566e-04   2.1841733e-03   3.9003094e-03   2.7992651e-03   3.6832436e-03   4.8463732e-03   1.5866103e-02   1.1387155e-02   1.4983099e-02
   1.5636598e-03   1.2285898e-03   2.1939104e-03   3.9176972e-03   2.8117444e-03   3.6996637e-03   4.8679785e-03   1.5936834e-02   1.1437919e-02   1.5049894e-02
   2.8544984e-03   9.0142054e-04   1.1860797e-03   1.5606311e-03   5.1092090e-03   3.6668964e-03   4.8248637e-03   1.5795685e-02   1.1336616e-02   1.4916600e-02
   2.1126912e-03   1.6599717e-03   1.1913672e-03   1.5675885e-03   5.1319861e-03   3.6832436e-03   4.8463732e-03   1.5866103e-02   1.1387155e-02   1.4983099e-02
   2.1126912e-03   6.6716566e-04   2.1841733e-03   1.5675885e-03   5.1319861e-03   3.6832436e-03   4.8463732e-03   1.5866103e-02   1.1387155e-02   1.4983099e-02
   1.5636598e-03   1.2285898e-03   2.1939104e-03   1.5745769e-03   5.1548647e-03   3.6996637e-03   4.8679785e-03   1.5936834e-02   1.1437919e-02   1.5049894e-02
   2.1126912e-03   6.6716566e-04   8.7784955e-04   2.8739122e-03   5.1319861e-03   3.6832436e-03   4.8463732e-03   1.5866103e-02   1.1387155e-02   1.4983099e-02
   1.5636598e-03   1.2285898e-03   8.8176304e-04   2.8867242e-03   5.1548647e-03   3.6996637e-03   4.8679785e-03   1.5936834e-02   1.1437919e-02   1.5049894e-02
   1.5636598e-03   4.9378730e-04   1.6165656e-03   2.8867242e-03   5.1548647e-03   3.6996637e-03   4.8679785e-03   1.5936834e-02   1.1437919e-02   1.5049894e-02
   1.1573068e-03   9.0931248e-04   1.6237723e-03   2.8995934e-03   5.1778453e-03   3.7161569e-03   4.8896801e-03   1.6007881e-02   1.1488910e-02   1.5116987e-02
   2.8544984e-03   9.0142054e-04   1.1860797e-03   1.5606311e-03   2.0534620e-03   6.7226435e-03   4.8248637e-03   1.5795685e-02   1.1336616e-02   1.4916600e-02
   2.1126912e-03   1.6599717e-03   1.1913672e-03   1.5675885e-03   2.0626164e-03   6.7526133e-03   4.8463732e-03   1.5866103e-02   1.1387155e-02   1.4983099e-02
   2.1126912e-03   6.6716566e-04   2.1841733e-03   1.5675885e-03   2.0626164e-03   6.7526133e-03   4.8463732e-03   1.5866103e-02   1.1387155e-02   1.4983099e-02
   1.5636598e-03   1.2285898e-03   2.1939104e-03   1.5745769e-03   2.0718116e-03   6.7827167e-03   4.8679785e-03   1.5936834e-02   1.1437919e-02   1.5049894e-02
   2.1126912e-03   6.6716566e-04   8.7784955e-04   2.8739122e-03   2.0626164e-03   6.7526133e-03   4.8463732e-03   1.5866103e-02   1.1387155e-02   1.4983099e-02
   1.5636598e-03   1.2285898e-03   8.8176304e-04   2.8867242e-03   2.0718116e-03   6.7827167e-03   4.8679785e-03   1.5936834e-02   1.1437919e-02   1.5049894e-02
   1.5636598e-03   4.9378730e-04   1.6165656e-03   2.8867242e-03   2.0718116e-03   6.7827167e-03   4.8679785e-03   1.5936834e-02   1.1437919e-02   1.5049894e-02
   1.1573068e-03   9.0931248e-04   1.6237723e-03   2.8995934e-03   2.0810479e-03   6.8129543e-03   4.8896801e-03   1.6007881e-02   1.1488910e-02   1.5116987e-02
   2.1126912e-03   6.6716566e-04   8.7784955e-04   1.1550652e-03   3.7814634e-03   6.7526133e-03   4.8463732e-03   1.5866103e-02   1.1387155e-02   1.4983099e-02
   1.5636598e-03   1.2285898e-03   8.8176304e-04   1.1602145e-03   3.7983214e-03   6.7827167e-03   4.8679785e-03   1.5936834e-02   1.1437919e-02   1.5049894e-02
   1.5636598e-03   4.9378730e-04   1.6165656e-03   1.1602145e-03   3.7983214e-03   6.7827167e-03   4.8679785e-03   1.5936834e-02   1.1437919e-02   1.5049894e-02
   1.1573068e-03   9.0931248e-04   1.6237723e-03   1.1653868e-03   3.8152544e-03   6.8129543e-03   4.8896801e-03   1.6007881e-02   1.1488910e-02   1.5116987e-02
   1.5636598e-03   4.9378730e-04   6.4972013e-04   2.1270600e-03   3.7983214e-03   6.7827167e-03   4.8679785e-03   1.5936834e-02   1.1437919e-02   1.5049894e-02
   1.1573068e-03   9.0931248e-04   6.5261661e-04   2.1365425e-03   3.8152544e-03   6.8129543e-03   4.8896801e-03   1.6007881e-02   1.1488910e-02   1.5116987e-02
   1.1573068e-03   3.6546530e-04   1.1964638e-03   2.1365425e-03   3.8152544e-03   6.8129543e-03   4.8896801e-03   1.6007881e-02   1.1488910e-02   1.5116987e-02
   8.5655397e-04   6.7300669e-04   1.2017977e-03   2.1460673e-03   3.8322630e-03   6.8433267e-03   4.9114785e-03   1.6079245e-02   1.1540128e-02   1.5184379e-02
   2.8544984e-03   9.0142054e-04   1.1860797e-03   1.5606311e-03   2.0534620e-03   2.7019237e-03   8.8455835e-03   1.5795685e-02   1.1336616e-02   1.4916600e-02
   2.1126912e-03   1.6599717e-03   1.1913672e-03   1.5675885e-03   2.0626164e-03   2.7139690e-03   8.8850175e-03   1.5866103e-02   1.1387155e-02   1.4983099e-02
   2.1126912e-03   6.6716566e-04   2.1841733e-03   1.5675885e-03   2.0626164e-03   2.7139690e-03   8.8850175e-03   1.5866103e-02   1.1387155e-02   1.4983099e-02
   1.5636598e-03   1.2285898e-03   2.1939104e-03   1.5745769e-03   2.0718116e-03   2.7260680e-03   8.9246272e-03   1.5936834e-02   1.1437919e-02   1.5049894e-02
   2.1126912e-03   6.6716566e-04   8.7784955e-04   2.8739122e-03   2.0626164e-03   2.7139690e-03   8.8850175e-03   1.5866103e-02   1.1387155e-02   1.4983099e-02
   1.5636598e-03   1.2285898e-03   8.8176304e-04   2.8867242e-03   2.0718116e-03   2.7260680e-03   8.9246272e-03   1.5936834e-02   1.1437919e-02   1.5049894e-02
   1.5636598e-03   4.9378730e-04   1.6165656e-03   2.8867242e-03   2.0718116e-03   2.7260680e-03   8.9246272e-03   1.5936834e-02   1.1437919e-02   1.5049894e-02
   1.1573068e-03   9.0931248e-04   1.6237723e-03   2.8995934e-03   2.0810479e-03   2.7382209e-03   8.9644136e-03   1.6007881e-02   1.1488910e-02   1.5116987e-02
   2.1126912e-03   6.6716566e-04   8.7784955e-04   1.1550652e-03   3.7814634e-03   2.7139690e-03   8.8850175e-03   1.5866103e-02   1.1387155e-02   1.4983099e-02
   1.5636598e-03   1.2285898e-03   8.8176304e-04   1.1602145e-03   3.7983214e-03   2.7260680e-03   8.9246272e-03   1.5936834e-02   1.1437919e-02   1.5049894e-02
   1.5636598e-03   4.9378730e-04   1.6165656e-03   1.1602145e-03   3.7983214e-03   2.7260680e-03   8.9246272e-03   1.5936834e-02   1.1437919e-02   1.5049894e-02
   1.1573068e-03   9.0931248e-04   1.6237723e-03   1.1653868e-03   3.8152544e-03   2.7382209e-03   8.9644136e-03   1.6007881e-02   1.1488910e-02   1.5116987e-02
   1.5636598e-03   4.9378730e-04   6.4972013e-04   2.1270600e-03   3.7983214e-03   2.7260680e-03   8.9246272e-03   1.5936834e-02   1.1437919e-02   1.5049894e-02
   1.1573068e-03   9.0931248e-04   6.5261661e-04   2.1365425e-03   3.8152544e-03   2.7382209e-03   8.9644136e-03   1.6007881e-02   1.1488910e-02   1.5116987e-02
   1.1573068e-03   3.6546530e-04   1.1964638e-03   2.1365425e-03   3.8152544e-03   2.7382209e-03   8.9644136e-03   1.6007881e-02   1.1488910e-02   1.5116987e-02
   8.5655397e-04   6.7300669e-04   1.2017977e-03   2.1460673e-03   3.8322630e-03   2.7504280e-03   9.0043773e-03   1.6079245e-02   1.1540128e-02   1.5184379e-02
   2.1126912e-03   6.6716566e-04   8.7784955e-04   1.1550652e-03   1.5198226e-03   4.9756098e-03   8.8850175e-03   1.5866103e-02   1.1387155e-02   1.4983099e-02
   1.5636598e-03   1.2285898e-03   8.8176304e-04   1.1602145e-03   1.5265981e-03   4.9977913e-03   8.9246272e-03   1.5936834e-02   1.1437919e-02   1.5049894e-02
   1.5636598e-03   4.9378730e-04   1.6165656e-03   1.1602145e-03   1.5265981e-03   4.9977913e-03   8.9246272e-03   1.5936834e-02   1.1437919e-02   1.5049894e-02
   1.1573068e-03   9.0931248e-04   1.6237723e-03   1.1653868e-03   1.5334037e-03   5.0200716e-03   8.9644136e-03   1.6007881e-02   1.1488910e-02   1.5116987e-02
   1.5636598e-03   4.9378730e-04   6.4972013e-04   2.1270600e-03   1.5265981e-03   4.9977913e-03   8.9246272e-03   1.5936834e-02   1.1437919e-02   1.5049894e-02
   1.1573068e-03   9.0931248e-04   6.5261661e-04   2.1365425e-03   1.5334037e-03   5.0200716e-03   8.9644136e-03   1.6007881e-02   1.1488910e-02   1.5116987e-02
   1.1573068e-03   3.6546530e-04   1.1964638e-03   2.1365425e-03   1.5334037e-03   5.0200716e-03   8.9644136e-03   1.6007881e-02   1.1488910e-02   1.5116987e-02
   8.5655397e-04   6.7300669e-04   1.2017977e-03   2.1460673e-03   1.5402397e-03   5.0424513e-03   9.0043773e-03   1.6079245e-02   1.1540128e-02   1.5184379e-02
   1.5636598e-03   4.9378730e-04   6.4972013e-04   8.5489491e-04   2.7987631e-03   4.9977913e-03   8.9246272e-03   1.5936834e-02   1.1437919e-02   1.5049894e-02
   1.1573068e-03   9.0931248e-04   6.5261661e-04   8.5870607e-04   2.8112401e-03   5.0200716e-03   8.9644136e-03   1.6007881e-02   1.1488910e-02   1.5116987e-02
   1.1573068e-03   3.6546530e-04   1.1964638e-03   8.5870607e-04   2.8112401e-03   5.0200716e-03   8.9644136e-03   1.6007881e-02   1.1488910e-02   1.5116987e-02
   8.5655397e-04   6.7300669e-04   1.2017977e-03   8.6253421e-04   2.8237727e-03   5.0424513e-03   9.0043773e-03   1.6079245e-02   1.1540128e-02   1.5184379e-02
   1.1573068e-03   3.6546530e-04   4.8087540e-04   1.5742945e-03   2.8112401e-03   5.0200716e-03   8.9644136e-03   1.6007881e-02   1.1488910e-02   1.5116987e-02
   8.5655397e-04   6.7300669e-04   4.8301916e-04   1.5813127e-03   2.8237727e-03   5.0424513e-03   9.0043773e-03   1.6079245e-02   1.1540128e-02   1.5184379e-02
   8.5655397e-04   2.7049073e-04   8.8553512e-04   1.5813127e-03   2.8237727e-03   5.0424513e-03   9.0043773e-03   1.6079245e-02   1.1540128e-02   1.5184379e-02
   6.3395870e-04   4.9811041e-04   8.8948287e-04   1.5883623e-03   2.8363612e-03   5.0649307e-03   9.0445191e-03   1.6150927e-02   1.1591574e-02   1.5252072e-02
   3.8567685e-03   1.2179269e-03   1.6025354e-03   2.1085992e-03   2.7744726e-03   3.6506218e-03   1.1951441e-02   8.5775889e-03   1.1286301e-02   1.4850396e-02
   2.8544984e-03   2.2428202e-03   1.6096795e-03   2.1179994e-03   2.7868413e-03   3.6668964e-03   1.2004721e-02   8.6158281e-03   1.1336616e-02   1.4916600e-02
   2.8544984e-03   9.0142054e-04   2.9510791e-03   2.1179994e-03   2.7868413e-03   3.6668964e-03   1.2004721e-02   8.6158281e-03   1.1336616e-02   1.4916600e-02
   2.1126912e-03   1.6599717e-03   2.9642352e-03   2.1274415e-03   2.7992651e-03   3.6832436e-03   1.2058238e-02   8.6542378e-03   1.1387155e-02   1.4983099e-02
   2.8544984e-03   9.0142054e-04   1.1860797e-03   3.8829989e-03   2.7868413e-03   3.6668964e-03   1.2004721e-02   8.6158281e-03   1.1336616e-02   1.4916600e-02
   2.1126912e-03   1.6599717e-03   1.1913672e-03   3.9003094e-03   2.7992651e-03   3.6832436e-03   1.2058238e-02   8.6542378e-03   1.1387155e-02   1.4983099e-02
   2.1126912e-03   6.6716566e-04   2.1841733e-03   3.9003094e-03   2.7992651e-03   3.6832436e-03   1.2058238e-02   8.6542378e-03   1.1387155e-02   1.4983099e-02
   1.5636598e-03   1.2285898e-03   2.1939104e-03   3.9176972e-03   2.8117444e-03   3.6996637e-03   1.2111994e-02   8.6928187e-03   1.1437919e-02   1.5049894e-02
   2.8544984e-03   9.0142054e-04   1.1860797e-03   1.5606311e-03   5.1092090e-03   3.6668964e-03   1.2004721e-02   8.6158281e-03   1.1336616e-02   1.4916600e-02
   2.1126912e-03   1.6599717e-03   1.1913672e-03   1.5675885e-03   5.1319861e-03   3.6832436e-03   1.2058238e-02   8.6542378e-03   1.1387155e-02   1.4983099e-02
   2.1126912e-03   6.6716566e-04   2.1841733e-03   1.5675885e-03   5.1319861e-03   3.6832436e-03   1.2058238e-02   8.6542378e-03   1.1387155e-02   1.4983099e-02
   1.5636598e-03   1.2285898e-03   2.1939104e-03   1.5745769e-03   5.1548647e-03   3.6996637e-03   1.2111994e-02   8.6928187e-03   1.1437919e-02   1.5049894e-02
   2.1126912e-03   6.6716566e-04   8.7784955e-04   2.8739122e-03   5.1319861e-03   3.6832436e-03   1.2058238e-02   8.6542378e-03   1.1387155e-02   1.4983099e-02
   1.5636598e-03   1.2285898e-03   8.8176304e-04   2.8867242e-03   5.1548647e-03   3.6996637e-03   1.2111994e-02   8.6928187e-03   1.1437919e-02   1.5049894e-02
   1.5636598e-03   4.9378730e-04   1.6165656e-03   2.8867242e-03   5.1548647e-03   3.6996637e-03   1.2111994e-02   8.6928187e-03   1.1437919e-02   1.5049894e-02
   1.1573068e-03   9.0931248e-04   1.6237723e-03   2.8995934e-03   5.1778453e-03   3.7161569e-03   1.2165990e-02   8.7315717e-03   1.1488910e-02   1.5116987e-02
   2.8544984e-03   9.0142054e-04   1.1860797e-03   1.5606311e-03   2.0534620e-03   6.7226435e-03   1.2004721e-02   8.6158281e-03   1.1336616e-02   1.4916600e-02
   2.1126912e-03   1.6599717e-03   1.1913672e-03   1.5675885e-03   2.0626164e-03   6.7526133e-03   1.2058238e-02   8.6542378e-03   1.1387155e-02   1.4983099e-02
   2.1126912e-03   6.6716566e-04   2.1841733e-03   1.5675885e-03   2.0626164e-03   6.7526133e-03   1.2058238e-02   8.6542378e-03   1.1387155e-02   1.4983099e-02
   1.5636598e-03   1.2285898e-03   2.1939104e-03   1.5745769e-03   2.0718116e-03   6.7827167e-03   1.2111994e-02   8.6928187e-03   1.1437919e-02   1.5049894e-02
   2.1126912e-03   6.6716566e-04   8.7784955e-04   2.8739122e-03   2.0626164e-03   6.7526133e-03   1.2058238e-02   8.6542378e-03   1.1387155e-02   1.4983099e-02
   1.5636598e-03   1.2285898e-03   8.8176304e-04   2.8867242e-03   2.0718116e-03   6.7827167e-03   1.2111994e-02   8.6928187e-03   1.1437919e-02   1.5049894e-02
   1.5636598e-03   4.9378730e-04   1.6165656e-03   2.8867242e-03   2.0718116e-03   6.7827167e-03   1.2111994e-02   8.6928187e-03   1.1437919e-02   1.5049894e-02
   1.1573068e-03   9.0931248e-04   1.6237723e-03   2.8995934e-03   2.0810479e-03   6.8129543e-03   1.2165990e-02   8.7315717e-03   1.1488910e-02   1.5116987e-02
   2.1126912e-03   6.6716566e-04   8.7784955e-04   1.1550652e-03   3.7814634e-03   6.7526133e-03   1.2058238e-02   8.6542378e-03   1.1387155e-02   1.4983099e-02
   1.5636598e-03   1.2285898e-03   8.8176304e-04   1.1602145e-03   3.7983214e-03   6.7827167e-03   1.2111994e-02   8.6928187e-03   1.1437919e-02   1.5049894e-02
   1.5636598e-03   4.9378730e-04   1.6165656e-03   1.1602145e-03   3.7983214e-03   6.7827167e-03   1.2111994e-02   8.6928187e-03   1.1437919e-02   1.5049894e-02
   1.1573068e-03   9.0931248e-04   1.6237723e-03   1.1653868e-03   3.8152544e-03   6.8129543e-03   1.2165990e-02   8.7315717e-03   1.1488910e-02   1.5116987e-02
   1.5636598e-03   4.9378730e-04   6.4972013e-04   2.1270600e-03   3.7983214e-03   6.7827167e-03   1.2111994e-02   8.6928187e-03   1.1437919e-02   1.5049894e-02
   1.1573068e-03   9.0931248e-04   6.5261661e-04   2.1365425e-03   3.8152544e-03   6.8129543e-03   1.2165990e-02   8.7315717e-03   1.1488910e-02   1.5116987e-02
   1.1573068e-03   3.6546530e-04   1.1964638e-03   2.1365425e-03   3.8152544e-03   6.8129543e-03   1.2165990e-02   8.7315717e-03   1.1488910e-02   1.5116987e-02
   8.5655397e-04   6.7300669e-04   1.2017977e-03   2.1460673e-03   3.8322630e-03   6.8433267e-03   1.2220226e-02   8.7704973e-03   1.1540128e-02   1.5184379e-02
   3.8567685e-03   1.2179269e-03   1.6025354e-03   2.1085992e-03   2.7744726e-03   9.0830948e-03   6.5189676e-03   8.5775889e-03   1.1286301e-02   1.4850396e-02
   2.8544984e-03   2.2428202e-03   1.6096795e-03   2.1179994e-03   2.7868413e-03   9.1235876e-03   6.5480294e-03   8.6158281e-03   1.1336616e-02   1.4916600e-02
   2.8544984e-03   9.0142054e-04   2.9510791e-03   2.1179994e-03   2.7868413e-03   9.1235876e-03   6.5480294e-03   8.6158281e-03   1.1336616e-02   1.4916600e-02
   2.1126912e-03   1.6599717e-03   2.9642352e-03   2.1274415e-03   2.7992651e-03   9.1642609e-03   6.5772207e-03   8.6542378e-03   1.1387155e-02   1.4983099e-02
   2.8544984e-03   9.0142054e-04   1.1860797e-03   3.8829989e-03   2.7868413e-03   9.1235876e-03   6.5480294e-03   8.6158281e-03   1.1336616e-02   1.4916600e-02
   2.1126912e-03   1.6599717e-03   1.1913672e-03   3.9003094e-03   2.7992651e-03   9.1642609e-03   6.5772207e-03   8.6542378e-03   1.1387155e-02   1.4983099e-02
   2.1126912e-03   6.6716566e-04   2.1841733e-03   3.9003094e-03   2.7992651e-03   9.1642609e-03   6.5772207e-03   8.6542378e-03   1.1387155e-02   1.4983099e-02
   1.5636598e-03   1.2285898e-03   2.1939104e-03   3.9176972e-03   2.8117444e-03   9.2051155e-03   6.6065422e-03   8.6928187e-03   1.1437919e-02   1.5049894e-02
   2.8544984e-03   9.0142054e-04   1.1860797e-03   1.5606311e-03   5.1092090e-03   9.1235876e-03   6.5480294e-03   8.6158281e-03   1.1336616e-02   1.4916600e-02
   2.1126912e-03   1.6599717e-03   1.1913672e-03   1.5675885e-03   5.1319861e-03   9.1642609e-03   6.5772207e-03   8.6542378e-03   1.1387155e-02   1.4983099e-02
   2.1126912e-03   6.6716566e-04   2.1841733e-03   1.5675885e-03   5.1319861e-03   9.1642609e-03   6.5772207e-03   8.6542378e-03   1.1387155e-02   1.4983099e-02
   1.5636598e-03   1.2285898e-03   2.1939104e-03   1.5745769e-03   5.1548647e-03   9.2051155e-03   6.6065422e-03   8.6928187e-03   1.1437919e-02   1.5049894e-02
   2.1126912e-03   6.6716566e-04   8.7784955e-04   2.8739122e-03   5.1319861e-03   9.1642609e-03   6.5772207e-03   8.6542378e-03   1.1387155e-02   1.4983099e-02
   1.5636598e-03   1.2285898e-03   8.8176304e-04   2.8867242e-03   5.1548647e-03   9.2051155e-03   6.6065422e-03   8.6928187e-03   1.1437919e-02   1.5049894e-02
   1.5636598e-03   4.9378730e-04   1.6165656e-03   2.8867242e-03   5.1548647e-03   9.2051155e-03   6.6065422e-03   8.6928187e-03   1.1437919e-02   1.5049894e-02
   1.1573068e-03   9.0931248e-04   1.6237723e-03   2.8995934e-03   5.1778453e-03   9.2461523e-03   6.6359945e-03   8.7315717e-03   1.1488910e-02   1.5116987e-02
   3.8567685e-03   1.2179269e-03   1.6025354e-03   2.1085992e-03   6.9031520e-03   4.9544153e-03   6.5189676e-03   8.5775889e-03   1.1286301e-02   1.4850396e-02
   2.8544984e-03   2.2428202e-03   1.6096795e-03   2.1179994e-03   6.9339266e-03   4.9765023e-03   6.5480294e-03   8.6158281e-03   1.1336616e-02   1.4916600e-02
   2.8544984e-03   9.0142054e-04   2.9510791e-03   2.1179994e-03   6.9339266e-03   4.9765023e-03   6.5480294e-03   8.6158281e-03   1.1336616e-02   1.4916600e-02
   2.1126912e-03   1.6599717e-03   2.9642352e-03   2.1274415e-03   6.9648383e-03   4.9986878e-03   6.5772207e-03   8.6542378e-03   1.1387155e-02   1.4983099e-02
   2.8544984e-03   9.0142054e-04   1.1860797e-03   3.8829989e-03   6.9339266e-03   4.9765023e-03   6.5480294e-03   8.6158281e-03   1.1336616e-02   1.4916600e-02
   2.1126912e-03   1.6599717e-03   1.1913672e-03   3.9003094e-03   6.9648383e-03   4.9986878e-03   6.5772207e-03   8.6542378e-03   1.1387155e-02   1.4983099e-02
   2.1126912e-03   6.6716566e-04   2.1841733e-03   3.9003094e-03   6.9648383e-03   4.9986878e-03   6.5772207e-03   8.6542378e-03   1.1387155e-02   1.4983099e-02
   1.5636598e-03   1.2285898e-03   2.1939104e-03   3.9176972e-03   6.9958878e-03   5.0209721e-03   6.6065422e-03   8.6928187e-03   1.1437919e-02   1.5049894e-02
   3.8567685e-03   1.2179269e-03   1.6025354e-03   5.2463956e-03   3.7653557e-03   4.9544153e-03   6.5189676e-03   8.5775889e-03   1.1286301e-02   1.4850396e-02
   2.8544984e-03   2.2428202e-03   1.6096795e-03   5.2697842e-03   3.7821418e-03   4.9765023e-03   6.5480294e-03   8.6158281e-03   1.1336616e-02   1.4916600e-02
   2.8544984e-03   9.0142054e-04   2.9510791e-03   5.2697842e-03   3.7821418e-03   4.9765023e-03   6.5480294e-03   8.6158281e-03   1.1336616e-02   1.4916600e-02
   2.1126912e-03   1.6599717e-03   2.9642352e-03   5.2932771e-03   3.7990027e-03   4.9986878e-03   6.5772207e-03   8.6542378e-03   1.1387155e-02   1.4983099e-02
   3.8567685e-03   1.2179269e-03   3.9872606e-03   2.8616703e-03   3.7653557e-03   4.9544153e-03   6.5189676e-03   8.5775889e-03   1.1286301e-02   1.4850396e-02
   2.8544984e-03   2.2428202e-03   4.0050360e-03   2.8744277e-03   3.7821418e-03   4.9765023e-03   6.5480294e-03   8.6158281e-03   1.1336616e-02   1.4916600e-02
   3.8567685e-03   3.0303181e-03   2.1748694e-03   2.8616703e-03   3.7653557e-03   4.9544153e-03   6.5189676e-03   8.5775889e-03   1.1286301e-02   1.4850396e-02
   5.2109551e-03   1.6455648e-03   2.1652168e-03   2.8489695e-03   3.7486441e-03   4.9324264e-03   6.4900347e-03   8.5395194e-03   1.1236210e-02   1.4784486e-02
