   8.2057014e-02   2.5912741e-02   3.4095712e-02   4.4862779e-02   5.9029973e-02
   6.0732610e-02   4.7718479e-02   3.4247712e-02   4.5062779e-02   5.9293130e-02
   6.0732610e-02   1.9178719e-02   6.2787472e-02   4.5062779e-02   5.9293130e-02
   4.4949843e-02   3.5317734e-02   6.3067381e-02   4.5263671e-02   5.9557462e-02
   6.0732610e-02   1.9178719e-02   2.5235156e-02   8.2615095e-02   5.9293130e-02
   4.4949843e-02   3.5317734e-02   2.5347656e-02   8.2983396e-02   5.9557462e-02
   4.4949843e-02   1.4194687e-02   4.6470702e-02   8.2983396e-02   5.9557462e-02
   3.3268591e-02   2.6139607e-02   4.6677870e-02   8.3353340e-02   5.9822971e-02
   6.0732610e-02   1.9178719e-02   2.5235156e-02   3.3204153e-02   1.0870407e-01
   4.4949843e-02   3.5317734e-02   2.5347656e-02   3.3352178e-02   1.0918868e-01
   4.4949843e-02   1.4194687e-02   4.6470702e-02   3.3352178e-02   1.0918868e-01
   3.3268591e-02   2.6139607e-02   4.6677870e-02   3.3500864e-02   1.0967545e-01
   4.4949843e-02   1.4194687e-02   1.8677220e-02   6.1145660e-02   1.0918868e-01
   3.3268591e-02   2.6139607e-02   1.8760484e-02   6.1418250e-02   1.0967545e-01
   3.3268591e-02   1.0505871e-02   3.4394220e-02   6.1418250e-02   1.0967545e-01
   2.4622982e-02   1.9346628e-02   3.4547551e-02   6.1692055e-02   1.1016438e-01
