   5.5033274e-03   1.3899818e-02   3.7758466e-02   1.0256981e-01   2.7862801e-01
   1.3899818e-02   5.5033274e-03   3.7758466e-02   1.0256981e-01   2.7862801e-01
   1.3899818e-02   3.5106934e-02   1.4949634e-02   1.0256981e-01   2.7862801e-01
   3.5106934e-02   1.3899818e-02   1.4949634e-02   1.0256981e-01   2.7862801e-01
   1.3899818e-02   3.5106934e-02   9.5366998e-02   4.0610261e-02   2.7862801e-01
   3.5106934e-02   1.3899818e-02   9.5366998e-02   4.0610261e-02   2.7862801e-01
   3.5106934e-02   8.8669992e-02   3.7758466e-02   4.0610261e-02   2.7862801e-01
   8.8669992e-02   3.5106934e-02   3.7758466e-02   4.0610261e-02   2.7862801e-01
   1.3899818e-02   3.5106934e-02   9.5366998e-02   2.5906177e-01   1.1031663e-01
   3.5106934e-02   1.3899818e-02   9.5366998e-02   2.5906177e-01   1.1031663e-01
   3.5106934e-02   8.8669992e-02   3.7758466e-02   2.5906177e-01   1.1031663e-01
   8.8669992e-02   3.5106934e-02   3.7758466e-02   2.5906177e-01   1.1031663e-01
   3.5106934e-02   8.8669992e-02   2.4086954e-01   1.0256981e-01   1.1031663e-01
   8.8669992e-02   3.5106934e-02   2.4086954e-01   1.0256981e-01   1.1031663e-01
   8.8669992e-02   2.2395484e-01   9.5366998e-02   1.0256981e-01   1.1031663e-01
   2.2395484e-01   8.8669992e-02   9.5366998e-02   1.0256981e-01   1.1031663e-01
