   1.1903257e-03   3.0064196e-03   8.1668543e-03   2.2185030e-02   6.0265011e-02   1.6370821e-01   4.4470875e-01   1.2080388e+00
   3.0064196e-03   1.1903257e-03   8.1668543e-03   2.2185030e-02   6.0265011e-02   1.6370821e-01   4.4470875e-01   1.2080388e+00
   3.0064196e-03   7.5933491e-03   3.2334864e-03   2.2185030e-02   6.0265011e-02   1.6370821e-01   4.4470875e-01   1.2080388e+00
   7.5933491e-03   3.0064196e-03   3.2334864e-03   2.2185030e-02   6.0265011e-02   1.6370821e-01   4.4470875e-01   1.2080388e+00
   3.0064196e-03   7.5933491e-03   2.0627119e-02   8.7836748e-03   6.0265011e-02   1.6370821e-01   4.4470875e-01   1.2080388e+00
   7.5933491e-03   3.0064196e-03   2.0627119e-02   8.7836748e-03   6.0265011e-02   1.6370821e-01   4.4470875e-01   1.2080388e+00
   7.5933491e-03   1.9178611e-02   8.1668543e-03   8.7836748e-03   6.0265011e-02   1.6370821e-01   4.4470875e-01   1.2080388e+00
   1.9178611e-02   7.5933491e-03   8.1668543e-03   8.7836748e-03   6.0265011e-02   1.6370821e-01   4.4470875e-01   1.2080388e+00
   3.0064196e-03   7.5933491e-03   2.0627119e-02   5.6032990e-02   2.3860606e-02   1.6370821e-01   4.4470875e-01   1.2080388e+00
   7.5933491e-03   3.0064196e-03   2.0627119e-02   5.6032990e-02   2.3860606e-02   1.6370821e-01   4.4470875e-01   1.2080388e+00
   7.5933491e-03   1.9178611e-02   8.1668543e-03   5.6032990e-02   2.3860606e-02   1.6370821e-01   4.4470875e-01   1.2080388e+00
   1.9178611e-02   7.5933491e-03   8.1668543e-03   5.6032990e-02   2.3860606e-02   1.6370821e-01   4.4470875e-01   1.2080388e+00
   7.5933491e-03   1.9178611e-02   5.2098157e-02   2.2185030e-02   2.3860606e-02   1.6370821e-01   4.4470875e-01   1.2080388e+00
   1.9178611e-02   7.5933491e-03   5.2098157e-02   2.2185030e-02   2.3860606e-02   1.6370821e-01   4.4470875e-01   1.2080388e+00
   1.9178611e-02   4.8439641e-02   2.0627119e-02   2.2185030e-02   2.3860606e-02   1.6370821e-01   4.4470875e-01   1.2080388e+00
   4.8439641e-02   1.9178611e-02   2.0627119e-02   2.2185030e-02   2.3860606e-02   1.6370821e-01   4.4470875e-01   1.2080388e+00
   3.0064196e-03   7.5933491e-03   2.0627119e-02   5.6032990e-02   1.5221204e-01   6.4816665e-02   4.4470875e-01   1.2080388e+00
   7.5933491e-03   3.0064196e-03   2.0627119e-02   5.6032990e-02   1.5221204e-01   6.4816665e-02   4.4470875e-01   1.2080388e+00
   7.5933491e-03   1.9178611e-02   8.1668543e-03   5.6032990e-02   1.5221204e-01   6.4816665e-02   4.4470875e-01   1.2080388e+00
   1.9178611e-02   7.5933491e-03   8.1668543e-03   5.6032990e-02   1.5221204e-01   6.4816665e-02   4.4470875e-01   1.2080388e+00
   7.5933491e-03   1.9178611e-02   5.2098157e-02   2.2185030e-02   1.5221204e-01   6.4816665e-02   4.4470875e-01   1.2080388e+00
   1.9178611e-02   7.5933491e-03   5.2098157e-02   2.2185030e-02   1.5221204e-01   6.4816665e-02   4.4470875e-01   1.2080388e+00
   1.9178611e-02   4.8439641e-02   2.0627119e-02   2.2185030e-02   1.5221204e-01   6.4816665e-02   4.4470875e-01   1.2080388e+00
   4.8439641e-02   1.9178611e-02   2.0627119e-02   2.2185030e-02   1.5221204e-01   6.4816665e-02   4.4470875e-01   1.2080388e+00
   7.5933491e-03   1.9178611e-02   5.2098157e-02   1.4152318e-01   6.0265011e-02   6.4816665e-02   4.4470875e-01   1.2080388e+00
   1.9178611e-02   7.5933491e-03   5.2098157e-02   1.4152318e-01   6.0265011e-02   6.4816665e-02   4.4470875e-01   1.2080388e+00
   1.9178611e-02   4.8439641e-02   2.0627119e-02   1.4152318e-01   6.0265011e-02   6.4816665e-02   4.4470875e-01   1.2080388e+00
   4.8439641e-02   1.9178611e-02   2.0627119e-02   1.4152318e-01   6.0265011e-02   6.4816665e-02   4.4470875e-01   1.2080388e+00
   1.9178611e-02   4.8439641e-02   1.3158492e-01   5.6032990e-02   6.0265011e-02   6.4816665e-02   4.4470875e-01   1.2080388e+00
   4.8439641e-02   1.9178611e-02   1.3158492e-01   5.6032990e-02   6.0265011e-02   6.4816665e-02   4.4470875e-01   1.2080388e+00
   4.8439641e-02   1.2234457e-01   5.2098157e-02   5.6032990e-02   6.0265011e-02   6.4816665e-02   4.4470875e-01   1.2080388e+00
   1.2234457e-01   4.8439641e-02   5.2098157e-02   5.6032990e-02   6.0265011e-02   6.4816665e-02   4.4470875e-01   1.2080388e+00
   3.0064196e-03   7.5933491e-03   2.0627119e-02   5.6032990e-02   1.5221204e-01   4.1347974e-01   1.7607265e-01   1.2080388e+00
   7.5933491e-03   3.0064196e-03   2.0627119e-02   5.6032990e-02   1.5221204e-01   4.1347974e-01   1.7607265e-01   1.2080388e+00
   7.5933491e-03   1.9178611e-02   8.1668543e-03   5.6032990e-02   1.5221204e-01   4.1347974e-01   1.7607265e-01   1.2080388e+00
   1.9178611e-02   7.5933491e-03   8.1668543e-03   5.6032990e-02   1.5221204e-01   4.1347974e-01   1.7607265e-01   1.2080388e+00
   7.5933491e-03   1.9178611e-02   5.2098157e-02   2.2185030e-02   1.5221204e-01   4.1347974e-01   1.7607265e-01   1.2080388e+00
   1.9178611e-02   7.5933491e-03   5.2098157e-02   2.2185030e-02   1.5221204e-01   4.1347974e-01   1.7607265e-01   1.2080388e+00
   1.9178611e-02   4.8439641e-02   2.0627119e-02   2.2185030e-02   1.5221204e-01   4.1347974e-01   1.7607265e-01   1.2080388e+00
   4.8439641e-02   1.9178611e-02   2.0627119e-02   2.2185030e-02   1.5221204e-01   4.1347974e-01   1.7607265e-01   1.2080388e+00
   7.5933491e-03   1.9178611e-02   5.2098157e-02   1.4152318e-01   6.0265011e-02   4.1347974e-01   1.7607265e-01   1.2080388e+00
   1.9178611e-02   7.5933491e-03   5.2098157e-02   1.4152318e-01   6.0265011e-02   4.1347974e-01   1.7607265e-01   1.2080388e+00
   1.9178611e-02   4.8439641e-02   2.0627119e-02   1.4152318e-01   6.0265011e-02   4.1347974e-01   1.7607265e-01   1.2080388e+00
   4.8439641e-02   1.9178611e-02   2.0627119e-02   1.4152318e-01   6.0265011e-02   4.1347974e-01   1.7607265e-01   1.2080388e+00
   1.9178611e-02   4.8439641e-02   1.3158492e-01   5.6032990e-02   6.0265011e-02   4.1347974e-01   1.7607265e-01   1.2080388e+00
   4.8439641e-02   1.9178611e-02   1.3158492e-01   5.6032990e-02   6.0265011e-02   4.1347974e-01   1.7607265e-01   1.2080388e+00
   4.8439641e-02   1.2234457e-01   5.2098157e-02   5.6032990e-02   6.0265011e-02   4.1347974e-01   1.7607265e-01   1.2080388e+00
   1.2234457e-01   4.8439641e-02   5.2098157e-02   5.6032990e-02   6.0265011e-02   4.1347974e-01   1.7607265e-01   1.2080388e+00
   7.5933491e-03   1.9178611e-02   5.2098157e-02   1.4152318e-01   3.8444374e-01   1.6370821e-01   1.7607265e-01   1.2080388e+00
   1.9178611e-02   7.5933491e-03   5.2098157e-02   1.4152318e-01   3.8444374e-01   1.6370821e-01   1.7607265e-01   1.2080388e+00
   1.9178611e-02   4.8439641e-02   2.0627119e-02   1.4152318e-01   3.8444374e-01   1.6370821e-01   1.7607265e-01   1.2080388e+00
   4.8439641e-02   1.9178611e-02   2.0627119e-02   1.4152318e-01   3.8444374e-01   1.6370821e-01   1.7607265e-01   1.2080388e+00
   1.9178611e-02   4.8439641e-02   1.3158492e-01   5.6032990e-02   3.8444374e-01   1.6370821e-01   1.7607265e-01   1.2080388e+00
   4.8439641e-02   1.9178611e-02   1.3158492e-01   5.6032990e-02   3.8444374e-01   1.6370821e-01   1.7607265e-01   1.2080388e+00
   4.8439641e-02   1.2234457e-01   5.2098157e-02   5.6032990e-02   3.8444374e-01   1.6370821e-01   1.7607265e-01   1.2080388e+00
   1.2234457e-01   4.8439641e-02   5.2098157e-02   5.6032990e-02   3.8444374e-01   1.6370821e-01   1.7607265e-01   1.2080388e+00
   1.9178611e-02   4.8439641e-02   1.3158492e-01   3.5744675e-01   1.5221204e-01   1.6370821e-01   1.7607265e-01   1.2080388e+00
   4.8439641e-02   1.9178611e-02   1.3158492e-01   3.5744675e-01   1.5221204e-01   1.6370821e-01   1.7607265e-01   1.2080388e+00
   4.8439641e-02   1.2234457e-01   5.2098157e-02   3.5744675e-01   1.5221204e-01   1.6370821e-01   1.7607265e-01   1.2080388e+00
   1.2234457e-01   4.8439641e-02   5.2098157e-02   3.5744675e-01   1.5221204e-01   1.6370821e-01   1.7607265e-01   1.2080388e+00
   4.8439641e-02   1.2234457e-01   3.3234558e-01   1.4152318e-01   1.5221204e-01   1.6370821e-01   1.7607265e-01   1.2080388e+00
   1.2234457e-01   4.8439641e-02   3.3234558e-01   1.4152318e-01   1.5221204e-01   1.6370821e-01   1.7607265e-01   1.2080388e+00
   1.2234457e-01   3.0900710e-01   1.3158492e-01   1.4152318e-01   1.5221204e-01   1.6370821e-01   1.7607265e-01   1.2080388e+00
   3.0900710e-01   1.2234457e-01   1.3158492e-01   1.4152318e-01   1.5221204e-01   1.6370821e-01   1.7607265e-01   1.2080388e+00
   3.0064196e-03   7.5933491e-03   2.0627119e-02   5.6032990e-02   1.5221204e-01   4.1347974e-01   1.1232061e+00   4.7829640e-01
   7.5933491e-03   3.0064196e-03   2.0627119e-02   5.6032990e-02   1.5221204e-01   4.1347974e-01   1.1232061e+00   4.7829640e-01
   7.5933491e-03   1.9178611e-02   8.1668543e-03   5.6032990e-02   1.5221204e-01   4.1347974e-01   1.1232061e+00   4.7829640e-01
   1.9178611e-02   7.5933491e-03   8.1668543e-03   5.6032990e-02   1.5221204e-01   4.1347974e-01   1.1232061e+00   4.7829640e-01
   7.5933491e-03   1.9178611e-02   5.2098157e-02   2.2185030e-02   1.5221204e-01   4.1347974e-01   1.1232061e+00   4.7829640e-01
   1.9178611e-02   7.5933491e-03   5.2098157e-02   2.2185030e-02   1.5221204e-01   4.1347974e-01   1.1232061e+00   4.7829640e-01
   1.9178611e-02   4.8439641e-02   2.0627119e-02   2.2185030e-02   1.5221204e-01   4.1347974e-01   1.1232061e+00   4.7829640e-01
   4.8439641e-02   1.9178611e-02   2.0627119e-02   2.2185030e-02   1.5221204e-01   4.1347974e-01   1.1232061e+00   4.7829640e-01
   7.5933491e-03   1.9178611e-02   5.2098157e-02   1.4152318e-01   6.0265011e-02   4.1347974e-01   1.1232061e+00   4.7829640e-01
   1.9178611e-02   7.5933491e-03   5.2098157e-02   1.4152318e-01   6.0265011e-02   4.1347974e-01   1.1232061e+00   4.7829640e-01
   1.9178611e-02   4.8439641e-02   2.0627119e-02   1.4152318e-01   6.0265011e-02   4.1347974e-01   1.1232061e+00   4.7829640e-01
   4.8439641e-02   1.9178611e-02   2.0627119e-02   1.4152318e-01   6.0265011e-02   4.1347974e-01   1.1232061e+00   4.7829640e-01
   1.9178611e-02   4.8439641e-02   1.3158492e-01   5.6032990e-02   6.0265011e-02   4.1347974e-01   1.1232061e+00   4.7829640e-01
   4.8439641e-02   1.9178611e-02   1.3158492e-01   5.6032990e-02   6.0265011e-02   4.1347974e-01   1.1232061e+00   4.7829640e-01
   4.8439641e-02   1.2234457e-01   5.2098157e-02   5.6032990e-02   6.0265011e-02   4.1347974e-01   1.1232061e+00   4.7829640e-01
   1.2234457e-01   4.8439641e-02   5.2098157e-02   5.6032990e-02   6.0265011e-02   4.1347974e-01   1.1232061e+00   4.7829640e-01
   7.5933491e-03   1.9178611e-02   5.2098157e-02   1.4152318e-01   3.8444374e-01   1.6370821e-01   1.1232061e+00   4.7829640e-01
   1.9178611e-02   7.5933491e-03   5.2098157e-02   1.4152318e-01   3.8444374e-01   1.6370821e-01   1.1232061e+00   4.7829640e-01
   1.9178611e-02   4.8439641e-02   2.0627119e-02   1.4152318e-01   3.8444374e-01   1.6370821e-01   1.1232061e+00   4.7829640e-01
   4.8439641e-02   1.9178611e-02   2.0627119e-02   1.4152318e-01   3.8444374e-01   1.6370821e-01   1.1232061e+00   4.7829640e-01
   1.9178611e-02   4.8439641e-02   1.3158492e-01   5.6032990e-02   3.8444374e-01   1.6370821e-01   1.1232061e+00   4.7829640e-01
   4.8439641e-02   1.9178611e-02   1.3158492e-01   5.6032990e-02   3.8444374e-01   1.6370821e-01   1.1232061e+00   4.7829640e-01
   4.8439641e-02   1.2234457e-01   5.2098157e-02   5.6032990e-02   3.8444374e-01   1.6370821e-01   1.1232061e+00   4.7829640e-01
   1.2234457e-01   4.8439641e-02   5.2098157e-02   5.6032990e-02   3.8444374e-01   1.6370821e-01   1.1232061e+00   4.7829640e-01
   1.9178611e-02   4.8439641e-02   1.3158492e-01   3.5744675e-01   1.5221204e-01   1.6370821e-01   1.1232061e+00   4.7829640e-01
   4.8439641e-02   1.9178611e-02   1.3158492e-01   3.5744675e-01   1.5221204e-01   1.6370821e-01   1.1232061e+00   4.7829640e-01
   4.8439641e-02   1.2234457e-01   5.2098157e-02   3.5744675e-01   1.5221204e-01   1.6370821e-01   1.1232061e+00   4.7829640e-01
   1.2234457e-01   4.8439641e-02   5.2098157e-02   3.5744675e-01   1.5221204e-01   1.6370821e-01   1.1232061e+00   4.7829640e-01
   4.8439641e-02   1.2234457e-01   3.3234558e-01   1.4152318e-01   1.5221204e-01   1.6370821e-01   1.1232061e+00   4.7829640e-01
   1.2234457e-01   4.8439641e-02   3.3234558e-01   1.4152318e-01   1.5221204e-01   1.6370821e-01   1.1232061e+00   4.7829640e-01
   1.2234457e-01   3.0900710e-01   1.3158492e-01   1.4152318e-01   1.5221204e-01   1.6370821e-01   1.1232061e+00   4.7829640e-01
   3.0900710e-01   1.2234457e-01   1.3158492e-01   1.4152318e-01   1.5221204e-01   1.6370821e-01   1.1232061e+00   4.7829640e-01
   7.5933491e-03   1.9178611e-02   5.2098157e-02   1.4152318e-01   3.8444374e-01   1.0443306e+00   4.4470875e-01   4.7829640e-01
   1.9178611e-02   7.5933491e-03   5.2098157e-02   1.4152318e-01   3.8444374e-01   1.0443306e+00   4.4470875e-01   4.7829640e-01
   1.9178611e-02   4.8439641e-02   2.0627119e-02   1.4152318e-01   3.8444374e-01   1.0443306e+00   4.4470875e-01   4.7829640e-01
   4.8439641e-02   1.9178611e-02   2.0627119e-02   1.4152318e-01   3.8444374e-01   1.0443306e+00   4.4470875e-01   4.7829640e-01
   1.9178611e-02   4.8439641e-02   1.3158492e-01   5.6032990e-02   3.8444374e-01   1.0443306e+00   4.4470875e-01   4.7829640e-01
   4.8439641e-02   1.9178611e-02   1.3158492e-01   5.6032990e-02   3.8444374e-01   1.0443306e+00   4.4470875e-01   4.7829640e-01
   4.8439641e-02   1.2234457e-01   5.2098157e-02   5.6032990e-02   3.8444374e-01   1.0443306e+00   4.4470875e-01   4.7829640e-01
   1.2234457e-01   4.8439641e-02   5.2098157e-02   5.6032990e-02   3.8444374e-01   1.0443306e+00   4.4470875e-01   4.7829640e-01
   1.9178611e-02   4.8439641e-02   1.3158492e-01   3.5744675e-01   1.5221204e-01   1.0443306e+00   4.4470875e-01   4.7829640e-01
   4.8439641e-02   1.9178611e-02   1.3158492e-01   3.5744675e-01   1.5221204e-01   1.0443306e+00   4.4470875e-01   4.7829640e-01
   4.8439641e-02   1.2234457e-01   5.2098157e-02   3.5744675e-01   1.5221204e-01   1.0443306e+00   4.4470875e-01   4.7829640e-01
   1.2234457e-01   4.8439641e-02   5.2098157e-02   3.5744675e-01   1.5221204e-01   1.0443306e+00   4.4470875e-01   4.7829640e-01
   4.8439641e-02   1.2234457e-01   3.3234558e-01   1.4152318e-01   1.5221204e-01   1.0443306e+00   4.4470875e-01   4.7829640e-01
   1.2234457e-01   4.8439641e-02   3.3234558e-01   1.4152318e-01   1.5221204e-01   1.0443306e+00   4.4470875e-01   4.7829640e-01
   1.2234457e-01   3.0900710e-01   1.3158492e-01   1.4152318e-01   1.5221204e-01   1.0443306e+00   4.4470875e-01   4.7829640e-01
   3.0900710e-01   1.2234457e-01   1.3158492e-01   1.4152318e-01   1.5221204e-01   1.0443306e+00   4.4470875e-01   4.7829640e-01
   1.9178611e-02   4.8439641e-02   1.3158492e-01   3.5744675e-01   9.7099404e-01   4.1347974e-01   4.4470875e-01   4.7829640e-01
   4.8439641e-02   1.9178611e-02   1.3158492e-01   3.5744675e-01   9.7099404e-01   4.1347974e-01   4.4470875e-01   4.7829640e-01
   4.8439641e-02   1.2234457e-01   5.2098157e-02   3.5744675e-01   9.7099404e-01   4.1347974e-01   4.4470875e-01   4.7829640e-01
   1.2234457e-01   4.8439641e-02   5.2098157e-02   3.5744675e-01   9.7099404e-01   4.1347974e-01   4.4470875e-01   4.7829640e-01
   4.8439641e-02   1.2234457e-01   3.3234558e-01   1.4152318e-01   9.7099404e-01   4.1347974e-01   4.4470875e-01   4.7829640e-01
   1.2234457e-01   4.8439641e-02   3.3234558e-01   1.4152318e-01   9.7099404e-01   4.1347974e-01   4.4470875e-01   4.7829640e-01
   1.2234457e-01   3.0900710e-01   1.3158492e-01   1.4152318e-01   9.7099404e-01   4.1347974e-01   4.4470875e-01   4.7829640e-01
   3.0900710e-01   1.2234457e-01   1.3158492e-01   1.4152318e-01   9.7099404e-01   4.1347974e-01   4.4470875e-01   4.7829640e-01
   4.8439641e-02   1.2234457e-01   3.3234558e-01   9.0280742e-01   3.8444374e-01   4.1347974e-01   4.4470875e-01   4.7829640e-01
   1.2234457e-01   4.8439641e-02   3.3234558e-01   9.0280742e-01   3.8444374e-01   4.1347974e-01   4.4470875e-01   4.7829640e-01
   1.2234457e-01   3.0900710e-01   1.3158492e-01   9.0280742e-01   3.8444374e-01   4.1347974e-01   4.4470875e-01   4.7829640e-01
   3.0900710e-01   1.2234457e-01   1.3158492e-01   9.0280742e-01   3.8444374e-01   4.1347974e-01   4.4470875e-01   4.7829640e-01
   1.2234457e-01   3.0900710e-01   8.3940911e-01   3.5744675e-01   3.8444374e-01   4.1347974e-01   4.4470875e-01   4.7829640e-01
   3.0900710e-01   1.2234457e-01   8.3940911e-01   3.5744675e-01   3.8444374e-01   4.1347974e-01   4.4470875e-01   4.7829640e-01
   3.0900710e-01   7.8046286e-01   3.3234558e-01   3.5744675e-01   3.8444374e-01   4.1347974e-01   4.4470875e-01   4.7829640e-01
   7.8046286e-01   3.0900710e-01   3.3234558e-01   3.5744675e-01   3.8444374e-01   4.1347974e-01   4.4470875e-01   4.7829640e-01
