   2.6259228e-02   4.1461938e-03   1.0911036e-02   7.1783134e-03   1.8890298e-02   1.2427828e-02   3.2704810e-02   2.1516323e-02   1.1953513e-01   9.9612605e-02
   2.0765768e-02   6.9219228e-03   1.0929352e-02   7.1903630e-03   1.8922008e-02   1.2448689e-02   3.2759709e-02   2.1552440e-02   1.1973578e-01   9.9779816e-02
   2.0765768e-02   3.2788055e-03   1.8215586e-02   7.1903630e-03   1.8922008e-02   1.2448689e-02   3.2759709e-02   2.1552440e-02   1.1973578e-01   9.9779816e-02
   1.6421547e-02   5.4738490e-03   1.8246163e-02   7.2024329e-03   1.8953771e-02   1.2469586e-02   3.2814700e-02   2.1588618e-02   1.1993677e-01   9.9947308e-02
   2.0765768e-02   3.2788055e-03   8.6284356e-03   1.1983938e-02   1.8922008e-02   1.2448689e-02   3.2759709e-02   2.1552440e-02   1.1973578e-01   9.9779816e-02
   1.6421547e-02   5.4738490e-03   8.6429195e-03   1.2004055e-02   1.8953771e-02   1.2469586e-02   3.2814700e-02   2.1588618e-02   1.1993677e-01   9.9947308e-02
   1.6421547e-02   2.5928758e-03   1.4404866e-02   1.2004055e-02   1.8953771e-02   1.2469586e-02   3.2814700e-02   2.1588618e-02   1.1993677e-01   9.9947308e-02
   1.2986141e-02   4.3287138e-03   1.4429046e-02   1.2024205e-02   1.8985587e-02   1.2490518e-02   3.2869783e-02   2.1624857e-02   1.2013810e-01   1.0011508e-01
   2.0765768e-02   3.2788055e-03   8.6284356e-03   5.6766024e-03   3.1536680e-02   1.2448689e-02   3.2759709e-02   2.1552440e-02   1.1973578e-01   9.9779816e-02
   1.6421547e-02   5.4738490e-03   8.6429195e-03   5.6861312e-03   3.1589618e-02   1.2469586e-02   3.2814700e-02   2.1588618e-02   1.1993677e-01   9.9947308e-02
   1.6421547e-02   2.5928758e-03   1.4404866e-02   5.6861312e-03   3.1589618e-02   1.2469586e-02   3.2814700e-02   2.1588618e-02   1.1993677e-01   9.9947308e-02
   1.2986141e-02   4.3287138e-03   1.4429046e-02   5.6956760e-03   3.1642645e-02   1.2490518e-02   3.2869783e-02   2.1624857e-02   1.2013810e-01   1.0011508e-01
   1.6421547e-02   2.5928758e-03   6.8233575e-03   9.4768854e-03   3.1589618e-02   1.2469586e-02   3.2814700e-02   2.1588618e-02   1.1993677e-01   9.9947308e-02
   1.2986141e-02   4.3287138e-03   6.8348113e-03   9.4927934e-03   3.1642645e-02   1.2490518e-02   3.2869783e-02   2.1624857e-02   1.2013810e-01   1.0011508e-01
   1.2986141e-02   2.0504434e-03   1.1391352e-02   9.4927934e-03   3.1642645e-02   1.2490518e-02   3.2869783e-02   2.1624857e-02   1.2013810e-01   1.0011508e-01
   1.0269426e-02   3.4231421e-03   1.1410474e-02   9.5087282e-03   3.1695761e-02   1.2511484e-02   3.2924959e-02   2.1661157e-02   1.2033976e-01   1.0028314e-01
   2.0765768e-02   3.2788055e-03   8.6284356e-03   5.6766024e-03   1.4938427e-02   2.0747816e-02   3.2759709e-02   2.1552440e-02   1.1973578e-01   9.9779816e-02
   1.6421547e-02   5.4738490e-03   8.6429195e-03   5.6861312e-03   1.4963503e-02   2.0782643e-02   3.2814700e-02   2.1588618e-02   1.1993677e-01   9.9947308e-02
   1.6421547e-02   2.5928758e-03   1.4404866e-02   5.6861312e-03   1.4963503e-02   2.0782643e-02   3.2814700e-02   2.1588618e-02   1.1993677e-01   9.9947308e-02
   1.2986141e-02   4.3287138e-03   1.4429046e-02   5.6956760e-03   1.4988621e-02   2.0817529e-02   3.2869783e-02   2.1624857e-02   1.2013810e-01   1.0011508e-01
   1.6421547e-02   2.5928758e-03   6.8233575e-03   9.4768854e-03   1.4963503e-02   2.0782643e-02   3.2814700e-02   2.1588618e-02   1.1993677e-01   9.9947308e-02
   1.2986141e-02   4.3287138e-03   6.8348113e-03   9.4927934e-03   1.4988621e-02   2.0817529e-02   3.2869783e-02   2.1624857e-02   1.2013810e-01   1.0011508e-01
   1.2986141e-02   2.0504434e-03   1.1391352e-02   9.4927934e-03   1.4988621e-02   2.0817529e-02   3.2869783e-02   2.1624857e-02   1.2013810e-01   1.0011508e-01
   1.0269426e-02   3.4231421e-03   1.1410474e-02   9.5087282e-03   1.5013781e-02   2.0852474e-02   3.2924959e-02   2.1661157e-02   1.2033976e-01   1.0028314e-01
   1.6421547e-02   2.5928758e-03   6.8233575e-03   4.4890510e-03   2.4939172e-02   2.0782643e-02   3.2814700e-02   2.1588618e-02   1.1993677e-01   9.9947308e-02
   1.2986141e-02   4.3287138e-03   6.8348113e-03   4.4965864e-03   2.4981035e-02   2.0817529e-02   3.2869783e-02   2.1624857e-02   1.2013810e-01   1.0011508e-01
   1.2986141e-02   2.0504434e-03   1.1391352e-02   4.4965864e-03   2.4981035e-02   2.0817529e-02   3.2869783e-02   2.1624857e-02   1.2013810e-01   1.0011508e-01
   1.0269426e-02   3.4231421e-03   1.1410474e-02   4.5041344e-03   2.5022969e-02   2.0852474e-02   3.2924959e-02   2.1661157e-02   1.2033976e-01   1.0028314e-01
   1.2986141e-02   2.0504434e-03   5.3959036e-03   7.4943106e-03   2.4981035e-02   2.0817529e-02   3.2869783e-02   2.1624857e-02   1.2013810e-01   1.0011508e-01
   1.0269426e-02   3.4231421e-03   5.4049613e-03   7.5068906e-03   2.5022969e-02   2.0852474e-02   3.2924959e-02   2.1661157e-02   1.2033976e-01   1.0028314e-01
   1.0269426e-02   1.6214884e-03   9.0082688e-03   7.5068906e-03   2.5022969e-02   2.0852474e-02   3.2924959e-02   2.1661157e-02   1.2033976e-01   1.0028314e-01
   8.1210512e-03   2.7070171e-03   9.0233902e-03   7.5194918e-03   2.5064973e-02   2.0887477e-02   3.2980227e-02   2.1697518e-02   1.2054177e-01   1.0045147e-01
   2.0765768e-02   3.2788055e-03   8.6284356e-03   5.6766024e-03   1.4938427e-02   9.8279127e-03   5.4599515e-02   2.1552440e-02   1.1973578e-01   9.9779816e-02
   1.6421547e-02   5.4738490e-03   8.6429195e-03   5.6861312e-03   1.4963503e-02   9.8444100e-03   5.4691167e-02   2.1588618e-02   1.1993677e-01   9.9947308e-02
   1.6421547e-02   2.5928758e-03   1.4404866e-02   5.6861312e-03   1.4963503e-02   9.8444100e-03   5.4691167e-02   2.1588618e-02   1.1993677e-01   9.9947308e-02
   1.2986141e-02   4.3287138e-03   1.4429046e-02   5.6956760e-03   1.4988621e-02   9.8609350e-03   5.4782972e-02   2.1624857e-02   1.2013810e-01   1.0011508e-01
   1.6421547e-02   2.5928758e-03   6.8233575e-03   9.4768854e-03   1.4963503e-02   9.8444100e-03   5.4691167e-02   2.1588618e-02   1.1993677e-01   9.9947308e-02
   1.2986141e-02   4.3287138e-03   6.8348113e-03   9.4927934e-03   1.4988621e-02   9.8609350e-03   5.4782972e-02   2.1624857e-02   1.2013810e-01   1.0011508e-01
   1.2986141e-02   2.0504434e-03   1.1391352e-02   9.4927934e-03   1.4988621e-02   9.8609350e-03   5.4782972e-02   2.1624857e-02   1.2013810e-01   1.0011508e-01
   1.0269426e-02   3.4231421e-03   1.1410474e-02   9.5087282e-03   1.5013781e-02   9.8774877e-03   5.4874932e-02   2.1661157e-02   1.2033976e-01   1.0028314e-01
   1.6421547e-02   2.5928758e-03   6.8233575e-03   4.4890510e-03   2.4939172e-02   9.8444100e-03   5.4691167e-02   2.1588618e-02   1.1993677e-01   9.9947308e-02
   1.2986141e-02   4.3287138e-03   6.8348113e-03   4.4965864e-03   2.4981035e-02   9.8609350e-03   5.4782972e-02   2.1624857e-02   1.2013810e-01   1.0011508e-01
   1.2986141e-02   2.0504434e-03   1.1391352e-02   4.4965864e-03   2.4981035e-02   9.8609350e-03   5.4782972e-02   2.1624857e-02   1.2013810e-01   1.0011508e-01
   1.0269426e-02   3.4231421e-03   1.1410474e-02   4.5041344e-03   2.5022969e-02   9.8774877e-03   5.4874932e-02   2.1661157e-02   1.2033976e-01   1.0028314e-01
   1.2986141e-02   2.0504434e-03   5.3959036e-03   7.4943106e-03   2.4981035e-02   9.8609350e-03   5.4782972e-02   2.1624857e-02   1.2013810e-01   1.0011508e-01
   1.0269426e-02   3.4231421e-03   5.4049613e-03   7.5068906e-03   2.5022969e-02   9.8774877e-03   5.4874932e-02   2.1661157e-02   1.2033976e-01   1.0028314e-01
   1.0269426e-02   1.6214884e-03   9.0082688e-03   7.5068906e-03   2.5022969e-02   9.8774877e-03   5.4874932e-02   2.1661157e-02   1.2033976e-01   1.0028314e-01
   8.1210512e-03   2.7070171e-03   9.0233902e-03   7.5194918e-03   2.5064973e-02   9.8940682e-03   5.4967045e-02   2.1697518e-02   1.2054177e-01   1.0045147e-01
   1.6421547e-02   2.5928758e-03   6.8233575e-03   4.4890510e-03   1.1813292e-02   1.6407350e-02   5.4691167e-02   2.1588618e-02   1.1993677e-01   9.9947308e-02
   1.2986141e-02   4.3287138e-03   6.8348113e-03   4.4965864e-03   1.1833122e-02   1.6434892e-02   5.4782972e-02   2.1624857e-02   1.2013810e-01   1.0011508e-01
   1.2986141e-02   2.0504434e-03   1.1391352e-02   4.4965864e-03   1.1833122e-02   1.6434892e-02   5.4782972e-02   2.1624857e-02   1.2013810e-01   1.0011508e-01
   1.0269426e-02   3.4231421e-03   1.1410474e-02   4.5041344e-03   1.1852985e-02   1.6462479e-02   5.4874932e-02   2.1661157e-02   1.2033976e-01   1.0028314e-01
   1.2986141e-02   2.0504434e-03   5.3959036e-03   7.4943106e-03   1.1833122e-02   1.6434892e-02   5.4782972e-02   2.1624857e-02   1.2013810e-01   1.0011508e-01
   1.0269426e-02   3.4231421e-03   5.4049613e-03   7.5068906e-03   1.1852985e-02   1.6462479e-02   5.4874932e-02   2.1661157e-02   1.2033976e-01   1.0028314e-01
   1.0269426e-02   1.6214884e-03   9.0082688e-03   7.5068906e-03   1.1852985e-02   1.6462479e-02   5.4874932e-02   2.1661157e-02   1.2033976e-01   1.0028314e-01
   8.1210512e-03   2.7070171e-03   9.0233902e-03   7.5194918e-03   1.1872882e-02   1.6490114e-02   5.4967045e-02   2.1697518e-02   1.2054177e-01   1.0045147e-01
   1.2986141e-02   2.0504434e-03   5.3959036e-03   3.5499366e-03   1.9721870e-02   1.6434892e-02   5.4782972e-02   2.1624857e-02   1.2013810e-01   1.0011508e-01
   1.0269426e-02   3.4231421e-03   5.4049613e-03   3.5558956e-03   1.9754975e-02   1.6462479e-02   5.4874932e-02   2.1661157e-02   1.2033976e-01   1.0028314e-01
   1.0269426e-02   1.6214884e-03   9.0082688e-03   3.5558956e-03   1.9754975e-02   1.6462479e-02   5.4874932e-02   2.1661157e-02   1.2033976e-01   1.0028314e-01
   8.1210512e-03   2.7070171e-03   9.0233902e-03   3.5618645e-03   1.9788136e-02   1.6490114e-02   5.4967045e-02   2.1697518e-02   1.2054177e-01   1.0045147e-01
   1.0269426e-02   1.6214884e-03   4.2670747e-03   5.9264926e-03   1.9754975e-02   1.6462479e-02   5.4874932e-02   2.1661157e-02   1.2033976e-01   1.0028314e-01
   8.1210512e-03   2.7070171e-03   4.2742375e-03   5.9364409e-03   1.9788136e-02   1.6490114e-02   5.4967045e-02   2.1697518e-02   1.2054177e-01   1.0045147e-01
   8.1210512e-03   1.2822712e-03   7.1237291e-03   5.9364409e-03   1.9788136e-02   1.6490114e-02   5.4967045e-02   2.1697518e-02   1.2054177e-01   1.0045147e-01
   6.4221184e-03   2.1407061e-03   7.1356871e-03   5.9464059e-03   1.9821353e-02   1.6517794e-02   5.5059314e-02   2.1733940e-02   1.2074411e-01   1.0062009e-01
   2.0765768e-02   3.2788055e-03   8.6284356e-03   5.6766024e-03   1.4938427e-02   9.8279127e-03   2.5862928e-02   3.5920734e-02   1.1973578e-01   9.9779816e-02
   1.6421547e-02   5.4738490e-03   8.6429195e-03   5.6861312e-03   1.4963503e-02   9.8444100e-03   2.5906342e-02   3.5981031e-02   1.1993677e-01   9.9947308e-02
   1.6421547e-02   2.5928758e-03   1.4404866e-02   5.6861312e-03   1.4963503e-02   9.8444100e-03   2.5906342e-02   3.5981031e-02   1.1993677e-01   9.9947308e-02
   1.2986141e-02   4.3287138e-03   1.4429046e-02   5.6956760e-03   1.4988621e-02   9.8609350e-03   2.5949829e-02   3.6041429e-02   1.2013810e-01   1.0011508e-01
   1.6421547e-02   2.5928758e-03   6.8233575e-03   9.4768854e-03   1.4963503e-02   9.8444100e-03   2.5906342e-02   3.5981031e-02   1.1993677e-01   9.9947308e-02
   1.2986141e-02   4.3287138e-03   6.8348113e-03   9.4927934e-03   1.4988621e-02   9.8609350e-03   2.5949829e-02   3.6041429e-02   1.2013810e-01   1.0011508e-01
   1.2986141e-02   2.0504434e-03   1.1391352e-02   9.4927934e-03   1.4988621e-02   9.8609350e-03   2.5949829e-02   3.6041429e-02   1.2013810e-01   1.0011508e-01
   1.0269426e-02   3.4231421e-03   1.1410474e-02   9.5087282e-03   1.5013781e-02   9.8774877e-03   2.5993389e-02   3.6101929e-02   1.2033976e-01   1.0028314e-01
   1.6421547e-02   2.5928758e-03   6.8233575e-03   4.4890510e-03   2.4939172e-02   9.8444100e-03   2.5906342e-02   3.5981031e-02   1.1993677e-01   9.9947308e-02
   1.2986141e-02   4.3287138e-03   6.8348113e-03   4.4965864e-03   2.4981035e-02   9.8609350e-03   2.5949829e-02   3.6041429e-02   1.2013810e-01   1.0011508e-01
   1.2986141e-02   2.0504434e-03   1.1391352e-02   4.4965864e-03   2.4981035e-02   9.8609350e-03   2.5949829e-02   3.6041429e-02   1.2013810e-01   1.0011508e-01
   1.0269426e-02   3.4231421e-03   1.1410474e-02   4.5041344e-03   2.5022969e-02   9.8774877e-03   2.5993389e-02   3.6101929e-02   1.2033976e-01   1.0028314e-01
   1.2986141e-02   2.0504434e-03   5.3959036e-03   7.4943106e-03   2.4981035e-02   9.8609350e-03   2.5949829e-02   3.6041429e-02   1.2013810e-01   1.0011508e-01
   1.0269426e-02   3.4231421e-03   5.4049613e-03   7.5068906e-03   2.5022969e-02   9.8774877e-03   2.5993389e-02   3.6101929e-02   1.2033976e-01   1.0028314e-01
   1.0269426e-02   1.6214884e-03   9.0082688e-03   7.5068906e-03   2.5022969e-02   9.8774877e-03   2.5993389e-02   3.6101929e-02   1.2033976e-01   1.0028314e-01
   8.1210512e-03   2.7070171e-03   9.0233902e-03   7.5194918e-03   2.5064973e-02   9.8940682e-03   2.6037022e-02   3.6162530e-02   1.2054177e-01   1.0045147e-01
   1.6421547e-02   2.5928758e-03   6.8233575e-03   4.4890510e-03   1.1813292e-02   1.6407350e-02   2.5906342e-02   3.5981031e-02   1.1993677e-01   9.9947308e-02
   1.2986141e-02   4.3287138e-03   6.8348113e-03   4.4965864e-03   1.1833122e-02   1.6434892e-02   2.5949829e-02   3.6041429e-02   1.2013810e-01   1.0011508e-01
   1.2986141e-02   2.0504434e-03   1.1391352e-02   4.4965864e-03   1.1833122e-02   1.6434892e-02   2.5949829e-02   3.6041429e-02   1.2013810e-01   1.0011508e-01
   1.0269426e-02   3.4231421e-03   1.1410474e-02   4.5041344e-03   1.1852985e-02   1.6462479e-02   2.5993389e-02   3.6101929e-02   1.2033976e-01   1.0028314e-01
   1.2986141e-02   2.0504434e-03   5.3959036e-03   7.4943106e-03   1.1833122e-02   1.6434892e-02   2.5949829e-02   3.6041429e-02   1.2013810e-01   1.0011508e-01
   1.0269426e-02   3.4231421e-03   5.4049613e-03   7.5068906e-03   1.1852985e-02   1.6462479e-02   2.5993389e-02   3.6101929e-02   1.2033976e-01   1.0028314e-01
   1.0269426e-02   1.6214884e-03   9.0082688e-03   7.5068906e-03   1.1852985e-02   1.6462479e-02   2.5993389e-02   3.6101929e-02   1.2033976e-01   1.0028314e-01
   8.1210512e-03   2.7070171e-03   9.0233902e-03   7.5194918e-03   1.1872882e-02   1.6490114e-02   2.6037022e-02   3.6162530e-02   1.2054177e-01   1.0045147e-01
   1.2986141e-02   2.0504434e-03   5.3959036e-03   3.5499366e-03   1.9721870e-02   1.6434892e-02   2.5949829e-02   3.6041429e-02   1.2013810e-01   1.0011508e-01
   1.0269426e-02   3.4231421e-03   5.4049613e-03   3.5558956e-03   1.9754975e-02   1.6462479e-02   2.5993389e-02   3.6101929e-02   1.2033976e-01   1.0028314e-01
   1.0269426e-02   1.6214884e-03   9.0082688e-03   3.5558956e-03   1.9754975e-02   1.6462479e-02   2.5993389e-02   3.6101929e-02   1.2033976e-01   1.0028314e-01
   8.1210512e-03   2.7070171e-03   9.0233902e-03   3.5618645e-03   1.9788136e-02   1.6490114e-02   2.6037022e-02   3.6162530e-02   1.2054177e-01   1.0045147e-01
   1.0269426e-02   1.6214884e-03   4.2670747e-03   5.9264926e-03   1.9754975e-02   1.6462479e-02   2.5993389e-02   3.6101929e-02   1.2033976e-01   1.0028314e-01
   8.1210512e-03   2.7070171e-03   4.2742375e-03   5.9364409e-03   1.9788136e-02   1.6490114e-02   2.6037022e-02   3.6162530e-02   1.2054177e-01   1.0045147e-01
   8.1210512e-03   1.2822712e-03   7.1237291e-03   5.9364409e-03   1.9788136e-02   1.6490114e-02   2.6037022e-02   3.6162530e-02   1.2054177e-01   1.0045147e-01
   6.4221184e-03   2.1407061e-03   7.1356871e-03   5.9464059e-03   1.9821353e-02   1.6517794e-02   2.6080728e-02   3.6223233e-02   1.2074411e-01   1.0062009e-01
   1.6421547e-02   2.5928758e-03   6.8233575e-03   4.4890510e-03   1.1813292e-02   7.7719026e-03   4.3177237e-02   3.5981031e-02   1.1993677e-01   9.9947308e-02
   1.2986141e-02   4.3287138e-03   6.8348113e-03   4.4965864e-03   1.1833122e-02   7.7849487e-03   4.3249715e-02   3.6041429e-02   1.2013810e-01   1.0011508e-01
   1.2986141e-02   2.0504434e-03   1.1391352e-02   4.4965864e-03   1.1833122e-02   7.7849487e-03   4.3249715e-02   3.6041429e-02   1.2013810e-01   1.0011508e-01
   1.0269426e-02   3.4231421e-03   1.1410474e-02   4.5041344e-03   1.1852985e-02   7.7980166e-03   4.3322314e-02   3.6101929e-02   1.2033976e-01   1.0028314e-01
   1.2986141e-02   2.0504434e-03   5.3959036e-03   7.4943106e-03   1.1833122e-02   7.7849487e-03   4.3249715e-02   3.6041429e-02   1.2013810e-01   1.0011508e-01
   1.0269426e-02   3.4231421e-03   5.4049613e-03   7.5068906e-03   1.1852985e-02   7.7980166e-03   4.3322314e-02   3.6101929e-02   1.2033976e-01   1.0028314e-01
   1.0269426e-02   1.6214884e-03   9.0082688e-03   7.5068906e-03   1.1852985e-02   7.7980166e-03   4.3322314e-02   3.6101929e-02   1.2033976e-01   1.0028314e-01
   8.1210512e-03   2.7070171e-03   9.0233902e-03   7.5194918e-03   1.1872882e-02   7.8111065e-03   4.3395036e-02   3.6162530e-02   1.2054177e-01   1.0045147e-01
   1.2986141e-02   2.0504434e-03   5.3959036e-03   3.5499366e-03   1.9721870e-02   7.7849487e-03   4.3249715e-02   3.6041429e-02   1.2013810e-01   1.0011508e-01
   1.0269426e-02   3.4231421e-03   5.4049613e-03   3.5558956e-03   1.9754975e-02   7.7980166e-03   4.3322314e-02   3.6101929e-02   1.2033976e-01   1.0028314e-01
   1.0269426e-02   1.6214884e-03   9.0082688e-03   3.5558956e-03   1.9754975e-02   7.7980166e-03   4.3322314e-02   3.6101929e-02   1.2033976e-01   1.0028314e-01
   8.1210512e-03   2.7070171e-03   9.0233902e-03   3.5618645e-03   1.9788136e-02   7.8111065e-03   4.3395036e-02   3.6162530e-02   1.2054177e-01   1.0045147e-01
   1.0269426e-02   1.6214884e-03   4.2670747e-03   5.9264926e-03   1.9754975e-02   7.7980166e-03   4.3322314e-02   3.6101929e-02   1.2033976e-01   1.0028314e-01
   8.1210512e-03   2.7070171e-03   4.2742375e-03   5.9364409e-03   1.9788136e-02   7.8111065e-03   4.3395036e-02   3.6162530e-02   1.2054177e-01   1.0045147e-01
   8.1210512e-03   1.2822712e-03   7.1237291e-03   5.9364409e-03   1.9788136e-02   7.8111065e-03   4.3395036e-02   3.6162530e-02   1.2054177e-01   1.0045147e-01
   6.4221184e-03   2.1407061e-03   7.1356871e-03   5.9464059e-03   1.9821353e-02   7.8242183e-03   4.3467879e-02   3.6223233e-02   1.2074411e-01   1.0062009e-01
   1.2986141e-02   2.0504434e-03   5.3959036e-03   3.5499366e-03   9.3419384e-03   1.2974914e-02   4.3249715e-02   3.6041429e-02   1.2013810e-01   1.0011508e-01
   1.0269426e-02   3.4231421e-03   5.4049613e-03   3.5558956e-03   9.3576199e-03   1.2996694e-02   4.3322314e-02   3.6101929e-02   1.2033976e-01   1.0028314e-01
   1.0269426e-02   1.6214884e-03   9.0082688e-03   3.5558956e-03   9.3576199e-03   1.2996694e-02   4.3322314e-02   3.6101929e-02   1.2033976e-01   1.0028314e-01
   8.1210512e-03   2.7070171e-03   9.0233902e-03   3.5618645e-03   9.3733278e-03   1.3018511e-02   4.3395036e-02   3.6162530e-02   1.2054177e-01   1.0045147e-01
   1.0269426e-02   1.6214884e-03   4.2670747e-03   5.9264926e-03   9.3576199e-03   1.2996694e-02   4.3322314e-02   3.6101929e-02   1.2033976e-01   1.0028314e-01
   8.1210512e-03   2.7070171e-03   4.2742375e-03   5.9364409e-03   9.3733278e-03   1.3018511e-02   4.3395036e-02   3.6162530e-02   1.2054177e-01   1.0045147e-01
   8.1210512e-03   1.2822712e-03   7.1237291e-03   5.9364409e-03   9.3733278e-03   1.3018511e-02   4.3395036e-02   3.6162530e-02   1.2054177e-01   1.0045147e-01
   6.4221184e-03   2.1407061e-03   7.1356871e-03   5.9464059e-03   9.3890620e-03   1.3040364e-02   4.3467879e-02   3.6223233e-02   1.2074411e-01   1.0062009e-01
   1.0269426e-02   1.6214884e-03   4.2670747e-03   2.8072860e-03   1.5596033e-02   1.2996694e-02   4.3322314e-02   3.6101929e-02   1.2033976e-01   1.0028314e-01
   8.1210512e-03   2.7070171e-03   4.2742375e-03   2.8119983e-03   1.5622213e-02   1.3018511e-02   4.3395036e-02   3.6162530e-02   1.2054177e-01   1.0045147e-01
   8.1210512e-03   1.2822712e-03   7.1237291e-03   2.8119983e-03   1.5622213e-02   1.3018511e-02   4.3395036e-02   3.6162530e-02   1.2054177e-01   1.0045147e-01
   6.4221184e-03   2.1407061e-03   7.1356871e-03   2.8167186e-03   1.5648437e-02   1.3040364e-02   4.3467879e-02   3.6223233e-02   1.2074411e-01   1.0062009e-01
   8.1210512e-03   1.2822712e-03   3.3743980e-03   4.6866639e-03   1.5622213e-02   1.3018511e-02   4.3395036e-02   3.6162530e-02   1.2054177e-01   1.0045147e-01
   6.4221184e-03   2.1407061e-03   3.3800623e-03   4.6945310e-03   1.5648437e-02   1.3040364e-02   4.3467879e-02   3.6223233e-02   1.2074411e-01   1.0062009e-01
   6.4221184e-03   1.0140187e-03   5.6334372e-03   4.6945310e-03   1.5648437e-02   1.3040364e-02   4.3467879e-02   3.6223233e-02   1.2074411e-01   1.0062009e-01
   5.0786042e-03   1.6928681e-03   5.6428935e-03   4.7024113e-03   1.5674704e-02   1.3062254e-02   4.3540845e-02   3.6284038e-02   1.2094679e-01   1.0078899e-01
   2.6259228e-02   4.1461938e-03   1.0911036e-02   7.1783134e-03   1.8890298e-02   1.2427828e-02   3.2704810e-02   4.5423348e-02   7.1721075e-02   9.9612605e-02
   2.0765768e-02   6.9219228e-03   1.0929352e-02   7.1903630e-03   1.8922008e-02   1.2448689e-02   3.2759709e-02   4.5499596e-02   7.1841467e-02   9.9779816e-02
   2.0765768e-02   3.2788055e-03   1.8215586e-02   7.1903630e-03   1.8922008e-02   1.2448689e-02   3.2759709e-02   4.5499596e-02   7.1841467e-02   9.9779816e-02
   1.6421547e-02   5.4738490e-03   1.8246163e-02   7.2024329e-03   1.8953771e-02   1.2469586e-02   3.2814700e-02   4.5575972e-02   7.1962062e-02   9.9947308e-02
   2.0765768e-02   3.2788055e-03   8.6284356e-03   1.1983938e-02   1.8922008e-02   1.2448689e-02   3.2759709e-02   4.5499596e-02   7.1841467e-02   9.9779816e-02
   1.6421547e-02   5.4738490e-03   8.6429195e-03   1.2004055e-02   1.8953771e-02   1.2469586e-02   3.2814700e-02   4.5575972e-02   7.1962062e-02   9.9947308e-02
   1.6421547e-02   2.5928758e-03   1.4404866e-02   1.2004055e-02   1.8953771e-02   1.2469586e-02   3.2814700e-02   4.5575972e-02   7.1962062e-02   9.9947308e-02
   1.2986141e-02   4.3287138e-03   1.4429046e-02   1.2024205e-02   1.8985587e-02   1.2490518e-02   3.2869783e-02   4.5652477e-02   7.2082858e-02   1.0011508e-01
   2.0765768e-02   3.2788055e-03   8.6284356e-03   5.6766024e-03   3.1536680e-02   1.2448689e-02   3.2759709e-02   4.5499596e-02   7.1841467e-02   9.9779816e-02
   1.6421547e-02   5.4738490e-03   8.6429195e-03   5.6861312e-03   3.1589618e-02   1.2469586e-02   3.2814700e-02   4.5575972e-02   7.1962062e-02   9.9947308e-02
   1.6421547e-02   2.5928758e-03   1.4404866e-02   5.6861312e-03   3.1589618e-02   1.2469586e-02   3.2814700e-02   4.5575972e-02   7.1962062e-02   9.9947308e-02
   1.2986141e-02   4.3287138e-03   1.4429046e-02   5.6956760e-03   3.1642645e-02   1.2490518e-02   3.2869783e-02   4.5652477e-02   7.2082858e-02   1.0011508e-01
   1.6421547e-02   2.5928758e-03   6.8233575e-03   9.4768854e-03   3.1589618e-02   1.2469586e-02   3.2814700e-02   4.5575972e-02   7.1962062e-02   9.9947308e-02
   1.2986141e-02   4.3287138e-03   6.8348113e-03   9.4927934e-03   3.1642645e-02   1.2490518e-02   3.2869783e-02   4.5652477e-02   7.2082858e-02   1.0011508e-01
   1.2986141e-02   2.0504434e-03   1.1391352e-02   9.4927934e-03   3.1642645e-02   1.2490518e-02   3.2869783e-02   4.5652477e-02   7.2082858e-02   1.0011508e-01
   1.0269426e-02   3.4231421e-03   1.1410474e-02   9.5087282e-03   3.1695761e-02   1.2511484e-02   3.2924959e-02   4.5729110e-02   7.2203857e-02   1.0028314e-01
   2.0765768e-02   3.2788055e-03   8.6284356e-03   5.6766024e-03   1.4938427e-02   2.0747816e-02   3.2759709e-02   4.5499596e-02   7.1841467e-02   9.9779816e-02
   1.6421547e-02   5.4738490e-03   8.6429195e-03   5.6861312e-03   1.4963503e-02   2.0782643e-02   3.2814700e-02   4.5575972e-02   7.1962062e-02   9.9947308e-02
   1.6421547e-02   2.5928758e-03   1.4404866e-02   5.6861312e-03   1.4963503e-02   2.0782643e-02   3.2814700e-02   4.5575972e-02   7.1962062e-02   9.9947308e-02
   1.2986141e-02   4.3287138e-03   1.4429046e-02   5.6956760e-03   1.4988621e-02   2.0817529e-02   3.2869783e-02   4.5652477e-02   7.2082858e-02   1.0011508e-01
   1.6421547e-02   2.5928758e-03   6.8233575e-03   9.4768854e-03   1.4963503e-02   2.0782643e-02   3.2814700e-02   4.5575972e-02   7.1962062e-02   9.9947308e-02
   1.2986141e-02   4.3287138e-03   6.8348113e-03   9.4927934e-03   1.4988621e-02   2.0817529e-02   3.2869783e-02   4.5652477e-02   7.2082858e-02   1.0011508e-01
   1.2986141e-02   2.0504434e-03   1.1391352e-02   9.4927934e-03   1.4988621e-02   2.0817529e-02   3.2869783e-02   4.5652477e-02   7.2082858e-02   1.0011508e-01
   1.0269426e-02   3.4231421e-03   1.1410474e-02   9.5087282e-03   1.5013781e-02   2.0852474e-02   3.2924959e-02   4.5729110e-02   7.2203857e-02   1.0028314e-01
   1.6421547e-02   2.5928758e-03   6.8233575e-03   4.4890510e-03   2.4939172e-02   2.0782643e-02   3.2814700e-02   4.5575972e-02   7.1962062e-02   9.9947308e-02
   1.2986141e-02   4.3287138e-03   6.8348113e-03   4.4965864e-03   2.4981035e-02   2.0817529e-02   3.2869783e-02   4.5652477e-02   7.2082858e-02   1.0011508e-01
   1.2986141e-02   2.0504434e-03   1.1391352e-02   4.4965864e-03   2.4981035e-02   2.0817529e-02   3.2869783e-02   4.5652477e-02   7.2082858e-02   1.0011508e-01
   1.0269426e-02   3.4231421e-03   1.1410474e-02   4.5041344e-03   2.5022969e-02   2.0852474e-02   3.2924959e-02   4.5729110e-02   7.2203857e-02   1.0028314e-01
   1.2986141e-02   2.0504434e-03   5.3959036e-03   7.4943106e-03   2.4981035e-02   2.0817529e-02   3.2869783e-02   4.5652477e-02   7.2082858e-02   1.0011508e-01
   1.0269426e-02   3.4231421e-03   5.4049613e-03   7.5068906e-03   2.5022969e-02   2.0852474e-02   3.2924959e-02   4.5729110e-02   7.2203857e-02   1.0028314e-01
   1.0269426e-02   1.6214884e-03   9.0082688e-03   7.5068906e-03   2.5022969e-02   2.0852474e-02   3.2924959e-02   4.5729110e-02   7.2203857e-02   1.0028314e-01
   8.1210512e-03   2.7070171e-03   9.0233902e-03   7.5194918e-03   2.5064973e-02   2.0887477e-02   3.2980227e-02   4.5805871e-02   7.2325060e-02   1.0045147e-01
   2.0765768e-02   3.2788055e-03   8.6284356e-03   5.6766024e-03   1.4938427e-02   9.8279127e-03   5.4599515e-02   4.5499596e-02   7.1841467e-02   9.9779816e-02
   1.6421547e-02   5.4738490e-03   8.6429195e-03   5.6861312e-03   1.4963503e-02   9.8444100e-03   5.4691167e-02   4.5575972e-02   7.1962062e-02   9.9947308e-02
   1.6421547e-02   2.5928758e-03   1.4404866e-02   5.6861312e-03   1.4963503e-02   9.8444100e-03   5.4691167e-02   4.5575972e-02   7.1962062e-02   9.9947308e-02
   1.2986141e-02   4.3287138e-03   1.4429046e-02   5.6956760e-03   1.4988621e-02   9.8609350e-03   5.4782972e-02   4.5652477e-02   7.2082858e-02   1.0011508e-01
   1.6421547e-02   2.5928758e-03   6.8233575e-03   9.4768854e-03   1.4963503e-02   9.8444100e-03   5.4691167e-02   4.5575972e-02   7.1962062e-02   9.9947308e-02
   1.2986141e-02   4.3287138e-03   6.8348113e-03   9.4927934e-03   1.4988621e-02   9.8609350e-03   5.4782972e-02   4.5652477e-02   7.2082858e-02   1.0011508e-01
   1.2986141e-02   2.0504434e-03   1.1391352e-02   9.4927934e-03   1.4988621e-02   9.8609350e-03   5.4782972e-02   4.5652477e-02   7.2082858e-02   1.0011508e-01
   1.0269426e-02   3.4231421e-03   1.1410474e-02   9.5087282e-03   1.5013781e-02   9.8774877e-03   5.4874932e-02   4.5729110e-02   7.2203857e-02   1.0028314e-01
   1.6421547e-02   2.5928758e-03   6.8233575e-03   4.4890510e-03   2.4939172e-02   9.8444100e-03   5.4691167e-02   4.5575972e-02   7.1962062e-02   9.9947308e-02
   1.2986141e-02   4.3287138e-03   6.8348113e-03   4.4965864e-03   2.4981035e-02   9.8609350e-03   5.4782972e-02   4.5652477e-02   7.2082858e-02   1.0011508e-01
   1.2986141e-02   2.0504434e-03   1.1391352e-02   4.4965864e-03   2.4981035e-02   9.8609350e-03   5.4782972e-02   4.5652477e-02   7.2082858e-02   1.0011508e-01
   1.0269426e-02   3.4231421e-03   1.1410474e-02   4.5041344e-03   2.5022969e-02   9.8774877e-03   5.4874932e-02   4.5729110e-02   7.2203857e-02   1.0028314e-01
   1.2986141e-02   2.0504434e-03   5.3959036e-03   7.4943106e-03   2.4981035e-02   9.8609350e-03   5.4782972e-02   4.5652477e-02   7.2082858e-02   1.0011508e-01
   1.0269426e-02   3.4231421e-03   5.4049613e-03   7.5068906e-03   2.5022969e-02   9.8774877e-03   5.4874932e-02   4.5729110e-02   7.2203857e-02   1.0028314e-01
   1.0269426e-02   1.6214884e-03   9.0082688e-03   7.5068906e-03   2.5022969e-02   9.8774877e-03   5.4874932e-02   4.5729110e-02   7.2203857e-02   1.0028314e-01
   8.1210512e-03   2.7070171e-03   9.0233902e-03   7.5194918e-03   2.5064973e-02   9.8940682e-03   5.4967045e-02   4.5805871e-02   7.2325060e-02   1.0045147e-01
   1.6421547e-02   2.5928758e-03   6.8233575e-03   4.4890510e-03   1.1813292e-02   1.6407350e-02   5.4691167e-02   4.5575972e-02   7.1962062e-02   9.9947308e-02
   1.2986141e-02   4.3287138e-03   6.8348113e-03   4.4965864e-03   1.1833122e-02   1.6434892e-02   5.4782972e-02   4.5652477e-02   7.2082858e-02   1.0011508e-01
   1.2986141e-02   2.0504434e-03   1.1391352e-02   4.4965864e-03   1.1833122e-02   1.6434892e-02   5.4782972e-02   4.5652477e-02   7.2082858e-02   1.0011508e-01
   1.0269426e-02   3.4231421e-03   1.1410474e-02   4.5041344e-03   1.1852985e-02   1.6462479e-02   5.4874932e-02   4.5729110e-02   7.2203857e-02   1.0028314e-01
   1.2986141e-02   2.0504434e-03   5.3959036e-03   7.4943106e-03   1.1833122e-02   1.6434892e-02   5.4782972e-02   4.5652477e-02   7.2082858e-02   1.0011508e-01
   1.0269426e-02   3.4231421e-03   5.4049613e-03   7.5068906e-03   1.1852985e-02   1.6462479e-02   5.4874932e-02   4.5729110e-02   7.2203857e-02   1.0028314e-01
   1.0269426e-02   1.6214884e-03   9.0082688e-03   7.5068906e-03   1.1852985e-02   1.6462479e-02   5.4874932e-02   4.5729110e-02   7.2203857e-02   1.0028314e-01
   8.1210512e-03   2.7070171e-03   9.0233902e-03   7.5194918e-03   1.1872882e-02   1.6490114e-02   5.4967045e-02   4.5805871e-02   7.2325060e-02   1.0045147e-01
   1.2986141e-02   2.0504434e-03   5.3959036e-03   3.5499366e-03   1.9721870e-02   1.6434892e-02   5.4782972e-02   4.5652477e-02   7.2082858e-02   1.0011508e-01
   1.0269426e-02   3.4231421e-03   5.4049613e-03   3.5558956e-03   1.9754975e-02   1.6462479e-02   5.4874932e-02   4.5729110e-02   7.2203857e-02   1.0028314e-01
   1.0269426e-02   1.6214884e-03   9.0082688e-03   3.5558956e-03   1.9754975e-02   1.6462479e-02   5.4874932e-02   4.5729110e-02   7.2203857e-02   1.0028314e-01
   8.1210512e-03   2.7070171e-03   9.0233902e-03   3.5618645e-03   1.9788136e-02   1.6490114e-02   5.4967045e-02   4.5805871e-02   7.2325060e-02   1.0045147e-01
   1.0269426e-02   1.6214884e-03   4.2670747e-03   5.9264926e-03   1.9754975e-02   1.6462479e-02   5.4874932e-02   4.5729110e-02   7.2203857e-02   1.0028314e-01
   8.1210512e-03   2.7070171e-03   4.2742375e-03   5.9364409e-03   1.9788136e-02   1.6490114e-02   5.4967045e-02   4.5805871e-02   7.2325060e-02   1.0045147e-01
   8.1210512e-03   1.2822712e-03   7.1237291e-03   5.9364409e-03   1.9788136e-02   1.6490114e-02   5.4967045e-02   4.5805871e-02   7.2325060e-02   1.0045147e-01
   6.4221184e-03   2.1407061e-03   7.1356871e-03   5.9464059e-03   1.9821353e-02   1.6517794e-02   5.5059314e-02   4.5882762e-02   7.2446466e-02   1.0062009e-01
   2.6259228e-02   4.1461938e-03   1.0911036e-02   7.1783134e-03   1.8890298e-02   1.2427828e-02   6.9043489e-02   2.7254009e-02   7.1721075e-02   9.9612605e-02
   2.0765768e-02   6.9219228e-03   1.0929352e-02   7.1903630e-03   1.8922008e-02   1.2448689e-02   6.9159386e-02   2.7299758e-02   7.1841467e-02   9.9779816e-02
   2.0765768e-02   3.2788055e-03   1.8215586e-02   7.1903630e-03   1.8922008e-02   1.2448689e-02   6.9159386e-02   2.7299758e-02   7.1841467e-02   9.9779816e-02
   1.6421547e-02   5.4738490e-03   1.8246163e-02   7.2024329e-03   1.8953771e-02   1.2469586e-02   6.9275478e-02   2.7345583e-02   7.1962062e-02   9.9947308e-02
   2.0765768e-02   3.2788055e-03   8.6284356e-03   1.1983938e-02   1.8922008e-02   1.2448689e-02   6.9159386e-02   2.7299758e-02   7.1841467e-02   9.9779816e-02
   1.6421547e-02   5.4738490e-03   8.6429195e-03   1.2004055e-02   1.8953771e-02   1.2469586e-02   6.9275478e-02   2.7345583e-02   7.1962062e-02   9.9947308e-02
   1.6421547e-02   2.5928758e-03   1.4404866e-02   1.2004055e-02   1.8953771e-02   1.2469586e-02   6.9275478e-02   2.7345583e-02   7.1962062e-02   9.9947308e-02
   1.2986141e-02   4.3287138e-03   1.4429046e-02   1.2024205e-02   1.8985587e-02   1.2490518e-02   6.9391765e-02   2.7391486e-02   7.2082858e-02   1.0011508e-01
   2.0765768e-02   3.2788055e-03   8.6284356e-03   5.6766024e-03   3.1536680e-02   1.2448689e-02   6.9159386e-02   2.7299758e-02   7.1841467e-02   9.9779816e-02
   1.6421547e-02   5.4738490e-03   8.6429195e-03   5.6861312e-03   3.1589618e-02   1.2469586e-02   6.9275478e-02   2.7345583e-02   7.1962062e-02   9.9947308e-02
   1.6421547e-02   2.5928758e-03   1.4404866e-02   5.6861312e-03   3.1589618e-02   1.2469586e-02   6.9275478e-02   2.7345583e-02   7.1962062e-02   9.9947308e-02
   1.2986141e-02   4.3287138e-03   1.4429046e-02   5.6956760e-03   3.1642645e-02   1.2490518e-02   6.9391765e-02   2.7391486e-02   7.2082858e-02   1.0011508e-01
   1.6421547e-02   2.5928758e-03   6.8233575e-03   9.4768854e-03   3.1589618e-02   1.2469586e-02   6.9275478e-02   2.7345583e-02   7.1962062e-02   9.9947308e-02
   1.2986141e-02   4.3287138e-03   6.8348113e-03   9.4927934e-03   3.1642645e-02   1.2490518e-02   6.9391765e-02   2.7391486e-02   7.2082858e-02   1.0011508e-01
   1.2986141e-02   2.0504434e-03   1.1391352e-02   9.4927934e-03   3.1642645e-02   1.2490518e-02   6.9391765e-02   2.7391486e-02   7.2082858e-02   1.0011508e-01
   1.0269426e-02   3.4231421e-03   1.1410474e-02   9.5087282e-03   3.1695761e-02   1.2511484e-02   6.9508247e-02   2.7437466e-02   7.2203857e-02   1.0028314e-01
   2.0765768e-02   3.2788055e-03   8.6284356e-03   5.6766024e-03   1.4938427e-02   2.0747816e-02   6.9159386e-02   2.7299758e-02   7.1841467e-02   9.9779816e-02
   1.6421547e-02   5.4738490e-03   8.6429195e-03   5.6861312e-03   1.4963503e-02   2.0782643e-02   6.9275478e-02   2.7345583e-02   7.1962062e-02   9.9947308e-02
   1.6421547e-02   2.5928758e-03   1.4404866e-02   5.6861312e-03   1.4963503e-02   2.0782643e-02   6.9275478e-02   2.7345583e-02   7.1962062e-02   9.9947308e-02
   1.2986141e-02   4.3287138e-03   1.4429046e-02   5.6956760e-03   1.4988621e-02   2.0817529e-02   6.9391765e-02   2.7391486e-02   7.2082858e-02   1.0011508e-01
   1.6421547e-02   2.5928758e-03   6.8233575e-03   9.4768854e-03   1.4963503e-02   2.0782643e-02   6.9275478e-02   2.7345583e-02   7.1962062e-02   9.9947308e-02
   1.2986141e-02   4.3287138e-03   6.8348113e-03   9.4927934e-03   1.4988621e-02   2.0817529e-02   6.9391765e-02   2.7391486e-02   7.2082858e-02   1.0011508e-01
   1.2986141e-02   2.0504434e-03   1.1391352e-02   9.4927934e-03   1.4988621e-02   2.0817529e-02   6.9391765e-02   2.7391486e-02   7.2082858e-02   1.0011508e-01
   1.0269426e-02   3.4231421e-03   1.1410474e-02   9.5087282e-03   1.5013781e-02   2.0852474e-02   6.9508247e-02   2.7437466e-02   7.2203857e-02   1.0028314e-01
   1.6421547e-02   2.5928758e-03   6.8233575e-03   4.4890510e-03   2.4939172e-02   2.0782643e-02   6.9275478e-02   2.7345583e-02   7.1962062e-02   9.9947308e-02
   1.2986141e-02   4.3287138e-03   6.8348113e-03   4.4965864e-03   2.4981035e-02   2.0817529e-02   6.9391765e-02   2.7391486e-02   7.2082858e-02   1.0011508e-01
   1.2986141e-02   2.0504434e-03   1.1391352e-02   4.4965864e-03   2.4981035e-02   2.0817529e-02   6.9391765e-02   2.7391486e-02   7.2082858e-02   1.0011508e-01
   1.0269426e-02   3.4231421e-03   1.1410474e-02   4.5041344e-03   2.5022969e-02   2.0852474e-02   6.9508247e-02   2.7437466e-02   7.2203857e-02   1.0028314e-01
   1.2986141e-02   2.0504434e-03   5.3959036e-03   7.4943106e-03   2.4981035e-02   2.0817529e-02   6.9391765e-02   2.7391486e-02   7.2082858e-02   1.0011508e-01
   1.0269426e-02   3.4231421e-03   5.4049613e-03   7.5068906e-03   2.5022969e-02   2.0852474e-02   6.9508247e-02   2.7437466e-02   7.2203857e-02   1.0028314e-01
   1.0269426e-02   1.6214884e-03   9.0082688e-03   7.5068906e-03   2.5022969e-02   2.0852474e-02   6.9508247e-02   2.7437466e-02   7.2203857e-02   1.0028314e-01
   8.1210512e-03   2.7070171e-03   9.0233902e-03   7.5194918e-03   2.5064973e-02   2.0887477e-02   6.9624924e-02   2.7483523e-02   7.2325060e-02   1.0045147e-01
   2.6259228e-02   4.1461938e-03   1.0911036e-02   7.1783134e-03   1.8890298e-02   2.6236526e-02   4.1426093e-02   2.7254009e-02   7.1721075e-02   9.9612605e-02
   2.0765768e-02   6.9219228e-03   1.0929352e-02   7.1903630e-03   1.8922008e-02   2.6280567e-02   4.1495632e-02   2.7299758e-02   7.1841467e-02   9.9779816e-02
   2.0765768e-02   3.2788055e-03   1.8215586e-02   7.1903630e-03   1.8922008e-02   2.6280567e-02   4.1495632e-02   2.7299758e-02   7.1841467e-02   9.9779816e-02
   1.6421547e-02   5.4738490e-03   1.8246163e-02   7.2024329e-03   1.8953771e-02   2.6324682e-02   4.1565287e-02   2.7345583e-02   7.1962062e-02   9.9947308e-02
   2.0765768e-02   3.2788055e-03   8.6284356e-03   1.1983938e-02   1.8922008e-02   2.6280567e-02   4.1495632e-02   2.7299758e-02   7.1841467e-02   9.9779816e-02
   1.6421547e-02   5.4738490e-03   8.6429195e-03   1.2004055e-02   1.8953771e-02   2.6324682e-02   4.1565287e-02   2.7345583e-02   7.1962062e-02   9.9947308e-02
   1.6421547e-02   2.5928758e-03   1.4404866e-02   1.2004055e-02   1.8953771e-02   2.6324682e-02   4.1565287e-02   2.7345583e-02   7.1962062e-02   9.9947308e-02
   1.2986141e-02   4.3287138e-03   1.4429046e-02   1.2024205e-02   1.8985587e-02   2.6368871e-02   4.1635059e-02   2.7391486e-02   7.2082858e-02   1.0011508e-01
   2.0765768e-02   3.2788055e-03   8.6284356e-03   5.6766024e-03   3.1536680e-02   2.6280567e-02   4.1495632e-02   2.7299758e-02   7.1841467e-02   9.9779816e-02
   1.6421547e-02   5.4738490e-03   8.6429195e-03   5.6861312e-03   3.1589618e-02   2.6324682e-02   4.1565287e-02   2.7345583e-02   7.1962062e-02   9.9947308e-02
   1.6421547e-02   2.5928758e-03   1.4404866e-02   5.6861312e-03   3.1589618e-02   2.6324682e-02   4.1565287e-02   2.7345583e-02   7.1962062e-02   9.9947308e-02
   1.2986141e-02   4.3287138e-03   1.4429046e-02   5.6956760e-03   3.1642645e-02   2.6368871e-02   4.1635059e-02   2.7391486e-02   7.2082858e-02   1.0011508e-01
   1.6421547e-02   2.5928758e-03   6.8233575e-03   9.4768854e-03   3.1589618e-02   2.6324682e-02   4.1565287e-02   2.7345583e-02   7.1962062e-02   9.9947308e-02
   1.2986141e-02   4.3287138e-03   6.8348113e-03   9.4927934e-03   3.1642645e-02   2.6368871e-02   4.1635059e-02   2.7391486e-02   7.2082858e-02   1.0011508e-01
   1.2986141e-02   2.0504434e-03   1.1391352e-02   9.4927934e-03   3.1642645e-02   2.6368871e-02   4.1635059e-02   2.7391486e-02   7.2082858e-02   1.0011508e-01
   1.0269426e-02   3.4231421e-03   1.1410474e-02   9.5087282e-03   3.1695761e-02   2.6413134e-02   4.1704948e-02   2.7437466e-02   7.2203857e-02   1.0028314e-01
   2.6259228e-02   4.1461938e-03   1.0911036e-02   7.1783134e-03   3.9879519e-02   1.5741915e-02   4.1426093e-02   2.7254009e-02   7.1721075e-02   9.9612605e-02
   2.0765768e-02   6.9219228e-03   1.0929352e-02   7.1903630e-03   3.9946461e-02   1.5768340e-02   4.1495632e-02   2.7299758e-02   7.1841467e-02   9.9779816e-02
   2.0765768e-02   3.2788055e-03   1.8215586e-02   7.1903630e-03   3.9946461e-02   1.5768340e-02   4.1495632e-02   2.7299758e-02   7.1841467e-02   9.9779816e-02
   1.6421547e-02   5.4738490e-03   1.8246163e-02   7.2024329e-03   4.0013516e-02   1.5794809e-02   4.1565287e-02   2.7345583e-02   7.1962062e-02   9.9947308e-02
   2.0765768e-02   3.2788055e-03   8.6284356e-03   1.1983938e-02   3.9946461e-02   1.5768340e-02   4.1495632e-02   2.7299758e-02   7.1841467e-02   9.9779816e-02
   1.6421547e-02   5.4738490e-03   8.6429195e-03   1.2004055e-02   4.0013516e-02   1.5794809e-02   4.1565287e-02   2.7345583e-02   7.1962062e-02   9.9947308e-02
   1.6421547e-02   2.5928758e-03   1.4404866e-02   1.2004055e-02   4.0013516e-02   1.5794809e-02   4.1565287e-02   2.7345583e-02   7.1962062e-02   9.9947308e-02
   1.2986141e-02   4.3287138e-03   1.4429046e-02   1.2024205e-02   4.0080683e-02   1.5821322e-02   4.1635059e-02   2.7391486e-02   7.2082858e-02   1.0011508e-01
   2.6259228e-02   4.1461938e-03   1.0911036e-02   1.5154217e-02   2.3927711e-02   1.5741915e-02   4.1426093e-02   2.7254009e-02   7.1721075e-02   9.9612605e-02
   2.0765768e-02   6.9219228e-03   1.0929352e-02   1.5179655e-02   2.3967877e-02   1.5768340e-02   4.1495632e-02   2.7299758e-02   7.1841467e-02   9.9779816e-02
   2.0765768e-02   3.2788055e-03   1.8215586e-02   1.5179655e-02   2.3967877e-02   1.5768340e-02   4.1495632e-02   2.7299758e-02   7.1841467e-02   9.9779816e-02
   1.6421547e-02   5.4738490e-03   1.8246163e-02   1.5205136e-02   2.4008110e-02   1.5794809e-02   4.1565287e-02   2.7345583e-02   7.1962062e-02   9.9947308e-02
   2.6259228e-02   4.1461938e-03   2.3034410e-02   9.0925303e-03   2.3927711e-02   1.5741915e-02   4.1426093e-02   2.7254009e-02   7.1721075e-02   9.9612605e-02
   2.0765768e-02   6.9219228e-03   2.3073076e-02   9.1077932e-03   2.3967877e-02   1.5768340e-02   4.1495632e-02   2.7299758e-02   7.1841467e-02   9.9779816e-02
   2.6259228e-02   8.7530759e-03   1.3820646e-02   9.0925303e-03   2.3927711e-02   1.5741915e-02   4.1426093e-02   2.7254009e-02   7.1721075e-02   9.9612605e-02
   3.3205948e-02   5.2430445e-03   1.3797485e-02   9.0772931e-03   2.3887613e-02   1.5715535e-02   4.1356671e-02   2.7208336e-02   7.1600885e-02   9.9445674e-02
   3.3205948e-02   5.2430445e-03   1.3797485e-02   9.0772931e-03   2.3887613e-02   1.5715535e-02   4.1356671e-02   2.7208336e-02   1.5115742e-01   5.9667404e-02
   2.6259228e-02   8.7530759e-03   1.3820646e-02   9.0925303e-03   2.3927711e-02   1.5741915e-02   4.1426093e-02   2.7254009e-02   1.5141116e-01   5.9767563e-02
   2.6259228e-02   4.1461938e-03   2.3034410e-02   9.0925303e-03   2.3927711e-02   1.5741915e-02   4.1426093e-02   2.7254009e-02   1.5141116e-01   5.9767563e-02
   2.0765768e-02   6.9219228e-03   2.3073076e-02   9.1077932e-03   2.3967877e-02   1.5768340e-02   4.1495632e-02   2.7299758e-02   1.5166532e-01   5.9867889e-02
   2.6259228e-02   4.1461938e-03   1.0911036e-02   1.5154217e-02   2.3927711e-02   1.5741915e-02   4.1426093e-02   2.7254009e-02   1.5141116e-01   5.9767563e-02
   2.0765768e-02   6.9219228e-03   1.0929352e-02   1.5179655e-02   2.3967877e-02   1.5768340e-02   4.1495632e-02   2.7299758e-02   1.5166532e-01   5.9867889e-02
   2.0765768e-02   3.2788055e-03   1.8215586e-02   1.5179655e-02   2.3967877e-02   1.5768340e-02   4.1495632e-02   2.7299758e-02   1.5166532e-01   5.9867889e-02
   1.6421547e-02   5.4738490e-03   1.8246163e-02   1.5205136e-02   2.4008110e-02   1.5794809e-02   4.1565287e-02   2.7345583e-02   1.5191991e-01   5.9968385e-02
   2.6259228e-02   4.1461938e-03   1.0911036e-02   7.1783134e-03   3.9879519e-02   1.5741915e-02   4.1426093e-02   2.7254009e-02   1.5141116e-01   5.9767563e-02
   2.0765768e-02   6.9219228e-03   1.0929352e-02   7.1903630e-03   3.9946461e-02   1.5768340e-02   4.1495632e-02   2.7299758e-02   1.5166532e-01   5.9867889e-02
   2.0765768e-02   3.2788055e-03   1.8215586e-02   7.1903630e-03   3.9946461e-02   1.5768340e-02   4.1495632e-02   2.7299758e-02   1.5166532e-01   5.9867889e-02
   1.6421547e-02   5.4738490e-03   1.8246163e-02   7.2024329e-03   4.0013516e-02   1.5794809e-02   4.1565287e-02   2.7345583e-02   1.5191991e-01   5.9968385e-02
   2.0765768e-02   3.2788055e-03   8.6284356e-03   1.1983938e-02   3.9946461e-02   1.5768340e-02   4.1495632e-02   2.7299758e-02   1.5166532e-01   5.9867889e-02
   1.6421547e-02   5.4738490e-03   8.6429195e-03   1.2004055e-02   4.0013516e-02   1.5794809e-02   4.1565287e-02   2.7345583e-02   1.5191991e-01   5.9968385e-02
   1.6421547e-02   2.5928758e-03   1.4404866e-02   1.2004055e-02   4.0013516e-02   1.5794809e-02   4.1565287e-02   2.7345583e-02   1.5191991e-01   5.9968385e-02
   1.2986141e-02   4.3287138e-03   1.4429046e-02   1.2024205e-02   4.0080683e-02   1.5821322e-02   4.1635059e-02   2.7391486e-02   1.5217492e-01   6.0069048e-02
   2.6259228e-02   4.1461938e-03   1.0911036e-02   7.1783134e-03   1.8890298e-02   2.6236526e-02   4.1426093e-02   2.7254009e-02   1.5141116e-01   5.9767563e-02
   2.0765768e-02   6.9219228e-03   1.0929352e-02   7.1903630e-03   1.8922008e-02   2.6280567e-02   4.1495632e-02   2.7299758e-02   1.5166532e-01   5.9867889e-02
   2.0765768e-02   3.2788055e-03   1.8215586e-02   7.1903630e-03   1.8922008e-02   2.6280567e-02   4.1495632e-02   2.7299758e-02   1.5166532e-01   5.9867889e-02
   1.6421547e-02   5.4738490e-03   1.8246163e-02   7.2024329e-03   1.8953771e-02   2.6324682e-02   4.1565287e-02   2.7345583e-02   1.5191991e-01   5.9968385e-02
   2.0765768e-02   3.2788055e-03   8.6284356e-03   1.1983938e-02   1.8922008e-02   2.6280567e-02   4.1495632e-02   2.7299758e-02   1.5166532e-01   5.9867889e-02
   1.6421547e-02   5.4738490e-03   8.6429195e-03   1.2004055e-02   1.8953771e-02   2.6324682e-02   4.1565287e-02   2.7345583e-02   1.5191991e-01   5.9968385e-02
   1.6421547e-02   2.5928758e-03   1.4404866e-02   1.2004055e-02   1.8953771e-02   2.6324682e-02   4.1565287e-02   2.7345583e-02   1.5191991e-01   5.9968385e-02
   1.2986141e-02   4.3287138e-03   1.4429046e-02   1.2024205e-02   1.8985587e-02   2.6368871e-02   4.1635059e-02   2.7391486e-02   1.5217492e-01   6.0069048e-02
   2.0765768e-02   3.2788055e-03   8.6284356e-03   5.6766024e-03   3.1536680e-02   2.6280567e-02   4.1495632e-02   2.7299758e-02   1.5166532e-01   5.9867889e-02
   1.6421547e-02   5.4738490e-03   8.6429195e-03   5.6861312e-03   3.1589618e-02   2.6324682e-02   4.1565287e-02   2.7345583e-02   1.5191991e-01   5.9968385e-02
   1.6421547e-02   2.5928758e-03   1.4404866e-02   5.6861312e-03   3.1589618e-02   2.6324682e-02   4.1565287e-02   2.7345583e-02   1.5191991e-01   5.9968385e-02
   1.2986141e-02   4.3287138e-03   1.4429046e-02   5.6956760e-03   3.1642645e-02   2.6368871e-02   4.1635059e-02   2.7391486e-02   1.5217492e-01   6.0069048e-02
   1.6421547e-02   2.5928758e-03   6.8233575e-03   9.4768854e-03   3.1589618e-02   2.6324682e-02   4.1565287e-02   2.7345583e-02   1.5191991e-01   5.9968385e-02
   1.2986141e-02   4.3287138e-03   6.8348113e-03   9.4927934e-03   3.1642645e-02   2.6368871e-02   4.1635059e-02   2.7391486e-02   1.5217492e-01   6.0069048e-02
   1.2986141e-02   2.0504434e-03   1.1391352e-02   9.4927934e-03   3.1642645e-02   2.6368871e-02   4.1635059e-02   2.7391486e-02   1.5217492e-01   6.0069048e-02
   1.0269426e-02   3.4231421e-03   1.1410474e-02   9.5087282e-03   3.1695761e-02   2.6413134e-02   4.1704948e-02   2.7437466e-02   1.5243037e-01   6.0169881e-02
   2.6259228e-02   4.1461938e-03   1.0911036e-02   7.1783134e-03   1.8890298e-02   1.2427828e-02   6.9043489e-02   2.7254009e-02   1.5141116e-01   5.9767563e-02
   2.0765768e-02   6.9219228e-03   1.0929352e-02   7.1903630e-03   1.8922008e-02   1.2448689e-02   6.9159386e-02   2.7299758e-02   1.5166532e-01   5.9867889e-02
   2.0765768e-02   3.2788055e-03   1.8215586e-02   7.1903630e-03   1.8922008e-02   1.2448689e-02   6.9159386e-02   2.7299758e-02   1.5166532e-01   5.9867889e-02
   1.6421547e-02   5.4738490e-03   1.8246163e-02   7.2024329e-03   1.8953771e-02   1.2469586e-02   6.9275478e-02   2.7345583e-02   1.5191991e-01   5.9968385e-02
   2.0765768e-02   3.2788055e-03   8.6284356e-03   1.1983938e-02   1.8922008e-02   1.2448689e-02   6.9159386e-02   2.7299758e-02   1.5166532e-01   5.9867889e-02
   1.6421547e-02   5.4738490e-03   8.6429195e-03   1.2004055e-02   1.8953771e-02   1.2469586e-02   6.9275478e-02   2.7345583e-02   1.5191991e-01   5.9968385e-02
   1.6421547e-02   2.5928758e-03   1.4404866e-02   1.2004055e-02   1.8953771e-02   1.2469586e-02   6.9275478e-02   2.7345583e-02   1.5191991e-01   5.9968385e-02
   1.2986141e-02   4.3287138e-03   1.4429046e-02   1.2024205e-02   1.8985587e-02   1.2490518e-02   6.9391765e-02   2.7391486e-02   1.5217492e-01   6.0069048e-02
   2.0765768e-02   3.2788055e-03   8.6284356e-03   5.6766024e-03   3.1536680e-02   1.2448689e-02   6.9159386e-02   2.7299758e-02   1.5166532e-01   5.9867889e-02
   1.6421547e-02   5.4738490e-03   8.6429195e-03   5.6861312e-03   3.1589618e-02   1.2469586e-02   6.9275478e-02   2.7345583e-02   1.5191991e-01   5.9968385e-02
   1.6421547e-02   2.5928758e-03   1.4404866e-02   5.6861312e-03   3.1589618e-02   1.2469586e-02   6.9275478e-02   2.7345583e-02   1.5191991e-01   5.9968385e-02
   1.2986141e-02   4.3287138e-03   1.4429046e-02   5.6956760e-03   3.1642645e-02   1.2490518e-02   6.9391765e-02   2.7391486e-02   1.5217492e-01   6.0069048e-02
   1.6421547e-02   2.5928758e-03   6.8233575e-03   9.4768854e-03   3.1589618e-02   1.2469586e-02   6.9275478e-02   2.7345583e-02   1.5191991e-01   5.9968385e-02
   1.2986141e-02   4.3287138e-03   6.8348113e-03   9.4927934e-03   3.1642645e-02   1.2490518e-02   6.9391765e-02   2.7391486e-02   1.5217492e-01   6.0069048e-02
   1.2986141e-02   2.0504434e-03   1.1391352e-02   9.4927934e-03   3.1642645e-02   1.2490518e-02   6.9391765e-02   2.7391486e-02   1.5217492e-01   6.0069048e-02
   1.0269426e-02   3.4231421e-03   1.1410474e-02   9.5087282e-03   3.1695761e-02   1.2511484e-02   6.9508247e-02   2.7437466e-02   1.5243037e-01   6.0169881e-02
   2.0765768e-02   3.2788055e-03   8.6284356e-03   5.6766024e-03   1.4938427e-02   2.0747816e-02   6.9159386e-02   2.7299758e-02   1.5166532e-01   5.9867889e-02
   1.6421547e-02   5.4738490e-03   8.6429195e-03   5.6861312e-03   1.4963503e-02   2.0782643e-02   6.9275478e-02   2.7345583e-02   1.5191991e-01   5.9968385e-02
   1.6421547e-02   2.5928758e-03   1.4404866e-02   5.6861312e-03   1.4963503e-02   2.0782643e-02   6.9275478e-02   2.7345583e-02   1.5191991e-01   5.9968385e-02
   1.2986141e-02   4.3287138e-03   1.4429046e-02   5.6956760e-03   1.4988621e-02   2.0817529e-02   6.9391765e-02   2.7391486e-02   1.5217492e-01   6.0069048e-02
   1.6421547e-02   2.5928758e-03   6.8233575e-03   9.4768854e-03   1.4963503e-02   2.0782643e-02   6.9275478e-02   2.7345583e-02   1.5191991e-01   5.9968385e-02
   1.2986141e-02   4.3287138e-03   6.8348113e-03   9.4927934e-03   1.4988621e-02   2.0817529e-02   6.9391765e-02   2.7391486e-02   1.5217492e-01   6.0069048e-02
   1.2986141e-02   2.0504434e-03   1.1391352e-02   9.4927934e-03   1.4988621e-02   2.0817529e-02   6.9391765e-02   2.7391486e-02   1.5217492e-01   6.0069048e-02
   1.0269426e-02   3.4231421e-03   1.1410474e-02   9.5087282e-03   1.5013781e-02   2.0852474e-02   6.9508247e-02   2.7437466e-02   1.5243037e-01   6.0169881e-02
   1.6421547e-02   2.5928758e-03   6.8233575e-03   4.4890510e-03   2.4939172e-02   2.0782643e-02   6.9275478e-02   2.7345583e-02   1.5191991e-01   5.9968385e-02
   1.2986141e-02   4.3287138e-03   6.8348113e-03   4.4965864e-03   2.4981035e-02   2.0817529e-02   6.9391765e-02   2.7391486e-02   1.5217492e-01   6.0069048e-02
   1.2986141e-02   2.0504434e-03   1.1391352e-02   4.4965864e-03   2.4981035e-02   2.0817529e-02   6.9391765e-02   2.7391486e-02   1.5217492e-01   6.0069048e-02
   1.0269426e-02   3.4231421e-03   1.1410474e-02   4.5041344e-03   2.5022969e-02   2.0852474e-02   6.9508247e-02   2.7437466e-02   1.5243037e-01   6.0169881e-02
   1.2986141e-02   2.0504434e-03   5.3959036e-03   7.4943106e-03   2.4981035e-02   2.0817529e-02   6.9391765e-02   2.7391486e-02   1.5217492e-01   6.0069048e-02
   1.0269426e-02   3.4231421e-03   5.4049613e-03   7.5068906e-03   2.5022969e-02   2.0852474e-02   6.9508247e-02   2.7437466e-02   1.5243037e-01   6.0169881e-02
   1.0269426e-02   1.6214884e-03   9.0082688e-03   7.5068906e-03   2.5022969e-02   2.0852474e-02   6.9508247e-02   2.7437466e-02   1.5243037e-01   6.0169881e-02
   8.1210512e-03   2.7070171e-03   9.0233902e-03   7.5194918e-03   2.5064973e-02   2.0887477e-02   6.9624924e-02   2.7483523e-02   1.5268624e-01   6.0270883e-02
   2.6259228e-02   4.1461938e-03   1.0911036e-02   7.1783134e-03   1.8890298e-02   1.2427828e-02   3.2704810e-02   4.5423348e-02   1.5141116e-01   5.9767563e-02
   2.0765768e-02   6.9219228e-03   1.0929352e-02   7.1903630e-03   1.8922008e-02   1.2448689e-02   3.2759709e-02   4.5499596e-02   1.5166532e-01   5.9867889e-02
   2.0765768e-02   3.2788055e-03   1.8215586e-02   7.1903630e-03   1.8922008e-02   1.2448689e-02   3.2759709e-02   4.5499596e-02   1.5166532e-01   5.9867889e-02
   1.6421547e-02   5.4738490e-03   1.8246163e-02   7.2024329e-03   1.8953771e-02   1.2469586e-02   3.2814700e-02   4.5575972e-02   1.5191991e-01   5.9968385e-02
   2.0765768e-02   3.2788055e-03   8.6284356e-03   1.1983938e-02   1.8922008e-02   1.2448689e-02   3.2759709e-02   4.5499596e-02   1.5166532e-01   5.9867889e-02
   1.6421547e-02   5.4738490e-03   8.6429195e-03   1.2004055e-02   1.8953771e-02   1.2469586e-02   3.2814700e-02   4.5575972e-02   1.5191991e-01   5.9968385e-02
   1.6421547e-02   2.5928758e-03   1.4404866e-02   1.2004055e-02   1.8953771e-02   1.2469586e-02   3.2814700e-02   4.5575972e-02   1.5191991e-01   5.9968385e-02
   1.2986141e-02   4.3287138e-03   1.4429046e-02   1.2024205e-02   1.8985587e-02   1.2490518e-02   3.2869783e-02   4.5652477e-02   1.5217492e-01   6.0069048e-02
   2.0765768e-02   3.2788055e-03   8.6284356e-03   5.6766024e-03   3.1536680e-02   1.2448689e-02   3.2759709e-02   4.5499596e-02   1.5166532e-01   5.9867889e-02
   1.6421547e-02   5.4738490e-03   8.6429195e-03   5.6861312e-03   3.1589618e-02   1.2469586e-02   3.2814700e-02   4.5575972e-02   1.5191991e-01   5.9968385e-02
   1.6421547e-02   2.5928758e-03   1.4404866e-02   5.6861312e-03   3.1589618e-02   1.2469586e-02   3.2814700e-02   4.5575972e-02   1.5191991e-01   5.9968385e-02
   1.2986141e-02   4.3287138e-03   1.4429046e-02   5.6956760e-03   3.1642645e-02   1.2490518e-02   3.2869783e-02   4.5652477e-02   1.5217492e-01   6.0069048e-02
   1.6421547e-02   2.5928758e-03   6.8233575e-03   9.4768854e-03   3.1589618e-02   1.2469586e-02   3.2814700e-02   4.5575972e-02   1.5191991e-01   5.9968385e-02
   1.2986141e-02   4.3287138e-03   6.8348113e-03   9.4927934e-03   3.1642645e-02   1.2490518e-02   3.2869783e-02   4.5652477e-02   1.5217492e-01   6.0069048e-02
   1.2986141e-02   2.0504434e-03   1.1391352e-02   9.4927934e-03   3.1642645e-02   1.2490518e-02   3.2869783e-02   4.5652477e-02   1.5217492e-01   6.0069048e-02
   1.0269426e-02   3.4231421e-03   1.1410474e-02   9.5087282e-03   3.1695761e-02   1.2511484e-02   3.2924959e-02   4.5729110e-02   1.5243037e-01   6.0169881e-02
   2.0765768e-02   3.2788055e-03   8.6284356e-03   5.6766024e-03   1.4938427e-02   2.0747816e-02   3.2759709e-02   4.5499596e-02   1.5166532e-01   5.9867889e-02
   1.6421547e-02   5.4738490e-03   8.6429195e-03   5.6861312e-03   1.4963503e-02   2.0782643e-02   3.2814700e-02   4.5575972e-02   1.5191991e-01   5.9968385e-02
   1.6421547e-02   2.5928758e-03   1.4404866e-02   5.6861312e-03   1.4963503e-02   2.0782643e-02   3.2814700e-02   4.5575972e-02   1.5191991e-01   5.9968385e-02
   1.2986141e-02   4.3287138e-03   1.4429046e-02   5.6956760e-03   1.4988621e-02   2.0817529e-02   3.2869783e-02   4.5652477e-02   1.5217492e-01   6.0069048e-02
   1.6421547e-02   2.5928758e-03   6.8233575e-03   9.4768854e-03   1.4963503e-02   2.0782643e-02   3.2814700e-02   4.5575972e-02   1.5191991e-01   5.9968385e-02
   1.2986141e-02   4.3287138e-03   6.8348113e-03   9.4927934e-03   1.4988621e-02   2.0817529e-02   3.2869783e-02   4.5652477e-02   1.5217492e-01   6.0069048e-02
   1.2986141e-02   2.0504434e-03   1.1391352e-02   9.4927934e-03   1.4988621e-02   2.0817529e-02   3.2869783e-02   4.5652477e-02   1.5217492e-01   6.0069048e-02
   1.0269426e-02   3.4231421e-03   1.1410474e-02   9.5087282e-03   1.5013781e-02   2.0852474e-02   3.2924959e-02   4.5729110e-02   1.5243037e-01   6.0169881e-02
   1.6421547e-02   2.5928758e-03   6.8233575e-03   4.4890510e-03   2.4939172e-02   2.0782643e-02   3.2814700e-02   4.5575972e-02   1.5191991e-01   5.9968385e-02
   1.2986141e-02   4.3287138e-03   6.8348113e-03   4.4965864e-03   2.4981035e-02   2.0817529e-02   3.2869783e-02   4.5652477e-02   1.5217492e-01   6.0069048e-02
   1.2986141e-02   2.0504434e-03   1.1391352e-02   4.4965864e-03   2.4981035e-02   2.0817529e-02   3.2869783e-02   4.5652477e-02   1.5217492e-01   6.0069048e-02
   1.0269426e-02   3.4231421e-03   1.1410474e-02   4.5041344e-03   2.5022969e-02   2.0852474e-02   3.2924959e-02   4.5729110e-02   1.5243037e-01   6.0169881e-02
   1.2986141e-02   2.0504434e-03   5.3959036e-03   7.4943106e-03   2.4981035e-02   2.0817529e-02   3.2869783e-02   4.5652477e-02   1.5217492e-01   6.0069048e-02
   1.0269426e-02   3.4231421e-03   5.4049613e-03   7.5068906e-03   2.5022969e-02   2.0852474e-02   3.2924959e-02   4.5729110e-02   1.5243037e-01   6.0169881e-02
   1.0269426e-02   1.6214884e-03   9.0082688e-03   7.5068906e-03   2.5022969e-02   2.0852474e-02   3.2924959e-02   4.5729110e-02   1.5243037e-01   6.0169881e-02
   8.1210512e-03   2.7070171e-03   9.0233902e-03   7.5194918e-03   2.5064973e-02   2.0887477e-02   3.2980227e-02   4.5805871e-02   1.5268624e-01   6.0270883e-02
   2.0765768e-02   3.2788055e-03   8.6284356e-03   5.6766024e-03   1.4938427e-02   9.8279127e-03   5.4599515e-02   4.5499596e-02   1.5166532e-01   5.9867889e-02
   1.6421547e-02   5.4738490e-03   8.6429195e-03   5.6861312e-03   1.4963503e-02   9.8444100e-03   5.4691167e-02   4.5575972e-02   1.5191991e-01   5.9968385e-02
   1.6421547e-02   2.5928758e-03   1.4404866e-02   5.6861312e-03   1.4963503e-02   9.8444100e-03   5.4691167e-02   4.5575972e-02   1.5191991e-01   5.9968385e-02
   1.2986141e-02   4.3287138e-03   1.4429046e-02   5.6956760e-03   1.4988621e-02   9.8609350e-03   5.4782972e-02   4.5652477e-02   1.5217492e-01   6.0069048e-02
   1.6421547e-02   2.5928758e-03   6.8233575e-03   9.4768854e-03   1.4963503e-02   9.8444100e-03   5.4691167e-02   4.5575972e-02   1.5191991e-01   5.9968385e-02
   1.2986141e-02   4.3287138e-03   6.8348113e-03   9.4927934e-03   1.4988621e-02   9.8609350e-03   5.4782972e-02   4.5652477e-02   1.5217492e-01   6.0069048e-02
   1.2986141e-02   2.0504434e-03   1.1391352e-02   9.4927934e-03   1.4988621e-02   9.8609350e-03   5.4782972e-02   4.5652477e-02   1.5217492e-01   6.0069048e-02
   1.0269426e-02   3.4231421e-03   1.1410474e-02   9.5087282e-03   1.5013781e-02   9.8774877e-03   5.4874932e-02   4.5729110e-02   1.5243037e-01   6.0169881e-02
   1.6421547e-02   2.5928758e-03   6.8233575e-03   4.4890510e-03   2.4939172e-02   9.8444100e-03   5.4691167e-02   4.5575972e-02   1.5191991e-01   5.9968385e-02
   1.2986141e-02   4.3287138e-03   6.8348113e-03   4.4965864e-03   2.4981035e-02   9.8609350e-03   5.4782972e-02   4.5652477e-02   1.5217492e-01   6.0069048e-02
   1.2986141e-02   2.0504434e-03   1.1391352e-02   4.4965864e-03   2.4981035e-02   9.8609350e-03   5.4782972e-02   4.5652477e-02   1.5217492e-01   6.0069048e-02
   1.0269426e-02   3.4231421e-03   1.1410474e-02   4.5041344e-03   2.5022969e-02   9.8774877e-03   5.4874932e-02   4.5729110e-02   1.5243037e-01   6.0169881e-02
   1.2986141e-02   2.0504434e-03   5.3959036e-03   7.4943106e-03   2.4981035e-02   9.8609350e-03   5.4782972e-02   4.5652477e-02   1.5217492e-01   6.0069048e-02
   1.0269426e-02   3.4231421e-03   5.4049613e-03   7.5068906e-03   2.5022969e-02   9.8774877e-03   5.4874932e-02   4.5729110e-02   1.5243037e-01   6.0169881e-02
   1.0269426e-02   1.6214884e-03   9.0082688e-03   7.5068906e-03   2.5022969e-02   9.8774877e-03   5.4874932e-02   4.5729110e-02   1.5243037e-01   6.0169881e-02
   8.1210512e-03   2.7070171e-03   9.0233902e-03   7.5194918e-03   2.5064973e-02   9.8940682e-03   5.4967045e-02   4.5805871e-02   1.5268624e-01   6.0270883e-02
   1.6421547e-02   2.5928758e-03   6.8233575e-03   4.4890510e-03   1.1813292e-02   1.6407350e-02   5.4691167e-02   4.5575972e-02   1.5191991e-01   5.9968385e-02
   1.2986141e-02   4.3287138e-03   6.8348113e-03   4.4965864e-03   1.1833122e-02   1.6434892e-02   5.4782972e-02   4.5652477e-02   1.5217492e-01   6.0069048e-02
   1.2986141e-02   2.0504434e-03   1.1391352e-02   4.4965864e-03   1.1833122e-02   1.6434892e-02   5.4782972e-02   4.5652477e-02   1.5217492e-01   6.0069048e-02
   1.0269426e-02   3.4231421e-03   1.1410474e-02   4.5041344e-03   1.1852985e-02   1.6462479e-02   5.4874932e-02   4.5729110e-02   1.5243037e-01   6.0169881e-02
   1.2986141e-02   2.0504434e-03   5.3959036e-03   7.4943106e-03   1.1833122e-02   1.6434892e-02   5.4782972e-02   4.5652477e-02   1.5217492e-01   6.0069048e-02
   1.0269426e-02   3.4231421e-03   5.4049613e-03   7.5068906e-03   1.1852985e-02   1.6462479e-02   5.4874932e-02   4.5729110e-02   1.5243037e-01   6.0169881e-02
   1.0269426e-02   1.6214884e-03   9.0082688e-03   7.5068906e-03   1.1852985e-02   1.6462479e-02   5.4874932e-02   4.5729110e-02   1.5243037e-01   6.0169881e-02
   8.1210512e-03   2.7070171e-03   9.0233902e-03   7.5194918e-03   1.1872882e-02   1.6490114e-02   5.4967045e-02   4.5805871e-02   1.5268624e-01   6.0270883e-02
   1.2986141e-02   2.0504434e-03   5.3959036e-03   3.5499366e-03   1.9721870e-02   1.6434892e-02   5.4782972e-02   4.5652477e-02   1.5217492e-01   6.0069048e-02
   1.0269426e-02   3.4231421e-03   5.4049613e-03   3.5558956e-03   1.9754975e-02   1.6462479e-02   5.4874932e-02   4.5729110e-02   1.5243037e-01   6.0169881e-02
   1.0269426e-02   1.6214884e-03   9.0082688e-03   3.5558956e-03   1.9754975e-02   1.6462479e-02   5.4874932e-02   4.5729110e-02   1.5243037e-01   6.0169881e-02
   8.1210512e-03   2.7070171e-03   9.0233902e-03   3.5618645e-03   1.9788136e-02   1.6490114e-02   5.4967045e-02   4.5805871e-02   1.5268624e-01   6.0270883e-02
   1.0269426e-02   1.6214884e-03   4.2670747e-03   5.9264926e-03   1.9754975e-02   1.6462479e-02   5.4874932e-02   4.5729110e-02   1.5243037e-01   6.0169881e-02
   8.1210512e-03   2.7070171e-03   4.2742375e-03   5.9364409e-03   1.9788136e-02   1.6490114e-02   5.4967045e-02   4.5805871e-02   1.5268624e-01   6.0270883e-02
   8.1210512e-03   1.2822712e-03   7.1237291e-03   5.9364409e-03   1.9788136e-02   1.6490114e-02   5.4967045e-02   4.5805871e-02   1.5268624e-01   6.0270883e-02
   6.4221184e-03   2.1407061e-03   7.1356871e-03   5.9464059e-03   1.9821353e-02   1.6517794e-02   5.5059314e-02   4.5882762e-02   1.5294254e-01   6.0372055e-02
   3.3205948e-02   5.2430445e-03   1.3797485e-02   9.0772931e-03   2.3887613e-02   1.5715535e-02   4.1356671e-02   5.7439821e-02   9.0694454e-02   5.9667404e-02
   2.6259228e-02   8.7530759e-03   1.3820646e-02   9.0925303e-03   2.3927711e-02   1.5741915e-02   4.1426093e-02   5.7536240e-02   9.0846695e-02   5.9767563e-02
   2.6259228e-02   4.1461938e-03   2.3034410e-02   9.0925303e-03   2.3927711e-02   1.5741915e-02   4.1426093e-02   5.7536240e-02   9.0846695e-02   5.9767563e-02
   2.0765768e-02   6.9219228e-03   2.3073076e-02   9.1077932e-03   2.3967877e-02   1.5768340e-02   4.1495632e-02   5.7632822e-02   9.0999192e-02   5.9867889e-02
   2.6259228e-02   4.1461938e-03   1.0911036e-02   1.5154217e-02   2.3927711e-02   1.5741915e-02   4.1426093e-02   5.7536240e-02   9.0846695e-02   5.9767563e-02
   2.0765768e-02   6.9219228e-03   1.0929352e-02   1.5179655e-02   2.3967877e-02   1.5768340e-02   4.1495632e-02   5.7632822e-02   9.0999192e-02   5.9867889e-02
   2.0765768e-02   3.2788055e-03   1.8215586e-02   1.5179655e-02   2.3967877e-02   1.5768340e-02   4.1495632e-02   5.7632822e-02   9.0999192e-02   5.9867889e-02
   1.6421547e-02   5.4738490e-03   1.8246163e-02   1.5205136e-02   2.4008110e-02   1.5794809e-02   4.1565287e-02   5.7729565e-02   9.1151945e-02   5.9968385e-02
   2.6259228e-02   4.1461938e-03   1.0911036e-02   7.1783134e-03   3.9879519e-02   1.5741915e-02   4.1426093e-02   5.7536240e-02   9.0846695e-02   5.9767563e-02
   2.0765768e-02   6.9219228e-03   1.0929352e-02   7.1903630e-03   3.9946461e-02   1.5768340e-02   4.1495632e-02   5.7632822e-02   9.0999192e-02   5.9867889e-02
   2.0765768e-02   3.2788055e-03   1.8215586e-02   7.1903630e-03   3.9946461e-02   1.5768340e-02   4.1495632e-02   5.7632822e-02   9.0999192e-02   5.9867889e-02
   1.6421547e-02   5.4738490e-03   1.8246163e-02   7.2024329e-03   4.0013516e-02   1.5794809e-02   4.1565287e-02   5.7729565e-02   9.1151945e-02   5.9968385e-02
   2.0765768e-02   3.2788055e-03   8.6284356e-03   1.1983938e-02   3.9946461e-02   1.5768340e-02   4.1495632e-02   5.7632822e-02   9.0999192e-02   5.9867889e-02
   1.6421547e-02   5.4738490e-03   8.6429195e-03   1.2004055e-02   4.0013516e-02   1.5794809e-02   4.1565287e-02   5.7729565e-02   9.1151945e-02   5.9968385e-02
   1.6421547e-02   2.5928758e-03   1.4404866e-02   1.2004055e-02   4.0013516e-02   1.5794809e-02   4.1565287e-02   5.7729565e-02   9.1151945e-02   5.9968385e-02
   1.2986141e-02   4.3287138e-03   1.4429046e-02   1.2024205e-02   4.0080683e-02   1.5821322e-02   4.1635059e-02   5.7826471e-02   9.1304954e-02   6.0069048e-02
   2.6259228e-02   4.1461938e-03   1.0911036e-02   7.1783134e-03   1.8890298e-02   2.6236526e-02   4.1426093e-02   5.7536240e-02   9.0846695e-02   5.9767563e-02
   2.0765768e-02   6.9219228e-03   1.0929352e-02   7.1903630e-03   1.8922008e-02   2.6280567e-02   4.1495632e-02   5.7632822e-02   9.0999192e-02   5.9867889e-02
   2.0765768e-02   3.2788055e-03   1.8215586e-02   7.1903630e-03   1.8922008e-02   2.6280567e-02   4.1495632e-02   5.7632822e-02   9.0999192e-02   5.9867889e-02
   1.6421547e-02   5.4738490e-03   1.8246163e-02   7.2024329e-03   1.8953771e-02   2.6324682e-02   4.1565287e-02   5.7729565e-02   9.1151945e-02   5.9968385e-02
   2.0765768e-02   3.2788055e-03   8.6284356e-03   1.1983938e-02   1.8922008e-02   2.6280567e-02   4.1495632e-02   5.7632822e-02   9.0999192e-02   5.9867889e-02
   1.6421547e-02   5.4738490e-03   8.6429195e-03   1.2004055e-02   1.8953771e-02   2.6324682e-02   4.1565287e-02   5.7729565e-02   9.1151945e-02   5.9968385e-02
   1.6421547e-02   2.5928758e-03   1.4404866e-02   1.2004055e-02   1.8953771e-02   2.6324682e-02   4.1565287e-02   5.7729565e-02   9.1151945e-02   5.9968385e-02
   1.2986141e-02   4.3287138e-03   1.4429046e-02   1.2024205e-02   1.8985587e-02   2.6368871e-02   4.1635059e-02   5.7826471e-02   9.1304954e-02   6.0069048e-02
   2.0765768e-02   3.2788055e-03   8.6284356e-03   5.6766024e-03   3.1536680e-02   2.6280567e-02   4.1495632e-02   5.7632822e-02   9.0999192e-02   5.9867889e-02
   1.6421547e-02   5.4738490e-03   8.6429195e-03   5.6861312e-03   3.1589618e-02   2.6324682e-02   4.1565287e-02   5.7729565e-02   9.1151945e-02   5.9968385e-02
   1.6421547e-02   2.5928758e-03   1.4404866e-02   5.6861312e-03   3.1589618e-02   2.6324682e-02   4.1565287e-02   5.7729565e-02   9.1151945e-02   5.9968385e-02
   1.2986141e-02   4.3287138e-03   1.4429046e-02   5.6956760e-03   3.1642645e-02   2.6368871e-02   4.1635059e-02   5.7826471e-02   9.1304954e-02   6.0069048e-02
   1.6421547e-02   2.5928758e-03   6.8233575e-03   9.4768854e-03   3.1589618e-02   2.6324682e-02   4.1565287e-02   5.7729565e-02   9.1151945e-02   5.9968385e-02
   1.2986141e-02   4.3287138e-03   6.8348113e-03   9.4927934e-03   3.1642645e-02   2.6368871e-02   4.1635059e-02   5.7826471e-02   9.1304954e-02   6.0069048e-02
   1.2986141e-02   2.0504434e-03   1.1391352e-02   9.4927934e-03   3.1642645e-02   2.6368871e-02   4.1635059e-02   5.7826471e-02   9.1304954e-02   6.0069048e-02
   1.0269426e-02   3.4231421e-03   1.1410474e-02   9.5087282e-03   3.1695761e-02   2.6413134e-02   4.1704948e-02   5.7923539e-02   9.1458219e-02   6.0169881e-02
   2.6259228e-02   4.1461938e-03   1.0911036e-02   7.1783134e-03   1.8890298e-02   1.2427828e-02   6.9043489e-02   5.7536240e-02   9.0846695e-02   5.9767563e-02
   2.0765768e-02   6.9219228e-03   1.0929352e-02   7.1903630e-03   1.8922008e-02   1.2448689e-02   6.9159386e-02   5.7632822e-02   9.0999192e-02   5.9867889e-02
   2.0765768e-02   3.2788055e-03   1.8215586e-02   7.1903630e-03   1.8922008e-02   1.2448689e-02   6.9159386e-02   5.7632822e-02   9.0999192e-02   5.9867889e-02
   1.6421547e-02   5.4738490e-03   1.8246163e-02   7.2024329e-03   1.8953771e-02   1.2469586e-02   6.9275478e-02   5.7729565e-02   9.1151945e-02   5.9968385e-02
   2.0765768e-02   3.2788055e-03   8.6284356e-03   1.1983938e-02   1.8922008e-02   1.2448689e-02   6.9159386e-02   5.7632822e-02   9.0999192e-02   5.9867889e-02
   1.6421547e-02   5.4738490e-03   8.6429195e-03   1.2004055e-02   1.8953771e-02   1.2469586e-02   6.9275478e-02   5.7729565e-02   9.1151945e-02   5.9968385e-02
   1.6421547e-02   2.5928758e-03   1.4404866e-02   1.2004055e-02   1.8953771e-02   1.2469586e-02   6.9275478e-02   5.7729565e-02   9.1151945e-02   5.9968385e-02
   1.2986141e-02   4.3287138e-03   1.4429046e-02   1.2024205e-02   1.8985587e-02   1.2490518e-02   6.9391765e-02   5.7826471e-02   9.1304954e-02   6.0069048e-02
   2.0765768e-02   3.2788055e-03   8.6284356e-03   5.6766024e-03   3.1536680e-02   1.2448689e-02   6.9159386e-02   5.7632822e-02   9.0999192e-02   5.9867889e-02
   1.6421547e-02   5.4738490e-03   8.6429195e-03   5.6861312e-03   3.1589618e-02   1.2469586e-02   6.9275478e-02   5.7729565e-02   9.1151945e-02   5.9968385e-02
   1.6421547e-02   2.5928758e-03   1.4404866e-02   5.6861312e-03   3.1589618e-02   1.2469586e-02   6.9275478e-02   5.7729565e-02   9.1151945e-02   5.9968385e-02
   1.2986141e-02   4.3287138e-03   1.4429046e-02   5.6956760e-03   3.1642645e-02   1.2490518e-02   6.9391765e-02   5.7826471e-02   9.1304954e-02   6.0069048e-02
   1.6421547e-02   2.5928758e-03   6.8233575e-03   9.4768854e-03   3.1589618e-02   1.2469586e-02   6.9275478e-02   5.7729565e-02   9.1151945e-02   5.9968385e-02
   1.2986141e-02   4.3287138e-03   6.8348113e-03   9.4927934e-03   3.1642645e-02   1.2490518e-02   6.9391765e-02   5.7826471e-02   9.1304954e-02   6.0069048e-02
   1.2986141e-02   2.0504434e-03   1.1391352e-02   9.4927934e-03   3.1642645e-02   1.2490518e-02   6.9391765e-02   5.7826471e-02   9.1304954e-02   6.0069048e-02
   1.0269426e-02   3.4231421e-03   1.1410474e-02   9.5087282e-03   3.1695761e-02   1.2511484e-02   6.9508247e-02   5.7923539e-02   9.1458219e-02   6.0169881e-02
   2.0765768e-02   3.2788055e-03   8.6284356e-03   5.6766024e-03   1.4938427e-02   2.0747816e-02   6.9159386e-02   5.7632822e-02   9.0999192e-02   5.9867889e-02
   1.6421547e-02   5.4738490e-03   8.6429195e-03   5.6861312e-03   1.4963503e-02   2.0782643e-02   6.9275478e-02   5.7729565e-02   9.1151945e-02   5.9968385e-02
   1.6421547e-02   2.5928758e-03   1.4404866e-02   5.6861312e-03   1.4963503e-02   2.0782643e-02   6.9275478e-02   5.7729565e-02   9.1151945e-02   5.9968385e-02
   1.2986141e-02   4.3287138e-03   1.4429046e-02   5.6956760e-03   1.4988621e-02   2.0817529e-02   6.9391765e-02   5.7826471e-02   9.1304954e-02   6.0069048e-02
   1.6421547e-02   2.5928758e-03   6.8233575e-03   9.4768854e-03   1.4963503e-02   2.0782643e-02   6.9275478e-02   5.7729565e-02   9.1151945e-02   5.9968385e-02
   1.2986141e-02   4.3287138e-03   6.8348113e-03   9.4927934e-03   1.4988621e-02   2.0817529e-02   6.9391765e-02   5.7826471e-02   9.1304954e-02   6.0069048e-02
   1.2986141e-02   2.0504434e-03   1.1391352e-02   9.4927934e-03   1.4988621e-02   2.0817529e-02   6.9391765e-02   5.7826471e-02   9.1304954e-02   6.0069048e-02
   1.0269426e-02   3.4231421e-03   1.1410474e-02   9.5087282e-03   1.5013781e-02   2.0852474e-02   6.9508247e-02   5.7923539e-02   9.1458219e-02   6.0169881e-02
   1.6421547e-02   2.5928758e-03   6.8233575e-03   4.4890510e-03   2.4939172e-02   2.0782643e-02   6.9275478e-02   5.7729565e-02   9.1151945e-02   5.9968385e-02
   1.2986141e-02   4.3287138e-03   6.8348113e-03   4.4965864e-03   2.4981035e-02   2.0817529e-02   6.9391765e-02   5.7826471e-02   9.1304954e-02   6.0069048e-02
   1.2986141e-02   2.0504434e-03   1.1391352e-02   4.4965864e-03   2.4981035e-02   2.0817529e-02   6.9391765e-02   5.7826471e-02   9.1304954e-02   6.0069048e-02
   1.0269426e-02   3.4231421e-03   1.1410474e-02   4.5041344e-03   2.5022969e-02   2.0852474e-02   6.9508247e-02   5.7923539e-02   9.1458219e-02   6.0169881e-02
   1.2986141e-02   2.0504434e-03   5.3959036e-03   7.4943106e-03   2.4981035e-02   2.0817529e-02   6.9391765e-02   5.7826471e-02   9.1304954e-02   6.0069048e-02
   1.0269426e-02   3.4231421e-03   5.4049613e-03   7.5068906e-03   2.5022969e-02   2.0852474e-02   6.9508247e-02   5.7923539e-02   9.1458219e-02   6.0169881e-02
   1.0269426e-02   1.6214884e-03   9.0082688e-03   7.5068906e-03   2.5022969e-02   2.0852474e-02   6.9508247e-02   5.7923539e-02   9.1458219e-02   6.0169881e-02
   8.1210512e-03   2.7070171e-03   9.0233902e-03   7.5194918e-03   2.5064973e-02   2.0887477e-02   6.9624924e-02   5.8020770e-02   9.1611742e-02   6.0270883e-02
   3.3205948e-02   5.2430445e-03   1.3797485e-02   9.0772931e-03   2.3887613e-02   1.5715535e-02   8.7308528e-02   3.4463893e-02   9.0694454e-02   5.9667404e-02
   2.6259228e-02   8.7530759e-03   1.3820646e-02   9.0925303e-03   2.3927711e-02   1.5741915e-02   8.7455085e-02   3.4521744e-02   9.0846695e-02   5.9767563e-02
   2.6259228e-02   4.1461938e-03   2.3034410e-02   9.0925303e-03   2.3927711e-02   1.5741915e-02   8.7455085e-02   3.4521744e-02   9.0846695e-02   5.9767563e-02
   2.0765768e-02   6.9219228e-03   2.3073076e-02   9.1077932e-03   2.3967877e-02   1.5768340e-02   8.7601889e-02   3.4579693e-02   9.0999192e-02   5.9867889e-02
   2.6259228e-02   4.1461938e-03   1.0911036e-02   1.5154217e-02   2.3927711e-02   1.5741915e-02   8.7455085e-02   3.4521744e-02   9.0846695e-02   5.9767563e-02
   2.0765768e-02   6.9219228e-03   1.0929352e-02   1.5179655e-02   2.3967877e-02   1.5768340e-02   8.7601889e-02   3.4579693e-02   9.0999192e-02   5.9867889e-02
   2.0765768e-02   3.2788055e-03   1.8215586e-02   1.5179655e-02   2.3967877e-02   1.5768340e-02   8.7601889e-02   3.4579693e-02   9.0999192e-02   5.9867889e-02
   1.6421547e-02   5.4738490e-03   1.8246163e-02   1.5205136e-02   2.4008110e-02   1.5794809e-02   8.7748939e-02   3.4637739e-02   9.1151945e-02   5.9968385e-02
   2.6259228e-02   4.1461938e-03   1.0911036e-02   7.1783134e-03   3.9879519e-02   1.5741915e-02   8.7455085e-02   3.4521744e-02   9.0846695e-02   5.9767563e-02
   2.0765768e-02   6.9219228e-03   1.0929352e-02   7.1903630e-03   3.9946461e-02   1.5768340e-02   8.7601889e-02   3.4579693e-02   9.0999192e-02   5.9867889e-02
   2.0765768e-02   3.2788055e-03   1.8215586e-02   7.1903630e-03   3.9946461e-02   1.5768340e-02   8.7601889e-02   3.4579693e-02   9.0999192e-02   5.9867889e-02
   1.6421547e-02   5.4738490e-03   1.8246163e-02   7.2024329e-03   4.0013516e-02   1.5794809e-02   8.7748939e-02   3.4637739e-02   9.1151945e-02   5.9968385e-02
   2.0765768e-02   3.2788055e-03   8.6284356e-03   1.1983938e-02   3.9946461e-02   1.5768340e-02   8.7601889e-02   3.4579693e-02   9.0999192e-02   5.9867889e-02
   1.6421547e-02   5.4738490e-03   8.6429195e-03   1.2004055e-02   4.0013516e-02   1.5794809e-02   8.7748939e-02   3.4637739e-02   9.1151945e-02   5.9968385e-02
   1.6421547e-02   2.5928758e-03   1.4404866e-02   1.2004055e-02   4.0013516e-02   1.5794809e-02   8.7748939e-02   3.4637739e-02   9.1151945e-02   5.9968385e-02
   1.2986141e-02   4.3287138e-03   1.4429046e-02   1.2024205e-02   4.0080683e-02   1.5821322e-02   8.7896235e-02   3.4695882e-02   9.1304954e-02   6.0069048e-02
   2.6259228e-02   4.1461938e-03   1.0911036e-02   7.1783134e-03   1.8890298e-02   2.6236526e-02   8.7455085e-02   3.4521744e-02   9.0846695e-02   5.9767563e-02
   2.0765768e-02   6.9219228e-03   1.0929352e-02   7.1903630e-03   1.8922008e-02   2.6280567e-02   8.7601889e-02   3.4579693e-02   9.0999192e-02   5.9867889e-02
   2.0765768e-02   3.2788055e-03   1.8215586e-02   7.1903630e-03   1.8922008e-02   2.6280567e-02   8.7601889e-02   3.4579693e-02   9.0999192e-02   5.9867889e-02
   1.6421547e-02   5.4738490e-03   1.8246163e-02   7.2024329e-03   1.8953771e-02   2.6324682e-02   8.7748939e-02   3.4637739e-02   9.1151945e-02   5.9968385e-02
   2.0765768e-02   3.2788055e-03   8.6284356e-03   1.1983938e-02   1.8922008e-02   2.6280567e-02   8.7601889e-02   3.4579693e-02   9.0999192e-02   5.9867889e-02
   1.6421547e-02   5.4738490e-03   8.6429195e-03   1.2004055e-02   1.8953771e-02   2.6324682e-02   8.7748939e-02   3.4637739e-02   9.1151945e-02   5.9968385e-02
   1.6421547e-02   2.5928758e-03   1.4404866e-02   1.2004055e-02   1.8953771e-02   2.6324682e-02   8.7748939e-02   3.4637739e-02   9.1151945e-02   5.9968385e-02
   1.2986141e-02   4.3287138e-03   1.4429046e-02   1.2024205e-02   1.8985587e-02   2.6368871e-02   8.7896235e-02   3.4695882e-02   9.1304954e-02   6.0069048e-02
   2.0765768e-02   3.2788055e-03   8.6284356e-03   5.6766024e-03   3.1536680e-02   2.6280567e-02   8.7601889e-02   3.4579693e-02   9.0999192e-02   5.9867889e-02
   1.6421547e-02   5.4738490e-03   8.6429195e-03   5.6861312e-03   3.1589618e-02   2.6324682e-02   8.7748939e-02   3.4637739e-02   9.1151945e-02   5.9968385e-02
   1.6421547e-02   2.5928758e-03   1.4404866e-02   5.6861312e-03   3.1589618e-02   2.6324682e-02   8.7748939e-02   3.4637739e-02   9.1151945e-02   5.9968385e-02
   1.2986141e-02   4.3287138e-03   1.4429046e-02   5.6956760e-03   3.1642645e-02   2.6368871e-02   8.7896235e-02   3.4695882e-02   9.1304954e-02   6.0069048e-02
   1.6421547e-02   2.5928758e-03   6.8233575e-03   9.4768854e-03   3.1589618e-02   2.6324682e-02   8.7748939e-02   3.4637739e-02   9.1151945e-02   5.9968385e-02
   1.2986141e-02   4.3287138e-03   6.8348113e-03   9.4927934e-03   3.1642645e-02   2.6368871e-02   8.7896235e-02   3.4695882e-02   9.1304954e-02   6.0069048e-02
   1.2986141e-02   2.0504434e-03   1.1391352e-02   9.4927934e-03   3.1642645e-02   2.6368871e-02   8.7896235e-02   3.4695882e-02   9.1304954e-02   6.0069048e-02
   1.0269426e-02   3.4231421e-03   1.1410474e-02   9.5087282e-03   3.1695761e-02   2.6413134e-02   8.8043779e-02   3.4754123e-02   9.1458219e-02   6.0169881e-02
   3.3205948e-02   5.2430445e-03   1.3797485e-02   9.0772931e-03   2.3887613e-02   3.3177241e-02   5.2385117e-02   3.4463893e-02   9.0694454e-02   5.9667404e-02
   2.6259228e-02   8.7530759e-03   1.3820646e-02   9.0925303e-03   2.3927711e-02   3.3232932e-02   5.2473051e-02   3.4521744e-02   9.0846695e-02   5.9767563e-02
   2.6259228e-02   4.1461938e-03   2.3034410e-02   9.0925303e-03   2.3927711e-02   3.3232932e-02   5.2473051e-02   3.4521744e-02   9.0846695e-02   5.9767563e-02
   2.0765768e-02   6.9219228e-03   2.3073076e-02   9.1077932e-03   2.3967877e-02   3.3288718e-02   5.2561133e-02   3.4579693e-02   9.0999192e-02   5.9867889e-02
   2.6259228e-02   4.1461938e-03   1.0911036e-02   1.5154217e-02   2.3927711e-02   3.3232932e-02   5.2473051e-02   3.4521744e-02   9.0846695e-02   5.9767563e-02
   2.0765768e-02   6.9219228e-03   1.0929352e-02   1.5179655e-02   2.3967877e-02   3.3288718e-02   5.2561133e-02   3.4579693e-02   9.0999192e-02   5.9867889e-02
   2.0765768e-02   3.2788055e-03   1.8215586e-02   1.5179655e-02   2.3967877e-02   3.3288718e-02   5.2561133e-02   3.4579693e-02   9.0999192e-02   5.9867889e-02
   1.6421547e-02   5.4738490e-03   1.8246163e-02   1.5205136e-02   2.4008110e-02   3.3344597e-02   5.2649363e-02   3.4637739e-02   9.1151945e-02   5.9968385e-02
   2.6259228e-02   4.1461938e-03   1.0911036e-02   7.1783134e-03   3.9879519e-02   3.3232932e-02   5.2473051e-02   3.4521744e-02   9.0846695e-02   5.9767563e-02
   2.0765768e-02   6.9219228e-03   1.0929352e-02   7.1903630e-03   3.9946461e-02   3.3288718e-02   5.2561133e-02   3.4579693e-02   9.0999192e-02   5.9867889e-02
   2.0765768e-02   3.2788055e-03   1.8215586e-02   7.1903630e-03   3.9946461e-02   3.3288718e-02   5.2561133e-02   3.4579693e-02   9.0999192e-02   5.9867889e-02
   1.6421547e-02   5.4738490e-03   1.8246163e-02   7.2024329e-03   4.0013516e-02   3.3344597e-02   5.2649363e-02   3.4637739e-02   9.1151945e-02   5.9968385e-02
   2.0765768e-02   3.2788055e-03   8.6284356e-03   1.1983938e-02   3.9946461e-02   3.3288718e-02   5.2561133e-02   3.4579693e-02   9.0999192e-02   5.9867889e-02
   1.6421547e-02   5.4738490e-03   8.6429195e-03   1.2004055e-02   4.0013516e-02   3.3344597e-02   5.2649363e-02   3.4637739e-02   9.1151945e-02   5.9968385e-02
   1.6421547e-02   2.5928758e-03   1.4404866e-02   1.2004055e-02   4.0013516e-02   3.3344597e-02   5.2649363e-02   3.4637739e-02   9.1151945e-02   5.9968385e-02
   1.2986141e-02   4.3287138e-03   1.4429046e-02   1.2024205e-02   4.0080683e-02   3.3400569e-02   5.2737741e-02   3.4695882e-02   9.1304954e-02   6.0069048e-02
   3.3205948e-02   5.2430445e-03   1.3797485e-02   9.0772931e-03   5.0429406e-02   1.9906344e-02   5.2385117e-02   3.4463893e-02   9.0694454e-02   5.9667404e-02
   2.6259228e-02   8.7530759e-03   1.3820646e-02   9.0925303e-03   5.0514057e-02   1.9939759e-02   5.2473051e-02   3.4521744e-02   9.0846695e-02   5.9767563e-02
   2.6259228e-02   4.1461938e-03   2.3034410e-02   9.0925303e-03   5.0514057e-02   1.9939759e-02   5.2473051e-02   3.4521744e-02   9.0846695e-02   5.9767563e-02
   2.0765768e-02   6.9219228e-03   2.3073076e-02   9.1077932e-03   5.0598851e-02   1.9973231e-02   5.2561133e-02   3.4579693e-02   9.0999192e-02   5.9867889e-02
   2.6259228e-02   4.1461938e-03   1.0911036e-02   1.5154217e-02   5.0514057e-02   1.9939759e-02   5.2473051e-02   3.4521744e-02   9.0846695e-02   5.9767563e-02
   2.0765768e-02   6.9219228e-03   1.0929352e-02   1.5179655e-02   5.0598851e-02   1.9973231e-02   5.2561133e-02   3.4579693e-02   9.0999192e-02   5.9867889e-02
   2.0765768e-02   3.2788055e-03   1.8215586e-02   1.5179655e-02   5.0598851e-02   1.9973231e-02   5.2561133e-02   3.4579693e-02   9.0999192e-02   5.9867889e-02
   1.6421547e-02   5.4738490e-03   1.8246163e-02   1.5205136e-02   5.0683787e-02   2.0006758e-02   5.2649363e-02   3.4637739e-02   9.1151945e-02   5.9968385e-02
   3.3205948e-02   5.2430445e-03   1.3797485e-02   1.9163174e-02   3.0257644e-02   1.9906344e-02   5.2385117e-02   3.4463893e-02   9.0694454e-02   5.9667404e-02
   2.6259228e-02   8.7530759e-03   1.3820646e-02   1.9195342e-02   3.0308434e-02   1.9939759e-02   5.2473051e-02   3.4521744e-02   9.0846695e-02   5.9767563e-02
   2.6259228e-02   4.1461938e-03   2.3034410e-02   1.9195342e-02   3.0308434e-02   1.9939759e-02   5.2473051e-02   3.4521744e-02   9.0846695e-02   5.9767563e-02
   2.0765768e-02   6.9219228e-03   2.3073076e-02   1.9227563e-02   3.0359311e-02   1.9973231e-02   5.2561133e-02   3.4579693e-02   9.0999192e-02   5.9867889e-02
   3.3205948e-02   5.2430445e-03   2.9128025e-02   1.1497905e-02   3.0257644e-02   1.9906344e-02   5.2385117e-02   3.4463893e-02   9.0694454e-02   5.9667404e-02
   2.6259228e-02   8.7530759e-03   2.9176920e-02   1.1517205e-02   3.0308434e-02   1.9939759e-02   5.2473051e-02   3.4521744e-02   9.0846695e-02   5.9767563e-02
   3.3205948e-02   1.1068649e-02   1.7476815e-02   1.1497905e-02   3.0257644e-02   1.9906344e-02   5.2385117e-02   3.4463893e-02   9.0694454e-02   5.9667404e-02
   4.1990382e-02   6.6300603e-03   1.7447527e-02   1.1478636e-02   3.0206938e-02   1.9872985e-02   5.2297330e-02   3.4406138e-02   9.0542469e-02   5.9567414e-02
