   1.2571391e+00   4.8888741e-01   6.7901029e-01   9.4306985e-01   1.3098192e+00
   4.8888741e-01   1.2571391e+00   6.7901029e-01   9.4306985e-01   1.3098192e+00
   4.8888741e-01   1.9012288e-01   1.7460265e+00   9.4306985e-01   1.3098192e+00
   1.9012288e-01   4.8888741e-01   1.7460265e+00   9.4306985e-01   1.3098192e+00
   4.8888741e-01   1.9012288e-01   2.6405956e-01   2.4250367e+00   1.3098192e+00
   1.9012288e-01   4.8888741e-01   2.6405956e-01   2.4250367e+00   1.3098192e+00
   1.9012288e-01   7.3936676e-02   6.7901029e-01   2.4250367e+00   1.3098192e+00
   7.3936676e-02   1.9012288e-01   6.7901029e-01   2.4250367e+00   1.3098192e+00
   4.8888741e-01   1.9012288e-01   2.6405956e-01   3.6674938e-01   3.3681066e+00
   1.9012288e-01   4.8888741e-01   2.6405956e-01   3.6674938e-01   3.3681066e+00
   1.9012288e-01   7.3936676e-02   6.7901029e-01   3.6674938e-01   3.3681066e+00
   7.3936676e-02   1.9012288e-01   6.7901029e-01   3.6674938e-01   3.3681066e+00
   1.9012288e-01   7.3936676e-02   1.0268983e-01   9.4306985e-01   3.3681066e+00
   7.3936676e-02   1.9012288e-01   1.0268983e-01   9.4306985e-01   3.3681066e+00
   7.3936676e-02   2.8753152e-02   2.6405956e-01   9.4306985e-01   3.3681066e+00
   2.8753152e-02   7.3936676e-02   2.6405956e-01   9.4306985e-01   3.3681066e+00
