   1.7003954e+01   0.0000000e+00   0.0000000e+00   0.0000000e+00   0.0000000e+00   0.0000000e+00   0.0000000e+00   0.0000000e+00
   2.6225312e+00   8.4979899e+00   0.0000000e+00   0.0000000e+00   0.0000000e+00   0.0000000e+00   0.0000000e+00   0.0000000e+00
   2.6225312e+00   0.0000000e+00   8.4979899e+00   0.0000000e+00   0.0000000e+00   0.0000000e+00   0.0000000e+00   0.0000000e+00
   4.0477129e-01   1.3116116e+00   8.9007403e+00   0.0000000e+00   0.0000000e+00   0.0000000e+00   0.0000000e+00   0.0000000e+00
   2.6225312e+00   0.0000000e+00   0.0000000e+00   8.4979899e+00   0.0000000e+00   0.0000000e+00   0.0000000e+00   0.0000000e+00
   4.0477129e-01   1.3116116e+00   0.0000000e+00   8.9007403e+00   0.0000000e+00   0.0000000e+00   0.0000000e+00   0.0000000e+00
   4.0477129e-01   0.0000000e+00   1.3116116e+00   8.9007403e+00   0.0000000e+00   0.0000000e+00   0.0000000e+00   0.0000000e+00
   6.2520464e-02   2.0258988e-01   1.3747971e+00   9.3295240e+00   0.0000000e+00   0.0000000e+00   0.0000000e+00   0.0000000e+00
   2.6225312e+00   0.0000000e+00   0.0000000e+00   0.0000000e+00   8.4979899e+00   0.0000000e+00   0.0000000e+00   0.0000000e+00
   4.0477129e-01   1.3116116e+00   0.0000000e+00   0.0000000e+00   8.9007403e+00   0.0000000e+00   0.0000000e+00   0.0000000e+00
   4.0477129e-01   0.0000000e+00   1.3116116e+00   0.0000000e+00   8.9007403e+00   0.0000000e+00   0.0000000e+00   0.0000000e+00
   6.2520464e-02   2.0258988e-01   1.3747971e+00   0.0000000e+00   9.3295240e+00   0.0000000e+00   0.0000000e+00   0.0000000e+00
   4.0477129e-01   0.0000000e+00   0.0000000e+00   1.3116116e+00   8.9007403e+00   0.0000000e+00   0.0000000e+00   0.0000000e+00
   6.2520464e-02   2.0258988e-01   0.0000000e+00   1.3747971e+00   9.3295240e+00   0.0000000e+00   0.0000000e+00   0.0000000e+00
   6.2520464e-02   0.0000000e+00   2.0258988e-01   1.3747971e+00   9.3295240e+00   0.0000000e+00   0.0000000e+00   0.0000000e+00
   9.6641423e-03   3.1315465e-02   2.1251018e-01   1.4421174e+00   9.7863667e+00   0.0000000e+00   0.0000000e+00   0.0000000e+00
   2.6225312e+00   0.0000000e+00   0.0000000e+00   0.0000000e+00   0.0000000e+00   8.4979899e+00   0.0000000e+00   0.0000000e+00
   4.0477129e-01   1.3116116e+00   0.0000000e+00   0.0000000e+00   0.0000000e+00   8.9007403e+00   0.0000000e+00   0.0000000e+00
   4.0477129e-01   0.0000000e+00   1.3116116e+00   0.0000000e+00   0.0000000e+00   8.9007403e+00   0.0000000e+00   0.0000000e+00
   6.2520464e-02   2.0258988e-01   1.3747971e+00   0.0000000e+00   0.0000000e+00   9.3295240e+00   0.0000000e+00   0.0000000e+00
   4.0477129e-01   0.0000000e+00   0.0000000e+00   1.3116116e+00   0.0000000e+00   8.9007403e+00   0.0000000e+00   0.0000000e+00
   6.2520464e-02   2.0258988e-01   0.0000000e+00   1.3747971e+00   0.0000000e+00   9.3295240e+00   0.0000000e+00   0.0000000e+00
   6.2520464e-02   0.0000000e+00   2.0258988e-01   1.3747971e+00   0.0000000e+00   9.3295240e+00   0.0000000e+00   0.0000000e+00
   9.6641423e-03   3.1315465e-02   2.1251018e-01   1.4421174e+00   0.0000000e+00   9.7863667e+00   0.0000000e+00   0.0000000e+00
   4.0477129e-01   0.0000000e+00   0.0000000e+00   0.0000000e+00   1.3116116e+00   8.9007403e+00   0.0000000e+00   0.0000000e+00
   6.2520464e-02   2.0258988e-01   0.0000000e+00   0.0000000e+00   1.3747971e+00   9.3295240e+00   0.0000000e+00   0.0000000e+00
   6.2520464e-02   0.0000000e+00   2.0258988e-01   0.0000000e+00   1.3747971e+00   9.3295240e+00   0.0000000e+00   0.0000000e+00
   9.6641423e-03   3.1315465e-02   2.1251018e-01   0.0000000e+00   1.4421174e+00   9.7863667e+00   0.0000000e+00   0.0000000e+00
   6.2520464e-02   0.0000000e+00   0.0000000e+00   2.0258988e-01   1.3747971e+00   9.3295240e+00   0.0000000e+00   0.0000000e+00
   9.6641423e-03   3.1315465e-02   0.0000000e+00   2.1251018e-01   1.4421174e+00   9.7863667e+00   0.0000000e+00   0.0000000e+00
   9.6641423e-03   0.0000000e+00   3.1315465e-02   2.1251018e-01   1.4421174e+00   9.7863667e+00   0.0000000e+00   0.0000000e+00
   1.4949903e-03   4.8443323e-03   3.2874170e-02   2.2308772e-01   1.5138977e+00   1.0273476e+01   0.0000000e+00   0.0000000e+00
   2.6225312e+00   0.0000000e+00   0.0000000e+00   0.0000000e+00   0.0000000e+00   0.0000000e+00   8.4979899e+00   0.0000000e+00
   4.0477129e-01   1.3116116e+00   0.0000000e+00   0.0000000e+00   0.0000000e+00   0.0000000e+00   8.9007403e+00   0.0000000e+00
   4.0477129e-01   0.0000000e+00   1.3116116e+00   0.0000000e+00   0.0000000e+00   0.0000000e+00   8.9007403e+00   0.0000000e+00
   6.2520464e-02   2.0258988e-01   1.3747971e+00   0.0000000e+00   0.0000000e+00   0.0000000e+00   9.3295240e+00   0.0000000e+00
   4.0477129e-01   0.0000000e+00   0.0000000e+00   1.3116116e+00   0.0000000e+00   0.0000000e+00   8.9007403e+00   0.0000000e+00
   6.2520464e-02   2.0258988e-01   0.0000000e+00   1.3747971e+00   0.0000000e+00   0.0000000e+00   9.3295240e+00   0.0000000e+00
   6.2520464e-02   0.0000000e+00   2.0258988e-01   1.3747971e+00   0.0000000e+00   0.0000000e+00   9.3295240e+00   0.0000000e+00
   9.6641423e-03   3.1315465e-02   2.1251018e-01   1.4421174e+00   0.0000000e+00   0.0000000e+00   9.7863667e+00   0.0000000e+00
   4.0477129e-01   0.0000000e+00   0.0000000e+00   0.0000000e+00   1.3116116e+00   0.0000000e+00   8.9007403e+00   0.0000000e+00
   6.2520464e-02   2.0258988e-01   0.0000000e+00   0.0000000e+00   1.3747971e+00   0.0000000e+00   9.3295240e+00   0.0000000e+00
   6.2520464e-02   0.0000000e+00   2.0258988e-01   0.0000000e+00   1.3747971e+00   0.0000000e+00   9.3295240e+00   0.0000000e+00
   9.6641423e-03   3.1315465e-02   2.1251018e-01   0.0000000e+00   1.4421174e+00   0.0000000e+00   9.7863667e+00   0.0000000e+00
   6.2520464e-02   0.0000000e+00   0.0000000e+00   2.0258988e-01   1.3747971e+00   0.0000000e+00   9.3295240e+00   0.0000000e+00
   9.6641423e-03   3.1315465e-02   0.0000000e+00   2.1251018e-01   1.4421174e+00   0.0000000e+00   9.7863667e+00   0.0000000e+00
   9.6641423e-03   0.0000000e+00   3.1315465e-02   2.1251018e-01   1.4421174e+00   0.0000000e+00   9.7863667e+00   0.0000000e+00
   1.4949903e-03   4.8443323e-03   3.2874170e-02   2.2308772e-01   1.5138977e+00   0.0000000e+00   1.0273476e+01   0.0000000e+00
   4.0477129e-01   0.0000000e+00   0.0000000e+00   0.0000000e+00   0.0000000e+00   1.3116116e+00   8.9007403e+00   0.0000000e+00
   6.2520464e-02   2.0258988e-01   0.0000000e+00   0.0000000e+00   0.0000000e+00   1.3747971e+00   9.3295240e+00   0.0000000e+00
   6.2520464e-02   0.0000000e+00   2.0258988e-01   0.0000000e+00   0.0000000e+00   1.3747971e+00   9.3295240e+00   0.0000000e+00
   9.6641423e-03   3.1315465e-02   2.1251018e-01   0.0000000e+00   0.0000000e+00   1.4421174e+00   9.7863667e+00   0.0000000e+00
   6.2520464e-02   0.0000000e+00   0.0000000e+00   2.0258988e-01   0.0000000e+00   1.3747971e+00   9.3295240e+00   0.0000000e+00
   9.6641423e-03   3.1315465e-02   0.0000000e+00   2.1251018e-01   0.0000000e+00   1.4421174e+00   9.7863667e+00   0.0000000e+00
   9.6641423e-03   0.0000000e+00   3.1315465e-02   2.1251018e-01   0.0000000e+00   1.4421174e+00   9.7863667e+00   0.0000000e+00
   1.4949903e-03   4.8443323e-03   3.2874170e-02   2.2308772e-01   0.0000000e+00   1.5138977e+00   1.0273476e+01   0.0000000e+00
   6.2520464e-02   0.0000000e+00   0.0000000e+00   0.0000000e+00   2.0258988e-01   1.3747971e+00   9.3295240e+00   0.0000000e+00
   9.6641423e-03   3.1315465e-02   0.0000000e+00   0.0000000e+00   2.1251018e-01   1.4421174e+00   9.7863667e+00   0.0000000e+00
   9.6641423e-03   0.0000000e+00   3.1315465e-02   0.0000000e+00   2.1251018e-01   1.4421174e+00   9.7863667e+00   0.0000000e+00
   1.4949903e-03   4.8443323e-03   3.2874170e-02   0.0000000e+00   2.2308772e-01   1.5138977e+00   1.0273476e+01   0.0000000e+00
   9.6641423e-03   0.0000000e+00   0.0000000e+00   3.1315465e-02   2.1251018e-01   1.4421174e+00   9.7863667e+00   0.0000000e+00
   1.4949903e-03   4.8443323e-03   0.0000000e+00   3.2874170e-02   2.2308772e-01   1.5138977e+00   1.0273476e+01   0.0000000e+00
   1.4949903e-03   0.0000000e+00   4.8443323e-03   3.2874170e-02   2.2308772e-01   1.5138977e+00   1.0273476e+01   0.0000000e+00
   2.3144762e-04   7.4997756e-04   5.0894300e-03   3.4537430e-02   2.3437478e-01   1.5904930e+00   1.0793260e+01   0.0000000e+00
   2.6225312e+00   0.0000000e+00   0.0000000e+00   0.0000000e+00   0.0000000e+00   0.0000000e+00   0.0000000e+00   8.4979899e+00
   4.0477129e-01   1.3116116e+00   0.0000000e+00   0.0000000e+00   0.0000000e+00   0.0000000e+00   0.0000000e+00   8.9007403e+00
   4.0477129e-01   0.0000000e+00   1.3116116e+00   0.0000000e+00   0.0000000e+00   0.0000000e+00   0.0000000e+00   8.9007403e+00
   6.2520464e-02   2.0258988e-01   1.3747971e+00   0.0000000e+00   0.0000000e+00   0.0000000e+00   0.0000000e+00   9.3295240e+00
   4.0477129e-01   0.0000000e+00   0.0000000e+00   1.3116116e+00   0.0000000e+00   0.0000000e+00   0.0000000e+00   8.9007403e+00
   6.2520464e-02   2.0258988e-01   0.0000000e+00   1.3747971e+00   0.0000000e+00   0.0000000e+00   0.0000000e+00   9.3295240e+00
   6.2520464e-02   0.0000000e+00   2.0258988e-01   1.3747971e+00   0.0000000e+00   0.0000000e+00   0.0000000e+00   9.3295240e+00
   9.6641423e-03   3.1315465e-02   2.1251018e-01   1.4421174e+00   0.0000000e+00   0.0000000e+00   0.0000000e+00   9.7863667e+00
   4.0477129e-01   0.0000000e+00   0.0000000e+00   0.0000000e+00   1.3116116e+00   0.0000000e+00   0.0000000e+00   8.9007403e+00
   6.2520464e-02   2.0258988e-01   0.0000000e+00   0.0000000e+00   1.3747971e+00   0.0000000e+00   0.0000000e+00   9.3295240e+00
   6.2520464e-02   0.0000000e+00   2.0258988e-01   0.0000000e+00   1.3747971e+00   0.0000000e+00   0.0000000e+00   9.3295240e+00
   9.6641423e-03   3.1315465e-02   2.1251018e-01   0.0000000e+00   1.4421174e+00   0.0000000e+00   0.0000000e+00   9.7863667e+00
   6.2520464e-02   0.0000000e+00   0.0000000e+00   2.0258988e-01   1.3747971e+00   0.0000000e+00   0.0000000e+00   9.3295240e+00
   9.6641423e-03   3.1315465e-02   0.0000000e+00   2.1251018e-01   1.4421174e+00   0.0000000e+00   0.0000000e+00   9.7863667e+00
   9.6641423e-03   0.0000000e+00   3.1315465e-02   2.1251018e-01   1.4421174e+00   0.0000000e+00   0.0000000e+00   9.7863667e+00
   1.4949903e-03   4.8443323e-03   3.2874170e-02   2.2308772e-01   1.5138977e+00   0.0000000e+00   0.0000000e+00   1.0273476e+01
   4.0477129e-01   0.0000000e+00   0.0000000e+00   0.0000000e+00   0.0000000e+00   1.3116116e+00   0.0000000e+00   8.9007403e+00
   6.2520464e-02   2.0258988e-01   0.0000000e+00   0.0000000e+00   0.0000000e+00   1.3747971e+00   0.0000000e+00   9.3295240e+00
   6.2520464e-02   0.0000000e+00   2.0258988e-01   0.0000000e+00   0.0000000e+00   1.3747971e+00   0.0000000e+00   9.3295240e+00
   9.6641423e-03   3.1315465e-02   2.1251018e-01   0.0000000e+00   0.0000000e+00   1.4421174e+00   0.0000000e+00   9.7863667e+00
   6.2520464e-02   0.0000000e+00   0.0000000e+00   2.0258988e-01   0.0000000e+00   1.3747971e+00   0.0000000e+00   9.3295240e+00
   9.6641423e-03   3.1315465e-02   0.0000000e+00   2.1251018e-01   0.0000000e+00   1.4421174e+00   0.0000000e+00   9.7863667e+00
   9.6641423e-03   0.0000000e+00   3.1315465e-02   2.1251018e-01   0.0000000e+00   1.4421174e+00   0.0000000e+00   9.7863667e+00
   1.4949903e-03   4.8443323e-03   3.2874170e-02   2.2308772e-01   0.0000000e+00   1.5138977e+00   0.0000000e+00   1.0273476e+01
   6.2520464e-02   0.0000000e+00   0.0000000e+00   0.0000000e+00   2.0258988e-01   1.3747971e+00   0.0000000e+00   9.3295240e+00
   9.6641423e-03   3.1315465e-02   0.0000000e+00   0.0000000e+00   2.1251018e-01   1.4421174e+00   0.0000000e+00   9.7863667e+00
   9.6641423e-03   0.0000000e+00   3.1315465e-02   0.0000000e+00   2.1251018e-01   1.4421174e+00   0.0000000e+00   9.7863667e+00
   1.4949903e-03   4.8443323e-03   3.2874170e-02   0.0000000e+00   2.2308772e-01   1.5138977e+00   0.0000000e+00   1.0273476e+01
   9.6641423e-03   0.0000000e+00   0.0000000e+00   3.1315465e-02   2.1251018e-01   1.4421174e+00   0.0000000e+00   9.7863667e+00
   1.4949903e-03   4.8443323e-03   0.0000000e+00   3.2874170e-02   2.2308772e-01   1.5138977e+00   0.0000000e+00   1.0273476e+01
   1.4949903e-03   0.0000000e+00   4.8443323e-03   3.2874170e-02   2.2308772e-01   1.5138977e+00   0.0000000e+00   1.0273476e+01
   2.3144762e-04   7.4997756e-04   5.0894300e-03   3.4537430e-02   2.3437478e-01   1.5904930e+00   0.0000000e+00   1.0793260e+01
   4.0477129e-01   0.0000000e+00   0.0000000e+00   0.0000000e+00   0.0000000e+00   0.0000000e+00   1.3116116e+00   8.9007403e+00
   6.2520464e-02   2.0258988e-01   0.0000000e+00   0.0000000e+00   0.0000000e+00   0.0000000e+00   1.3747971e+00   9.3295240e+00
   6.2520464e-02   0.0000000e+00   2.0258988e-01   0.0000000e+00   0.0000000e+00   0.0000000e+00   1.3747971e+00   9.3295240e+00
   9.6641423e-03   3.1315465e-02   2.1251018e-01   0.0000000e+00   0.0000000e+00   0.0000000e+00   1.4421174e+00   9.7863667e+00
   6.2520464e-02   0.0000000e+00   0.0000000e+00   2.0258988e-01   0.0000000e+00   0.0000000e+00   1.3747971e+00   9.3295240e+00
   9.6641423e-03   3.1315465e-02   0.0000000e+00   2.1251018e-01   0.0000000e+00   0.0000000e+00   1.4421174e+00   9.7863667e+00
   9.6641423e-03   0.0000000e+00   3.1315465e-02   2.1251018e-01   0.0000000e+00   0.0000000e+00   1.4421174e+00   9.7863667e+00
   1.4949903e-03   4.8443323e-03   3.2874170e-02   2.2308772e-01   0.0000000e+00   0.0000000e+00   1.5138977e+00   1.0273476e+01
   6.2520464e-02   0.0000000e+00   0.0000000e+00   0.0000000e+00   2.0258988e-01   0.0000000e+00   1.3747971e+00   9.3295240e+00
   9.6641423e-03   3.1315465e-02   0.0000000e+00   0.0000000e+00   2.1251018e-01   0.0000000e+00   1.4421174e+00   9.7863667e+00
   9.6641423e-03   0.0000000e+00   3.1315465e-02   0.0000000e+00   2.1251018e-01   0.0000000e+00   1.4421174e+00   9.7863667e+00
   1.4949903e-03   4.8443323e-03   3.2874170e-02   0.0000000e+00   2.2308772e-01   0.0000000e+00   1.5138977e+00   1.0273476e+01
   9.6641423e-03   0.0000000e+00   0.0000000e+00   3.1315465e-02   2.1251018e-01   0.0000000e+00   1.4421174e+00   9.7863667e+00
   1.4949903e-03   4.8443323e-03   0.0000000e+00   3.2874170e-02   2.2308772e-01   0.0000000e+00   1.5138977e+00   1.0273476e+01
   1.4949903e-03   0.0000000e+00   4.8443323e-03   3.2874170e-02   2.2308772e-01   0.0000000e+00   1.5138977e+00   1.0273476e+01
   2.3144762e-04   7.4997756e-04   5.0894300e-03   3.4537430e-02   2.3437478e-01   0.0000000e+00   1.5904930e+00   1.0793260e+01
   6.2520464e-02   0.0000000e+00   0.0000000e+00   0.0000000e+00   0.0000000e+00   2.0258988e-01   1.3747971e+00   9.3295240e+00
   9.6641423e-03   3.1315465e-02   0.0000000e+00   0.0000000e+00   0.0000000e+00   2.1251018e-01   1.4421174e+00   9.7863667e+00
   9.6641423e-03   0.0000000e+00   3.1315465e-02   0.0000000e+00   0.0000000e+00   2.1251018e-01   1.4421174e+00   9.7863667e+00
   1.4949903e-03   4.8443323e-03   3.2874170e-02   0.0000000e+00   0.0000000e+00   2.2308772e-01   1.5138977e+00   1.0273476e+01
   9.6641423e-03   0.0000000e+00   0.0000000e+00   3.1315465e-02   0.0000000e+00   2.1251018e-01   1.4421174e+00   9.7863667e+00
   1.4949903e-03   4.8443323e-03   0.0000000e+00   3.2874170e-02   0.0000000e+00   2.2308772e-01   1.5138977e+00   1.0273476e+01
   1.4949903e-03   0.0000000e+00   4.8443323e-03   3.2874170e-02   0.0000000e+00   2.2308772e-01   1.5138977e+00   1.0273476e+01
   2.3144762e-04   7.4997756e-04   5.0894300e-03   3.4537430e-02   0.0000000e+00   2.3437478e-01   1.5904930e+00   1.0793260e+01
   9.6641423e-03   0.0000000e+00   0.0000000e+00   0.0000000e+00   3.1315465e-02   2.1251018e-01   1.4421174e+00   9.7863667e+00
   1.4949903e-03   4.8443323e-03   0.0000000e+00   0.0000000e+00   3.2874170e-02   2.2308772e-01   1.5138977e+00   1.0273476e+01
   1.4949903e-03   0.0000000e+00   4.8443323e-03   0.0000000e+00   3.2874170e-02   2.2308772e-01   1.5138977e+00   1.0273476e+01
   2.3144762e-04   7.4997756e-04   5.0894300e-03   0.0000000e+00   3.4537430e-02   2.3437478e-01   1.5904930e+00   1.0793260e+01
   1.4949903e-03   0.0000000e+00   0.0000000e+00   4.8443323e-03   3.2874170e-02   2.2308772e-01   1.5138977e+00   1.0273476e+01
   2.3144762e-04   7.4997756e-04   0.0000000e+00   5.0894300e-03   3.4537430e-02   2.3437478e-01   1.5904930e+00   1.0793260e+01
   2.3144762e-04   0.0000000e+00   7.4997756e-04   5.0894300e-03   3.4537430e-02   2.3437478e-01   1.5904930e+00   1.0793260e+01
   3.5860127e-05   1.1620033e-04   7.8854820e-04   5.3511746e-03   3.6313657e-02   2.4642846e-01   1.6722905e+00   1.1348347e+01
