   1.7491035e-01   1.9438671e-02   3.0763454e-02   4.8685947e-02   7.7049910e-02
   1.9438671e-02   1.7491035e-01   3.0763454e-02   4.8685947e-02   7.7049910e-02
   1.9438671e-02   2.1603179e-03   2.7681143e-01   4.8685947e-02   7.7049910e-02
   2.1603179e-03   1.9438671e-02   2.7681143e-01   4.8685947e-02   7.7049910e-02
   1.9438671e-02   2.1603179e-03   3.4188983e-03   4.3807911e-01   7.7049910e-02
   2.1603179e-03   1.9438671e-02   3.4188983e-03   4.3807911e-01   7.7049910e-02
   2.1603179e-03   2.4008705e-04   3.0763454e-02   4.3807911e-01   7.7049910e-02
   2.4008705e-04   2.1603179e-03   3.0763454e-02   4.3807911e-01   7.7049910e-02
   1.9438671e-02   2.1603179e-03   3.4188983e-03   5.4107155e-03   6.9329978e-01
   2.1603179e-03   1.9438671e-02   3.4188983e-03   5.4107155e-03   6.9329978e-01
   2.1603179e-03   2.4008705e-04   3.0763454e-02   5.4107155e-03   6.9329978e-01
   2.4008705e-04   2.1603179e-03   3.0763454e-02   5.4107155e-03   6.9329978e-01
   2.1603179e-03   2.4008705e-04   3.7995945e-04   4.8685947e-02   6.9329978e-01
   2.4008705e-04   2.1603179e-03   3.7995945e-04   4.8685947e-02   6.9329978e-01
   2.4008705e-04   2.6682088e-05   3.4188983e-03   4.8685947e-02   6.9329978e-01
   2.6682088e-05   2.4008705e-04   3.4188983e-03   4.8685947e-02   6.9329978e-01
